N1742	opposes 1.0	opposes 1.0	opposes 0.6800106897247138 favors 0.3173294268967898 __DUMMY__ 0.00265988337849647	false	1.0
N1743	opposes 1.0	opposes 1.0	opposes 0.7177143933462887 favors 0.2793062072228628 __DUMMY__ 0.0029793994308484925	false	1.0
N1740	favors 1.0	favors 1.0	favors 0.737502323658997 opposes 0.25976621525929094 __DUMMY__ 0.0027314610817119494	false	1.0
N1741	opposes 1.0	opposes 1.0	opposes 0.7103272544308239 favors 0.28667442367657775 __DUMMY__ 0.002998321892598359	false	1.0
N1746	opposes 1.0	opposes 1.0	opposes 0.673816716193677 favors 0.32355458542286664 __DUMMY__ 0.002628698383456401	false	1.0
N1747	opposes 1.0		favors 0.5093114245763131 opposes 0.4781170265422544 __DUMMY__ 0.012571548881432507	true	0.5
N1744	favors 1.0		favors 0.5218327476363309 opposes 0.4653670399323608 __DUMMY__ 0.012800212431308357	true	1.0
N1745	favors 1.0	favors 1.0	favors 0.7503280680809092 opposes 0.24660068244563718 __DUMMY__ 0.0030712494734535262	false	1.0
N1748	opposes 1.0	opposes 1.0	opposes 0.7106271430891821 favors 0.28669247867740894 __DUMMY__ 0.002680378233409024	false	1.0
N1749	favors 1.0	favors 1.0	favors 0.787473554591234 opposes 0.20990895237490428 __DUMMY__ 0.002617493033861777	false	1.0
N1731	opposes 1.0	opposes 1.0	opposes 0.7235297185254687 favors 0.2737781197570685 __DUMMY__ 0.0026921617174628125	false	1.0
N1732	opposes 1.0	opposes 1.0	opposes 0.6953176486177257 favors 0.3017217307034345 __DUMMY__ 0.0029606206788397606	false	1.0
N1730	favors 1.0	favors 1.0	favors 0.7431620013493898 opposes 0.25401109868877253 __DUMMY__ 0.002826899961837756	false	1.0
N1735	opposes 1.0	opposes 1.0	opposes 0.7095959192945694 favors 0.2876268500550966 __DUMMY__ 0.0027772306503340534	false	1.0
N1736	favors 1.0	favors 1.0	favors 0.750334815630541 opposes 0.24686804986391114 __DUMMY__ 0.002797134505547814	false	1.0
N1733	opposes 1.0		favors 0.5190536199394693 opposes 0.4687243849697873 __DUMMY__ 0.012221995090743353	true	0.5
N1734	favors 1.0	favors 1.0	favors 0.7596738390083707 opposes 0.23725053515417394 __DUMMY__ 0.0030756258374552933	false	1.0
N1739	favors 1.0		favors 0.5770092484994841 opposes 0.4106399866245902 __DUMMY__ 0.012350764875925705	true	1.0
N1737	favors 1.0		favors 0.5411392886750638 opposes 0.44589954430425865 __DUMMY__ 0.01296116702067751	true	1.0
N1738	opposes 1.0	opposes 1.0	opposes 0.7393251534872075 favors 0.25801717974847876 __DUMMY__ 0.0026576667643136796	false	1.0
N1720	opposes 1.0	opposes 1.0	opposes 0.7273759081760164 favors 0.26989263074227166 __DUMMY__ 0.002731461081711949	false	1.0
N1721	opposes 1.0	opposes 1.0	opposes 0.7103272544308239 favors 0.2866744236765778 __DUMMY__ 0.002998321892598358	false	1.0
N1724	favors 1.0	favors 1.0	favors 0.7487364931092615 opposes 0.24824103241499745 __DUMMY__ 0.0030224744757410544	false	1.0
N1725	favors 1.0	favors 1.0	favors 0.7503280680809092 opposes 0.24660068244563718 __DUMMY__ 0.0030712494734535262	false	1.0
N1722	favors 1.0	favors 1.0	favors 0.7860313863005203 opposes 0.2113087303209833 __DUMMY__ 0.0026598833784964703	false	1.0
N1723	favors 1.0		favors 0.5233607541364586 opposes 0.4639307573388978 __DUMMY__ 0.012708488524643746	true	1.0
N1728	opposes 1.0		favors 0.53491529764752 opposes 0.4530341356408597 __DUMMY__ 0.01205056671162046	true	0.5
N1729	favors 1.0	favors 1.0	favors 0.787473554591234 opposes 0.20990895237490428 __DUMMY__ 0.002617493033861777	false	1.0
N1726	favors 1.0	favors 1.0	favors 0.7923373717682104 opposes 0.20503392984833324 __DUMMY__ 0.0026286983834564012	false	1.0
N1727	opposes 1.0	opposes 1.0	opposes 0.7249319769083992 favors 0.27214592598627324 __DUMMY__ 0.002922097105327565	false	1.0
N1710	favors 1.0		favors 0.5128054934427553 opposes 0.47482794319156474 __DUMMY__ 0.01236656336567995	true	1.0
N1713	opposes 1.0	opposes 1.0	opposes 0.7190164790122492 favors 0.27821005538167587 __DUMMY__ 0.002773465606074952	false	1.0
N1714	favors 1.0		favors 0.5425598197854135 opposes 0.44455174102649325 __DUMMY__ 0.012888439188093369	true	1.0
N1711	favors 1.0		favors 0.5112435241079566 opposes 0.47666565044972925 __DUMMY__ 0.012090825442314124	true	1.0
N1712	favors 1.0	favors 1.0	favors 0.7715977982229851 opposes 0.22544158109817505 __DUMMY__ 0.0029606206788397598	false	1.0
N1717	favors 1.0	favors 1.0	favors 0.75879066953184 opposes 0.23808871592337857 __DUMMY__ 0.0031206145447812894	false	1.0
N1718	opposes 1.0	opposes 1.0	opposes 0.7393251534872075 favors 0.25801717974847876 __DUMMY__ 0.0026576667643136796	false	1.0
N1715	favors 1.0	favors 1.0	favors 0.7556996659003463 opposes 0.24152310344931968 __DUMMY__ 0.002777230650334054	false	1.0
N1716	favors 1.0		favors 0.5256778472761625 opposes 0.4619850752393693 __DUMMY__ 0.012337077484468146	true	1.0
N1719	favors 1.0	favors 1.0	favors 0.7778311511354892 opposes 0.21936820730448556 __DUMMY__ 0.0028006415600253564	false	1.0
N1782	favors 1.0	favors 1.0	favors 0.7494308783077135 opposes 0.24758972226143802 __DUMMY__ 0.002979399430848492	false	1.0
N1783	favors 1.0	favors 1.0	favors 0.7487364931092615 opposes 0.24824103241499745 __DUMMY__ 0.0030224744757410544	false	1.0
N1780	opposes 1.0		favors 0.5380598474699778 opposes 0.4491554394005116 __DUMMY__ 0.01278471312951063	true	0.5
N1781	opposes 1.0	opposes 1.0	opposes 0.6800106897247138 favors 0.3173294268967898 __DUMMY__ 0.00265988337849647	false	1.0
N1786	opposes 1.0	opposes 1.0	opposes 0.7249319769083992 favors 0.27214592598627324 __DUMMY__ 0.002922097105327565	false	1.0
N1302	favors 1.0	favors 1.0	favors 0.7503280680809092 opposes 0.24660068244563718 __DUMMY__ 0.0030712494734535262	false	1.0
N1303	favors 1.0		favors 0.6047683351780863 opposes 0.38323687241967264 __DUMMY__ 0.011994792402241241	true	1.0
N1787	opposes 1.0	opposes 1.0	opposes 0.7106271430891821 favors 0.28669247867740894 __DUMMY__ 0.002680378233409024	false	1.0
N1300	favors 1.0	favors 1.0	favors 0.7494308783077135 opposes 0.24758972226143805 __DUMMY__ 0.002979399430848492	false	1.0
N1784	favors 1.0		favors 0.5265671380495494 opposes 0.46062759613209675 __DUMMY__ 0.012805265818353775	true	1.0
N1301	opposes 1.0	opposes 1.0	opposes 0.7186159667719204 favors 0.27836155875233864 __DUMMY__ 0.0030224744757410553	false	1.0
N1785	opposes 1.0		favors 0.6047683351780863 opposes 0.38323687241967264 __DUMMY__ 0.011994792402241241	true	0.5
N1306	opposes 1.0	opposes 1.0	opposes 0.6777447045313806 favors 0.31963780243475765 __DUMMY__ 0.0026174930338617765	false	1.0
N1307	favors 1.0		favors 0.5128054934427553 opposes 0.47482794319156474 __DUMMY__ 0.01236656336567995	true	1.0
N1304	favors 1.0	favors 1.0	favors 0.7416003972768836 opposes 0.25547750561778887 __DUMMY__ 0.002922097105327565	false	1.0
N1788	favors 1.0		favors 0.5964032096995019 opposes 0.39166332705404266 __DUMMY__ 0.011933463246455464	true	1.0
N1789	opposes 1.0	opposes 1.0	opposes 0.7228457623523097 favors 0.2743273376858525 __DUMMY__ 0.002826899961837755	false	1.0
N1305	favors 1.0	favors 1.0	favors 0.7545120928010782 opposes 0.24280752896551278 __DUMMY__ 0.0026803782334090236	false	1.0
N1308	opposes 1.0	opposes 1.0	opposes 0.7235297185254687 favors 0.2737781197570685 __DUMMY__ 0.0026921617174628125	false	1.0
N1309	opposes 1.0	opposes 1.0	opposes 0.6953176486177257 favors 0.3017217307034345 __DUMMY__ 0.00296062067883976	false	1.0
N1771	favors 1.0	favors 1.0	favors 0.7715977982229851 opposes 0.2254415810981751 __DUMMY__ 0.00296062067883976	false	1.0
N1772	opposes 1.0		favors 0.5190536199394694 opposes 0.4687243849697873 __DUMMY__ 0.012221995090743353	true	0.5
N1770	opposes 1.0		favors 0.5112435241079566 opposes 0.4766656504497293 __DUMMY__ 0.012090825442314128	true	0.5
N1775	favors 1.0	favors 1.0	favors 0.750334815630541 opposes 0.24686804986391114 __DUMMY__ 0.002797134505547814	false	1.0
N1776	favors 1.0		favors 0.5411392886750638 opposes 0.44589954430425877 __DUMMY__ 0.012961167020677511	true	1.0
N1773	favors 1.0		favors 0.5425598197854135 opposes 0.44455174102649325 __DUMMY__ 0.012888439188093367	true	1.0
N1774	opposes 1.0	opposes 1.0	opposes 0.7095959192945694 favors 0.2876268500550966 __DUMMY__ 0.0027772306503340534	false	1.0
N1779	favors 1.0		favors 0.5033755051915265 opposes 0.48448867583451083 __DUMMY__ 0.012135818973962705	true	1.0
N1777	favors 1.0	favors 1.0	favors 0.7245224894535839 opposes 0.2728198437821024 __DUMMY__ 0.0026576667643136796	false	1.0
N1778	favors 1.0	favors 1.0	favors 0.7778311511354892 opposes 0.21936820730448556 __DUMMY__ 0.0028006415600253564	false	1.0
N901	favors 1.0	favors 1.0	favors 0.7487364931092615 opposes 0.24824103241499745 __DUMMY__ 0.003022474475741055	false	1.0
N902	favors 1.0		favors 0.5265671380495495 opposes 0.46062759613209675 __DUMMY__ 0.012805265818353773	true	1.0
N903	opposes 1.0	opposes 1.0	opposes 0.6738167161936771 favors 0.3235545854228665 __DUMMY__ 0.0026286983834564004	false	1.0
N904	opposes 1.0		favors 0.5093114245763131 opposes 0.4781170265422544 __DUMMY__ 0.01257154888143251	true	0.5
N1760	opposes 1.0	opposes 1.0	opposes 0.7103272544308239 favors 0.28667442367657775 __DUMMY__ 0.0029983218925983593	false	1.0
N1761	opposes 1.0	opposes 1.0	opposes 0.6800106897247138 favors 0.3173294268967898 __DUMMY__ 0.00265988337849647	false	1.0
N900	favors 1.0	favors 1.0	favors 0.7494308783077135 opposes 0.24758972226143805 __DUMMY__ 0.002979399430848492	false	1.0
N909	favors 1.0		favors 0.5651018250945611 opposes 0.42223491775266925 __DUMMY__ 0.0126632571527697	true	1.0
N1764	favors 1.0	favors 1.0	favors 0.7503280680809092 opposes 0.24660068244563718 __DUMMY__ 0.0030712494734535262	false	1.0
N1765	opposes 1.0	opposes 1.0	opposes 0.673816716193677 favors 0.32355458542286664 __DUMMY__ 0.002628698383456401	false	1.0
N1762	favors 1.0	favors 1.0	favors 0.7494308783077135 opposes 0.24758972226143802 __DUMMY__ 0.002979399430848492	false	1.0
N1763	opposes 1.0		favors 0.5218327476363309 opposes 0.4653670399323608 __DUMMY__ 0.012800212431308357	true	0.5
N1768	favors 1.0		favors 0.5964032096995019 opposes 0.39166332705404266 __DUMMY__ 0.011933463246455464	true	1.0
N905	opposes 1.0	opposes 1.0	opposes 0.7106271430891821 favors 0.28669247867740894 __DUMMY__ 0.002680378233409024	false	1.0
N906	favors 1.0	favors 1.0	favors 0.7874735545912339 opposes 0.20990895237490428 __DUMMY__ 0.0026174930338617765	false	1.0
N1769	opposes 1.0	opposes 1.0	opposes 0.7228457623523097 favors 0.27432733768585255 __DUMMY__ 0.002826899961837756	false	1.0
N1766	opposes 1.0	opposes 1.0	opposes 0.7249319769083992 favors 0.27214592598627324 __DUMMY__ 0.002922097105327565	false	1.0
N907	opposes 1.0		favors 0.5128054934427553 opposes 0.47482794319156474 __DUMMY__ 0.01236656336567995	true	0.5
N908	opposes 1.0		favors 0.5112435241079566 opposes 0.4766656504497293 __DUMMY__ 0.012090825442314124	true	0.5
N1767	opposes 1.0	opposes 1.0	opposes 0.7106271430891821 favors 0.28669247867740894 __DUMMY__ 0.002680378233409024	false	1.0
N1750	opposes 1.0	opposes 1.0	opposes 0.7228457623523097 favors 0.27432733768585255 __DUMMY__ 0.002826899961837756	false	1.0
N1753	favors 1.0	favors 1.0	favors 0.7596738390083707 opposes 0.23725053515417394 __DUMMY__ 0.0030756258374552933	false	1.0
N1754	opposes 1.0	opposes 1.0	opposes 0.7095959192945694 favors 0.2876268500550966 __DUMMY__ 0.0027772306503340534	false	1.0
N1751	opposes 1.0	opposes 1.0	opposes 0.7235297185254687 favors 0.2737781197570685 __DUMMY__ 0.002692161717462813	false	1.0
N1752	opposes 1.0		favors 0.5190536199394693 opposes 0.4687243849697873 __DUMMY__ 0.012221995090743353	true	0.5
N1757	favors 1.0	favors 1.0	favors 0.7245224894535839 opposes 0.2728198437821024 __DUMMY__ 0.0026576667643136796	false	1.0
N1758	favors 1.0		favors 0.5770092484994841 opposes 0.4106399866245902 __DUMMY__ 0.012350764875925705	true	1.0
N1755	favors 1.0		favors 0.5256778472761625 opposes 0.4619850752393693 __DUMMY__ 0.012337077484468146	true	1.0
N1756	favors 1.0	favors 1.0	favors 0.75879066953184 opposes 0.2380887159233786 __DUMMY__ 0.00312061454478129	false	1.0
N1759	favors 1.0	favors 1.0	favors 0.737502323658997 opposes 0.25976621525929106 __DUMMY__ 0.002731461081711949	false	1.0
N923	favors 1.0	favors 1.0	favors 0.7923373717682104 opposes 0.2050339298483332 __DUMMY__ 0.002628698383456401	false	1.0
N924	opposes 1.0	opposes 1.0	opposes 0.7249319769083992 favors 0.27214592598627324 __DUMMY__ 0.002922097105327565	false	1.0
N925	opposes 1.0	opposes 1.0	opposes 0.7106271430891821 favors 0.28669247867740894 __DUMMY__ 0.002680378233409024	false	1.0
N926	favors 1.0		favors 0.5964032096995019 opposes 0.39166332705404266 __DUMMY__ 0.011933463246455464	true	1.0
N1342	favors 1.0	favors 1.0	favors 0.7503280680809092 opposes 0.24660068244563718 __DUMMY__ 0.0030712494734535262	false	1.0
N1343	favors 1.0	favors 1.0	favors 0.7923373717682104 opposes 0.2050339298483332 __DUMMY__ 0.002628698383456401	false	1.0
N920	favors 1.0	favors 1.0	favors 0.7494308783077135 opposes 0.24758972226143805 __DUMMY__ 0.002979399430848492	false	1.0
N921	favors 1.0	favors 1.0	favors 0.7487364931092615 opposes 0.24824103241499745 __DUMMY__ 0.003022474475741055	false	1.0
N1340	favors 1.0	favors 1.0	favors 0.7494308783077135 opposes 0.24758972226143805 __DUMMY__ 0.002979399430848492	false	1.0
N1341	favors 1.0	favors 1.0	favors 0.7487364931092615 opposes 0.24824103241499745 __DUMMY__ 0.003022474475741055	false	1.0
N922	favors 1.0		favors 0.5265671380495494 opposes 0.46062759613209675 __DUMMY__ 0.012805265818353773	true	1.0
N1346	favors 1.0	favors 1.0	favors 0.7874735545912339 opposes 0.20990895237490423 __DUMMY__ 0.0026174930338617765	false	1.0
N1347	opposes 1.0	opposes 1.0	opposes 0.7228457623523097 favors 0.27432733768585255 __DUMMY__ 0.002826899961837756	false	1.0
N1344	opposes 1.0	opposes 1.0	opposes 0.7249319769083992 favors 0.27214592598627324 __DUMMY__ 0.002922097105327565	false	1.0
N1345	opposes 1.0	opposes 1.0	opposes 0.7106271430891821 favors 0.28669247867740894 __DUMMY__ 0.002680378233409024	false	1.0
N927	opposes 1.0		favors 0.5128054934427553 opposes 0.47482794319156474 __DUMMY__ 0.01236656336567995	true	0.5
N928	favors 1.0	favors 1.0	favors 0.7420466143657442 opposes 0.255261223916793 __DUMMY__ 0.002692161717462815	false	1.0
N929	favors 1.0	favors 1.0	favors 0.7715977982229851 opposes 0.2254415810981751 __DUMMY__ 0.00296062067883976	false	1.0
N1348	favors 1.0	favors 1.0	favors 0.771597798222985 opposes 0.2254415810981751 __DUMMY__ 0.0029606206788397606	false	1.0
N1349	favors 1.0		favors 0.5190536199394692 opposes 0.4687243849697874 __DUMMY__ 0.012221995090743353	true	1.0
N912	opposes 1.0	opposes 1.0	opposes 0.7095959192945693 favors 0.28762685005509653 __DUMMY__ 0.002777230650334052	false	1.0
N913	favors 1.0	favors 1.0	favors 0.7503348156305409 opposes 0.24686804986391117 __DUMMY__ 0.002797134505547817	false	1.0
N914	favors 1.0	favors 1.0	favors 0.75879066953184 opposes 0.23808871592337863 __DUMMY__ 0.0031206145447812876	false	1.0
N915	favors 1.0	favors 1.0	favors 0.724522489453584 opposes 0.2728198437821024 __DUMMY__ 0.00265766676431368	false	1.0
N1331	favors 1.0	favors 1.0	favors 0.7596738390083707 opposes 0.23725053515417394 __DUMMY__ 0.0030756258374552933	false	1.0
N1332	favors 1.0		favors 0.5369093267708114 opposes 0.45084808008512123 __DUMMY__ 0.012242593144067431	true	1.0
N910	opposes 1.0	opposes 1.0	opposes 0.7190164790122492 favors 0.27821005538167587 __DUMMY__ 0.0027734656060749525	false	1.0
N1330	opposes 1.0	opposes 1.0	opposes 0.7190164790122492 favors 0.27821005538167587 __DUMMY__ 0.002773465606074952	false	1.0
N911	favors 1.0		favors 0.5425598197854135 opposes 0.44455174102649325 __DUMMY__ 0.012888439188093369	true	1.0
N1335	opposes 1.0		opposes 0.5077990265288796 favors 0.4802469922157484 __DUMMY__ 0.011953981255371917	true	1.0
N1336	favors 1.0		favors 0.5770092484994841 opposes 0.4106399866245902 __DUMMY__ 0.012350764875925707	true	1.0
N1333	favors 1.0	favors 1.0	favors 0.750334815630541 opposes 0.24686804986391114 __DUMMY__ 0.002797134505547814	false	1.0
N1334	favors 1.0	favors 1.0	favors 0.7587906695318402 opposes 0.23808871592337855 __DUMMY__ 0.0031206145447812894	false	1.0
N916	favors 1.0	favors 1.0	favors 0.7778311511354892 opposes 0.21936820730448553 __DUMMY__ 0.0028006415600253564	false	1.0
N1339	opposes 1.0	opposes 1.0	opposes 0.6800106897247138 favors 0.3173294268967898 __DUMMY__ 0.00265988337849647	false	1.0
N917	favors 1.0	favors 1.0	favors 0.737502323658997 opposes 0.25976621525929106 __DUMMY__ 0.0027314610817119485	false	1.0
N1337	favors 1.0		favors 0.5033755051915265 opposes 0.48448867583451083 __DUMMY__ 0.012135818973962705	true	1.0
N918	opposes 1.0		favors 0.5380598474699777 opposes 0.4491554394005116 __DUMMY__ 0.012784713129510626	true	0.5
N919	opposes 1.0	opposes 1.0	opposes 0.6800106897247138 favors 0.3173294268967898 __DUMMY__ 0.00265988337849647	false	1.0
N1338	opposes 1.0		favors 0.5380598474699778 opposes 0.4491554394005115 __DUMMY__ 0.012784713129510626	true	0.5
N940	opposes 1.0		favors 0.5233607541364583 opposes 0.4639307573388978 __DUMMY__ 0.012708488524643742	true	0.5
N945	favors 1.0		favors 0.53491529764752 opposes 0.4530341356408597 __DUMMY__ 0.01205056671162046	true	1.0
N946	opposes 1.0	opposes 1.0	opposes 0.6777447045313806 favors 0.31963780243475765 __DUMMY__ 0.0026174930338617765	false	1.0
N947	favors 1.0	favors 1.0	favors 0.7431620013493898 opposes 0.2540110986887725 __DUMMY__ 0.002826899961837756	false	1.0
N948	opposes 1.0	opposes 1.0	opposes 0.7235297185254683 favors 0.27377811975706884 __DUMMY__ 0.0026921617174628146	false	1.0
N941	opposes 1.0		favors 0.5218327476363309 opposes 0.4653670399323608 __DUMMY__ 0.012800212431308359	true	0.5
N1320	opposes 1.0	opposes 1.0	opposes 0.7177143933462887 favors 0.2793062072228628 __DUMMY__ 0.0029793994308484925	false	1.0
N1321	favors 1.0	favors 1.0	favors 0.7487364931092615 opposes 0.24824103241499745 __DUMMY__ 0.003022474475741055	false	1.0
N942	opposes 1.0	opposes 1.0	opposes 0.7150268229943358 favors 0.2819019275322107 __DUMMY__ 0.0030712494734535262	false	1.0
N943	favors 1.0		favors 0.6047683351780861 opposes 0.3832368724196727 __DUMMY__ 0.011994792402241241	true	1.0
N944	favors 1.0	favors 1.0	favors 0.7416003972768836 opposes 0.25547750561778887 __DUMMY__ 0.002922097105327565	false	1.0
N1324	opposes 1.0	opposes 1.0	opposes 0.7249319769083992 favors 0.27214592598627324 __DUMMY__ 0.002922097105327565	false	1.0
N1325	opposes 1.0	opposes 1.0	opposes 0.7106271430891821 favors 0.28669247867740894 __DUMMY__ 0.002680378233409024	false	1.0
N1322	favors 1.0		favors 0.5265671380495494 opposes 0.46062759613209675 __DUMMY__ 0.012805265818353773	true	1.0
N1323	favors 1.0	favors 1.0	favors 0.7923373717682104 opposes 0.2050339298483332 __DUMMY__ 0.002628698383456401	false	1.0
N1328	opposes 1.0	opposes 1.0	opposes 0.7235297185254687 favors 0.2737781197570685 __DUMMY__ 0.0026921617174628125	false	1.0
N949	favors 1.0	favors 1.0	favors 0.7715977982229851 opposes 0.2254415810981751 __DUMMY__ 0.00296062067883976	false	1.0
N1329	favors 1.0	favors 1.0	favors 0.771597798222985 opposes 0.2254415810981751 __DUMMY__ 0.0029606206788397606	false	1.0
N1326	favors 1.0	favors 1.0	favors 0.7874735545912339 opposes 0.20990895237490423 __DUMMY__ 0.0026174930338617765	false	1.0
N1327	opposes 1.0	opposes 1.0	opposes 0.7228457623523097 favors 0.27432733768585255 __DUMMY__ 0.002826899961837756	false	1.0
N934	opposes 1.0	opposes 1.0	opposes 0.7079372756577753 favors 0.28894210979744334 __DUMMY__ 0.003120614544781287	false	1.0
N935	opposes 1.0	opposes 1.0	opposes 0.7393251534872075 favors 0.25801717974847876 __DUMMY__ 0.0026576667643136796	false	1.0
N1790	favors 1.0	favors 1.0	favors 0.7420466143657439 opposes 0.2552612239167933 __DUMMY__ 0.002692161717462813	false	1.0
N936	opposes 1.0		favors 0.5770092484994841 opposes 0.4106399866245902 __DUMMY__ 0.012350764875925705	true	0.5
N937	opposes 1.0	opposes 1.0	opposes 0.7273759081760164 favors 0.26989263074227166 __DUMMY__ 0.002731461081711949	false	1.0
N930	favors 1.0	favors 1.0	favors 0.7459926387253487 opposes 0.25123389566857635 __DUMMY__ 0.002773465606074952	false	1.0
N1793	opposes 1.0	opposes 1.0	opposes 0.7073684187619269 favors 0.2895559554006177 __DUMMY__ 0.0030756258374552933	false	1.0
N1310	opposes 1.0		favors 0.5190536199394692 opposes 0.4687243849697874 __DUMMY__ 0.012221995090743353	true	0.5
N931	opposes 1.0		favors 0.5425598197854135 opposes 0.44455174102649325 __DUMMY__ 0.012888439188093369	true	0.5
N1794	favors 1.0	favors 1.0	favors 0.7556996659003463 opposes 0.24152310344931968 __DUMMY__ 0.002777230650334054	false	1.0
N932	favors 1.0	favors 1.0	favors 0.7556996659003463 opposes 0.24152310344931968 __DUMMY__ 0.0027772306503340534	false	1.0
N1791	favors 1.0	favors 1.0	favors 0.7715977982229851 opposes 0.22544158109817505 __DUMMY__ 0.0029606206788397598	false	1.0
N1792	favors 1.0	favors 1.0	favors 0.7459926387253487 opposes 0.25123389566857635 __DUMMY__ 0.002773465606074952	false	1.0
N933	opposes 1.0	opposes 1.0	opposes 0.7162997047049708 favors 0.2809031607894813 __DUMMY__ 0.002797134505547816	false	1.0
N1797	opposes 1.0	opposes 1.0	opposes 0.7393251534872075 favors 0.25801717974847876 __DUMMY__ 0.002657666764313679	false	1.0
N1313	favors 1.0	favors 1.0	favors 0.750334815630541 opposes 0.24686804986391114 __DUMMY__ 0.002797134505547814	false	1.0
N1314	favors 1.0		favors 0.5411392886750639 opposes 0.44589954430425865 __DUMMY__ 0.012961167020677513	true	1.0
N1798	favors 1.0	favors 1.0	favors 0.7778311511354892 opposes 0.21936820730448556 __DUMMY__ 0.0028006415600253564	false	1.0
N1311	favors 1.0	favors 1.0	favors 0.7596738390083707 opposes 0.23725053515417394 __DUMMY__ 0.0030756258374552933	false	1.0
N1795	opposes 1.0	opposes 1.0	opposes 0.716299704704971 favors 0.2809031607894813 __DUMMY__ 0.0027971345055478143	false	1.0
N1796	opposes 1.0	opposes 1.0	opposes 0.7079372756577753 favors 0.28894210979744345 __DUMMY__ 0.0031206145447812894	false	1.0
N1312	opposes 1.0	opposes 1.0	opposes 0.7095959192945694 favors 0.2876268500550966 __DUMMY__ 0.002777230650334053	false	1.0
N1317	favors 1.0		favors 0.5033755051915265 opposes 0.48448867583451083 __DUMMY__ 0.012135818973962705	true	1.0
N938	favors 1.0	favors 1.0	favors 0.7576948871977394 opposes 0.23930679090966228 __DUMMY__ 0.002998321892598358	false	1.0
N939	favors 1.0	favors 1.0	favors 0.7860313863005203 opposes 0.2113087303209833 __DUMMY__ 0.0026598833784964703	false	1.0
N1318	opposes 1.0		favors 0.5380598474699778 opposes 0.4491554394005115 __DUMMY__ 0.012784713129510626	true	0.5
N1315	favors 1.0	favors 1.0	favors 0.7245224894535839 opposes 0.2728198437821024 __DUMMY__ 0.0026576667643136796	false	1.0
N1799	opposes 1.0		favors 0.5033755051915265 opposes 0.48448867583451083 __DUMMY__ 0.012135818973962705	true	0.5
N1316	favors 1.0	favors 1.0	favors 0.7778311511354892 opposes 0.21936820730448556 __DUMMY__ 0.0028006415600253564	false	1.0
N1319	favors 1.0	favors 1.0	favors 0.7860313863005203 opposes 0.2113087303209833 __DUMMY__ 0.0026598833784964703	false	1.0
N960	opposes 1.0	opposes 1.0	opposes 0.7186159667719204 favors 0.27836155875233864 __DUMMY__ 0.0030224744757410553	false	1.0
N961	opposes 1.0	opposes 1.0	opposes 0.7150268229943358 favors 0.2819019275322107 __DUMMY__ 0.0030712494734535262	false	1.0
N962	favors 1.0	favors 1.0	favors 0.7923373717682104 opposes 0.2050339298483332 __DUMMY__ 0.002628698383456401	false	1.0
N967	opposes 1.0	opposes 1.0	opposes 0.7235297185254683 favors 0.27377811975706884 __DUMMY__ 0.0026921617174628146	false	1.0
N1382	opposes 1.0	opposes 1.0	opposes 0.7249319769083992 favors 0.27214592598627324 __DUMMY__ 0.002922097105327565	false	1.0
N968	favors 1.0	favors 1.0	favors 0.7715977982229851 opposes 0.2254415810981751 __DUMMY__ 0.00296062067883976	false	1.0
N1383	opposes 1.0	opposes 1.0	opposes 0.7106271430891821 favors 0.28669247867740894 __DUMMY__ 0.002680378233409024	false	1.0
N969	opposes 1.0	opposes 1.0	opposes 0.7190164790122492 favors 0.27821005538167587 __DUMMY__ 0.0027734656060749525	false	1.0
N1380	favors 1.0	favors 1.0	favors 0.7503280680809092 opposes 0.24660068244563724 __DUMMY__ 0.0030712494734535254	false	1.0
N1381	favors 1.0	favors 1.0	favors 0.7923373717682104 opposes 0.20503392984833327 __DUMMY__ 0.0026286983834564012	false	1.0
N963	favors 1.0		favors 0.5093114245763131 opposes 0.4781170265422544 __DUMMY__ 0.01257154888143251	true	1.0
N1386	favors 1.0		favors 0.5112435241079566 opposes 0.4766656504497293 __DUMMY__ 0.012090825442314128	true	1.0
N1387	favors 1.0	favors 1.0	favors 0.771597798222985 opposes 0.2254415810981751 __DUMMY__ 0.0029606206788397606	false	1.0
N964	favors 1.0	favors 1.0	favors 0.7545120928010782 opposes 0.24280752896551278 __DUMMY__ 0.0026803782334090236	false	1.0
N965	opposes 1.0	opposes 1.0	opposes 0.6777447045313806 favors 0.31963780243475765 __DUMMY__ 0.0026174930338617765	false	1.0
N1384	favors 1.0	favors 1.0	favors 0.7874735545912339 opposes 0.20990895237490423 __DUMMY__ 0.0026174930338617765	false	1.0
N966	favors 1.0	favors 1.0	favors 0.7431620013493898 opposes 0.2540110986887725 __DUMMY__ 0.002826899961837756	false	1.0
N1385	opposes 1.0	opposes 1.0	opposes 0.7228457623523097 favors 0.27432733768585255 __DUMMY__ 0.002826899961837756	false	1.0
N1388	favors 1.0	favors 1.0	favors 0.7459926387253487 opposes 0.25123389566857635 __DUMMY__ 0.002773465606074952	false	1.0
N1389	opposes 1.0		favors 0.5425598197854135 opposes 0.44455174102649325 __DUMMY__ 0.012888439188093369	true	0.5
N950	favors 1.0	favors 1.0	favors 0.7459926387253487 opposes 0.25123389566857635 __DUMMY__ 0.002773465606074952	false	1.0
N951	opposes 1.0	opposes 1.0	opposes 0.7073684187619269 favors 0.2895559554006177 __DUMMY__ 0.0030756258374552933	false	1.0
N956	opposes 1.0		favors 0.5033755051915265 opposes 0.48448867583451083 __DUMMY__ 0.012135818973962705	true	0.5
N1371	opposes 1.0	opposes 1.0	opposes 0.7162997047049708 favors 0.2809031607894814 __DUMMY__ 0.0027971345055478143	false	1.0
N1372	favors 1.0		favors 0.5411392886750638 opposes 0.44589954430425865 __DUMMY__ 0.012961167020677511	true	1.0
N957	favors 1.0	favors 1.0	favors 0.7576948871977394 opposes 0.23930679090966228 __DUMMY__ 0.002998321892598358	false	1.0
N958	favors 1.0	favors 1.0	favors 0.7860313863005203 opposes 0.2113087303209833 __DUMMY__ 0.0026598833784964703	false	1.0
N959	favors 1.0	favors 1.0	favors 0.7494308783077135 opposes 0.24758972226143805 __DUMMY__ 0.002979399430848492	false	1.0
N1370	opposes 1.0	opposes 1.0	opposes 0.7095959192945694 favors 0.2876268500550966 __DUMMY__ 0.002777230650334053	false	1.0
N1375	favors 1.0	favors 1.0	favors 0.737502323658997 opposes 0.25976621525929106 __DUMMY__ 0.002731461081711949	false	1.0
N952	favors 1.0	favors 1.0	favors 0.7556996659003463 opposes 0.24152310344931968 __DUMMY__ 0.0027772306503340534	false	1.0
N1376	opposes 1.0		favors 0.5380598474699777 opposes 0.4491554394005116 __DUMMY__ 0.012784713129510626	true	0.5
N953	opposes 1.0	opposes 1.0	opposes 0.7162997047049708 favors 0.2809031607894813 __DUMMY__ 0.002797134505547816	false	1.0
N954	opposes 1.0	opposes 1.0	opposes 0.7393251534872075 favors 0.25801717974847876 __DUMMY__ 0.0026576667643136796	false	1.0
N1373	favors 1.0	favors 1.0	favors 0.7245224894535839 opposes 0.2728198437821024 __DUMMY__ 0.0026576667643136796	false	1.0
N955	opposes 1.0	opposes 1.0	opposes 0.6889548905711653 favors 0.30824446786880916 __DUMMY__ 0.002800641560025356	false	1.0
N1374	favors 1.0		favors 0.5770092484994841 opposes 0.4106399866245902 __DUMMY__ 0.012350764875925705	true	1.0
N1379	favors 1.0		favors 0.5218327476363309 opposes 0.4653670399323608 __DUMMY__ 0.012800212431308357	true	1.0
N1377	opposes 1.0	opposes 1.0	opposes 0.6800106897247138 favors 0.3173294268967898 __DUMMY__ 0.00265988337849647	false	1.0
N1378	favors 1.0	favors 1.0	favors 0.7494308783077135 opposes 0.24758972226143805 __DUMMY__ 0.002979399430848492	false	1.0
N981	opposes 1.0	opposes 1.0	opposes 0.7249319769083992 favors 0.27214592598627324 __DUMMY__ 0.002922097105327565	false	1.0
N982	opposes 1.0	opposes 1.0	opposes 0.7106271430891821 favors 0.28669247867740894 __DUMMY__ 0.002680378233409024	false	1.0
N983	favors 1.0	favors 1.0	favors 0.7874735545912339 opposes 0.20990895237490423 __DUMMY__ 0.0026174930338617765	false	1.0
N500	opposes 1.0	opposes 1.0	opposes 0.7079372756577753 favors 0.2889421097974435 __DUMMY__ 0.003120614544781288	false	1.0
N984	favors 1.0		favors 0.5128054934427553 opposes 0.47482794319156474 __DUMMY__ 0.01236656336567995	true	1.0
N980	favors 1.0	favors 1.0	favors 0.7503280680809092 opposes 0.24660068244563718 __DUMMY__ 0.0030712494734535262	false	1.0
N1360	opposes 1.0	opposes 1.0	opposes 0.7186159667719203 favors 0.27836155875233864 __DUMMY__ 0.0030224744757410536	false	1.0
N505	favors 1.0	favors 1.0	favors 0.7860313863005203 opposes 0.21130873032098327 __DUMMY__ 0.00265988337849647	false	1.0
N989	opposes 1.0	opposes 1.0	opposes 0.7095959192945694 favors 0.2876268500550966 __DUMMY__ 0.002777230650334053	false	1.0
N506	opposes 1.0	opposes 1.0	opposes 0.7177143933462887 favors 0.27930620722286287 __DUMMY__ 0.0029793994308484925	false	1.0
N1361	favors 1.0	favors 1.0	favors 0.7503280680809092 opposes 0.24660068244563718 __DUMMY__ 0.0030712494734535262	false	1.0
N507	opposes 1.0		favors 0.5218327476363309 opposes 0.4653670399323607 __DUMMY__ 0.012800212431308357	true	0.5
N508	opposes 1.0		favors 0.5265671380495495 opposes 0.46062759613209675 __DUMMY__ 0.012805265818353775	true	0.5
N501	opposes 1.0		opposes 0.5077990265288796 favors 0.4802469922157485 __DUMMY__ 0.01195398125537192	true	1.0
N985	opposes 1.0	opposes 1.0	opposes 0.7235297185254687 favors 0.2737781197570685 __DUMMY__ 0.0026921617174628125	false	1.0
N1364	favors 1.0	favors 1.0	favors 0.7874735545912339 opposes 0.20990895237490423 __DUMMY__ 0.0026174930338617765	false	1.0
N502	favors 1.0	favors 1.0	favors 0.7778311511354892 opposes 0.21936820730448553 __DUMMY__ 0.0028006415600253564	false	1.0
N986	opposes 1.0	opposes 1.0	opposes 0.6953176486177257 favors 0.3017217307034345 __DUMMY__ 0.0029606206788397606	false	1.0
N1365	favors 1.0	favors 1.0	favors 0.7431620013493898 opposes 0.2540110986887725 __DUMMY__ 0.002826899961837756	false	1.0
N503	opposes 1.0	opposes 1.0	opposes 0.7273759081760164 favors 0.26989263074227166 __DUMMY__ 0.002731461081711949	false	1.0
N987	opposes 1.0		favors 0.5190536199394692 opposes 0.4687243849697874 __DUMMY__ 0.012221995090743353	true	0.5
N1362	favors 1.0	favors 1.0	favors 0.7923373717682104 opposes 0.2050339298483332 __DUMMY__ 0.002628698383456401	false	1.0
N1363	opposes 1.0	opposes 1.0	opposes 0.7249319769083992 favors 0.27214592598627324 __DUMMY__ 0.002922097105327565	false	1.0
N504	favors 1.0		favors 0.5380598474699778 opposes 0.4491554394005115 __DUMMY__ 0.012784713129510626	true	1.0
N988	favors 1.0	favors 1.0	favors 0.7596738390083707 opposes 0.23725053515417394 __DUMMY__ 0.0030756258374552933	false	1.0
N1368	opposes 1.0	opposes 1.0	opposes 0.7190164790122492 favors 0.27821005538167587 __DUMMY__ 0.002773465606074952	false	1.0
N1369	favors 1.0		favors 0.5425598197854135 opposes 0.44455174102649325 __DUMMY__ 0.012888439188093369	true	1.0
N1366	opposes 1.0		favors 0.5112435241079566 opposes 0.4766656504497293 __DUMMY__ 0.012090825442314128	true	0.5
N1367	opposes 1.0	opposes 1.0	opposes 0.6953176486177257 favors 0.3017217307034345 __DUMMY__ 0.00296062067883976	false	1.0
N509	favors 1.0	favors 1.0	favors 0.7923373717682104 opposes 0.20503392984833324 __DUMMY__ 0.0026286983834564012	false	1.0
N970	favors 1.0		favors 0.5425598197854135 opposes 0.44455174102649325 __DUMMY__ 0.012888439188093369	true	1.0
N971	opposes 1.0	opposes 1.0	opposes 0.7095959192945693 favors 0.28762685005509653 __DUMMY__ 0.002777230650334052	false	1.0
N972	favors 1.0	favors 1.0	favors 0.7503348156305409 opposes 0.24686804986391117 __DUMMY__ 0.002797134505547816	false	1.0
N973	favors 1.0	favors 1.0	favors 0.75879066953184 opposes 0.23808871592337863 __DUMMY__ 0.0031206145447812876	false	1.0
N978	opposes 1.0	opposes 1.0	opposes 0.6800106897247138 favors 0.3173294268967898 __DUMMY__ 0.00265988337849647	false	1.0
N979	favors 1.0	favors 1.0	favors 0.7494308783077135 opposes 0.247589722261438 __DUMMY__ 0.0029793994308484916	false	1.0
N1350	opposes 1.0		favors 0.5425598197854135 opposes 0.44455174102649325 __DUMMY__ 0.012888439188093369	true	0.5
N974	favors 1.0		opposes 0.5077990265288796 favors 0.4802469922157484 __DUMMY__ 0.011953981255371917	true	0.5
N1353	opposes 1.0	opposes 1.0	opposes 0.7079372756577753 favors 0.28894210979744345 __DUMMY__ 0.0031206145447812894	false	1.0
N975	favors 1.0		favors 0.5770092484994841 opposes 0.4106399866245902 __DUMMY__ 0.012350764875925705	true	1.0
N1354	opposes 1.0	opposes 1.0	opposes 0.7393251534872075 favors 0.25801717974847876 __DUMMY__ 0.0026576667643136796	false	1.0
N976	favors 1.0	favors 1.0	favors 0.737502323658997 opposes 0.25976621525929106 __DUMMY__ 0.002731461081711949	false	1.0
N1351	favors 1.0	favors 1.0	favors 0.7556996659003463 opposes 0.24152310344931968 __DUMMY__ 0.002777230650334054	false	1.0
N977	opposes 1.0	opposes 1.0	opposes 0.7103272544308239 favors 0.2866744236765778 __DUMMY__ 0.002998321892598358	false	1.0
N1352	opposes 1.0	opposes 1.0	opposes 0.716299704704971 favors 0.2809031607894813 __DUMMY__ 0.002797134505547814	false	1.0
N1357	favors 1.0	favors 1.0	favors 0.7576948871977394 opposes 0.2393067909096623 __DUMMY__ 0.0029983218925983585	false	1.0
N1358	favors 1.0	favors 1.0	favors 0.7860313863005203 opposes 0.2113087303209833 __DUMMY__ 0.0026598833784964703	false	1.0
N1355	favors 1.0	favors 1.0	favors 0.7778311511354892 opposes 0.21936820730448556 __DUMMY__ 0.0028006415600253564	false	1.0
N1356	opposes 1.0		favors 0.5033755051915265 opposes 0.4844886758345109 __DUMMY__ 0.012135818973962705	true	0.5
N1359	favors 1.0		favors 0.5233607541364586 opposes 0.4639307573388978 __DUMMY__ 0.012708488524643746	true	1.0
N520	favors 1.0	favors 1.0	favors 0.7587906695318403 opposes 0.23808871592337844 __DUMMY__ 0.003120614544781288	false	1.0
N521	favors 1.0	favors 1.0	favors 0.724522489453584 opposes 0.2728198437821024 __DUMMY__ 0.002657666764313679	false	1.0
N522	favors 1.0	favors 1.0	favors 0.7778311511354892 opposes 0.21936820730448553 __DUMMY__ 0.0028006415600253564	false	1.0
N527	favors 1.0		favors 0.5265671380495495 opposes 0.46062759613209675 __DUMMY__ 0.012805265818353775	true	1.0
N528	favors 1.0	favors 1.0	favors 0.7923373717682104 opposes 0.20503392984833324 __DUMMY__ 0.0026286983834564012	false	1.0
N529	opposes 1.0	opposes 1.0	opposes 0.7249319769083992 favors 0.27214592598627324 __DUMMY__ 0.002922097105327565	false	1.0
N523	favors 1.0	favors 1.0	favors 0.737502323658997 opposes 0.25976621525929106 __DUMMY__ 0.0027314610817119485	false	1.0
N524	opposes 1.0	opposes 1.0	opposes 0.7103272544308239 favors 0.2866744236765778 __DUMMY__ 0.0029983218925983585	false	1.0
N525	opposes 1.0	opposes 1.0	opposes 0.6800106897247138 favors 0.3173294268967898 __DUMMY__ 0.00265988337849647	false	1.0
N526	favors 1.0	favors 1.0	favors 0.7487364931092615 opposes 0.2482410324149975 __DUMMY__ 0.0030224744757410557	false	1.0
N992	favors 1.0	favors 1.0	favors 0.7245224894535839 opposes 0.2728198437821024 __DUMMY__ 0.0026576667643136796	false	1.0
N993	favors 1.0	favors 1.0	favors 0.7778311511354892 opposes 0.21936820730448553 __DUMMY__ 0.0028006415600253564	false	1.0
N510	favors 1.0		favors 0.5093114245763131 opposes 0.4781170265422544 __DUMMY__ 0.012571548881432507	true	1.0
N994	favors 1.0		favors 0.5033755051915265 opposes 0.48448867583451083 __DUMMY__ 0.012135818973962705	true	1.0
N995	opposes 1.0	opposes 1.0	opposes 0.7103272544308239 favors 0.2866744236765778 __DUMMY__ 0.002998321892598358	false	1.0
N511	favors 1.0		favors 0.5349152976475198 opposes 0.4530341356408597 __DUMMY__ 0.012050566711620457	true	1.0
N990	favors 1.0	favors 1.0	favors 0.7503348156305409 opposes 0.24686804986391117 __DUMMY__ 0.002797134505547816	false	1.0
N991	favors 1.0	favors 1.0	favors 0.75879066953184 opposes 0.23808871592337863 __DUMMY__ 0.0031206145447812876	false	1.0
N516	opposes 1.0		favors 0.5190536199394693 opposes 0.4687243849697873 __DUMMY__ 0.012221995090743353	true	0.5
N517	favors 1.0	favors 1.0	favors 0.7596738390083706 opposes 0.237250535154174 __DUMMY__ 0.0030756258374552933	false	1.0
N518	opposes 1.0	opposes 1.0	opposes 0.7095959192945693 favors 0.2876268500550966 __DUMMY__ 0.0027772306503340534	false	1.0
N519	favors 1.0		favors 0.5256778472761625 opposes 0.4619850752393693 __DUMMY__ 0.012337077484468148	true	1.0
N996	opposes 1.0	opposes 1.0	opposes 0.6800106897247138 favors 0.3173294268967898 __DUMMY__ 0.00265988337849647	false	1.0
N512	opposes 1.0	opposes 1.0	opposes 0.6777447045313806 favors 0.31963780243475765 __DUMMY__ 0.002617493033861777	false	1.0
N997	favors 1.0	favors 1.0	favors 0.7487364931092615 opposes 0.24824103241499745 __DUMMY__ 0.003022474475741055	false	1.0
N513	favors 1.0	favors 1.0	favors 0.7431620013493898 opposes 0.2540110986887725 __DUMMY__ 0.002826899961837756	false	1.0
N514	opposes 1.0	opposes 1.0	opposes 0.7235297185254687 favors 0.2737781197570685 __DUMMY__ 0.0026921617174628133	false	1.0
N998	favors 1.0	favors 1.0	favors 0.7503280680809092 opposes 0.24660068244563718 __DUMMY__ 0.0030712494734535262	false	1.0
N999	opposes 1.0	opposes 1.0	opposes 0.6738167161936771 favors 0.3235545854228666 __DUMMY__ 0.0026286983834564012	false	1.0
N515	opposes 1.0		favors 0.5651018250945611 opposes 0.42223491775266925 __DUMMY__ 0.0126632571527697	true	0.5
N541	favors 1.0	favors 1.0	favors 0.7778311511354892 opposes 0.21936820730448553 __DUMMY__ 0.0028006415600253564	false	1.0
N542	opposes 1.0	opposes 1.0	opposes 0.7273759081760164 favors 0.26989263074227166 __DUMMY__ 0.002731461081711949	false	1.0
N543	favors 1.0	favors 1.0	favors 0.7576948871977394 opposes 0.23930679090966228 __DUMMY__ 0.002998321892598359	false	1.0
N544	favors 1.0		favors 0.5930445214858837 opposes 0.3949066810833357 __DUMMY__ 0.01204879743078061	true	1.0
N540	opposes 1.0	opposes 1.0	opposes 0.7393251534872075 favors 0.25801717974847876 __DUMMY__ 0.002657666764313679	false	1.0
N549	favors 1.0		favors 0.5093114245763131 opposes 0.4781170265422544 __DUMMY__ 0.012571548881432507	true	1.0
N545	favors 1.0	favors 1.0	favors 0.7494308783077135 opposes 0.247589722261438 __DUMMY__ 0.002979399430848492	false	1.0
N546	opposes 1.0	opposes 1.0	opposes 0.7186159667719203 favors 0.27836155875233864 __DUMMY__ 0.003022474475741055	false	1.0
N547	opposes 1.0	opposes 1.0	opposes 0.7150268229943358 favors 0.2819019275322107 __DUMMY__ 0.0030712494734535267	false	1.0
N548	favors 1.0	favors 1.0	favors 0.7923373717682104 opposes 0.20503392984833327 __DUMMY__ 0.0026286983834564012	false	1.0
N530	opposes 1.0	opposes 1.0	opposes 0.7106271430891821 favors 0.286692478677409 __DUMMY__ 0.002680378233409024	false	1.0
N531	opposes 1.0	opposes 1.0	opposes 0.6777447045313806 favors 0.31963780243475765 __DUMMY__ 0.002617493033861777	false	1.0
N532	opposes 1.0	opposes 1.0	opposes 0.7228457623523097 favors 0.27432733768585255 __DUMMY__ 0.002826899961837756	false	1.0
N533	favors 1.0	favors 1.0	favors 0.7420466143657439 opposes 0.2552612239167933 __DUMMY__ 0.002692161717462813	false	1.0
N1390	favors 1.0	favors 1.0	favors 0.7556996659003463 opposes 0.24152310344931968 __DUMMY__ 0.002777230650334054	false	1.0
N1393	opposes 1.0	opposes 1.0	opposes 0.7393251534872075 favors 0.25801717974847876 __DUMMY__ 0.0026576667643136796	false	1.0
N538	opposes 1.0	opposes 1.0	opposes 0.7162997047049708 favors 0.2809031607894813 __DUMMY__ 0.002797134505547817	false	1.0
N539	opposes 1.0	opposes 1.0	opposes 0.7079372756577753 favors 0.28894210979744345 __DUMMY__ 0.0031206145447812885	false	1.0
N1394	opposes 1.0		favors 0.5770092484994841 opposes 0.4106399866245902 __DUMMY__ 0.012350764875925705	true	0.5
N1391	opposes 1.0	opposes 1.0	opposes 0.716299704704971 favors 0.28090316078948135 __DUMMY__ 0.0027971345055478143	false	1.0
N1392	opposes 1.0	opposes 1.0	opposes 0.7079372756577753 favors 0.28894210979744345 __DUMMY__ 0.0031206145447812894	false	1.0
N534	favors 1.0		favors 0.5651018250945611 opposes 0.42223491775266925 __DUMMY__ 0.0126632571527697	true	1.0
