N1742	opposes 1.0		favors 0.5205115015849531 opposes 0.42493534605425287 __DUMMY__ 0.05455315236079417	true	0.5
N1743	opposes 1.0		favors 0.5169434839101007 opposes 0.42798503625588563 __DUMMY__ 0.05507147983401367	true	0.5
N1740	favors 1.0	favors 1.0	favors 0.7455757451151883 opposes 0.22896721679366647 __DUMMY__ 0.02545703809114519	false	1.0
N1741	opposes 1.0		favors 0.5186844854049542 opposes 0.4263233528586666 __DUMMY__ 0.05499216173637935	true	0.5
N1746	opposes 1.0		favors 0.5222440421883243 opposes 0.42319522937031095 __DUMMY__ 0.05456072844136472	true	0.5
N1747	opposes 1.0		favors 0.5161879623914782 opposes 0.42863605407245065 __DUMMY__ 0.05517598353607113	true	0.5
N1744	favors 1.0		favors 0.5171409674906747 opposes 0.42766106527216907 __DUMMY__ 0.05519796723715606	true	1.0
N1745	favors 1.0		favors 0.5183360387315878 opposes 0.42652476747039647 __DUMMY__ 0.05513919379801556	true	1.0
N1748	opposes 1.0		favors 0.5179507460947854 opposes 0.4272816430334753 __DUMMY__ 0.054767610871739224	true	0.5
N1749	favors 1.0		favors 0.5200856180656422 opposes 0.42530605877769545 __DUMMY__ 0.054608323156662225	true	1.0
N1731	opposes 1.0		favors 0.515171534565311 opposes 0.42991856223050073 __DUMMY__ 0.05490990320418829	true	0.5
N1732	opposes 1.0		favors 0.5210132348084568 opposes 0.4240669670244098 __DUMMY__ 0.05491979816713353	true	0.5
N1730	favors 1.0		favors 0.5133683357260547 opposes 0.43154753430943765 __DUMMY__ 0.05508412996450777	true	1.0
N1735	opposes 1.0		favors 0.5175778440047462 opposes 0.4276679671844194 __DUMMY__ 0.05475418881083442	true	0.5
N1736	favors 1.0	favors 1.0	favors 0.7457274845054185 opposes 0.22885689082411215 __DUMMY__ 0.025415624670469247	false	1.0
N1733	opposes 1.0		favors 0.5156349781646878 opposes 0.4296400312027145 __DUMMY__ 0.054724990632597614	true	0.5
N1734	favors 1.0		favors 0.5191581262056721 opposes 0.4257710287254197 __DUMMY__ 0.05507084506890829	true	1.0
N1739	favors 1.0		favors 0.5179050738725006 opposes 0.42737913141987516 __DUMMY__ 0.05471579470762421	true	1.0
N1737	favors 1.0		favors 0.5179142954053768 opposes 0.4270976900775272 __DUMMY__ 0.05498801451709604	true	1.0
N1738	opposes 1.0	opposes 1.0	opposes 0.6980719825200009 favors 0.27658575277625075 __DUMMY__ 0.025342264703748348	false	1.0
N1720	opposes 1.0		favors 0.5157153206082431 opposes 0.42935655482923235 __DUMMY__ 0.05492812456252461	true	0.5
N1721	opposes 1.0	opposes 1.0	opposes 0.6982175651840572 favors 0.276114299526102 __DUMMY__ 0.025668135289840834	false	1.0
N1724	favors 1.0		favors 0.5137510077207983 opposes 0.43106011768777786 __DUMMY__ 0.055188874591423936	true	1.0
N1725	favors 1.0		favors 0.5166195644211125 opposes 0.42826799847482167 __DUMMY__ 0.05511243710406593	true	1.0
N1722	favors 1.0		favors 0.5220351042016885 opposes 0.42351983037482616 __DUMMY__ 0.05444506542348538	true	1.0
N1723	favors 1.0		favors 0.514577850175311 opposes 0.4302975147539259 __DUMMY__ 0.05512463507076314	true	1.0
N1728	opposes 1.0		favors 0.516619955965644 opposes 0.4283546066031072 __DUMMY__ 0.055025437431248866	true	0.5
N1729	favors 1.0		favors 0.5224508592724709 opposes 0.4229087493597072 __DUMMY__ 0.05464039136782193	true	1.0
N1726	favors 1.0	favors 1.0	favors 0.7494091193842007 opposes 0.22521893619893288 __DUMMY__ 0.025371944416866306	false	1.0
N1727	opposes 1.0		favors 0.51260316963207 opposes 0.43223580636955394 __DUMMY__ 0.05516102399837616	true	0.5
N1710	favors 1.0		favors 0.5157814729032614 opposes 0.42920588884282584 __DUMMY__ 0.055012638253912886	true	1.0
N1713	opposes 1.0		favors 0.5153071243922089 opposes 0.4299203429762512 __DUMMY__ 0.05477253263153979	true	0.5
N1714	favors 1.0		favors 0.5169448634547205 opposes 0.42804942290656894 __DUMMY__ 0.0550057136387105	true	1.0
N1711	favors 1.0		favors 0.5131643062757854 opposes 0.43178308169286717 __DUMMY__ 0.05505261203134757	true	1.0
N1712	favors 1.0		favors 0.5217284871115742 opposes 0.4233903693630893 __DUMMY__ 0.05488114352533644	true	1.0
N1717	favors 1.0		favors 0.515671356293547 opposes 0.4293575235737859 __DUMMY__ 0.054971120132667035	true	1.0
N1718	opposes 1.0		favors 0.5217866170180788 opposes 0.423727755114707 __DUMMY__ 0.05448562786721409	true	0.5
N1715	favors 1.0		favors 0.5167582717076772 opposes 0.42859253007226955 __DUMMY__ 0.05464919822005322	true	1.0
N1716	favors 1.0		favors 0.5132367855392004 opposes 0.4317867850421294 __DUMMY__ 0.05497642941867026	true	1.0
N1719	favors 1.0		favors 0.5168439201397059 opposes 0.4284328351980283 __DUMMY__ 0.05472324466226564	true	1.0
N1782	favors 1.0		favors 0.5173267248798737 opposes 0.4276669784887912 __DUMMY__ 0.05500629663133495	true	1.0
N1783	favors 1.0		favors 0.5169012952489468 opposes 0.4280022662797638 __DUMMY__ 0.05509643847128947	true	1.0
N1780	opposes 1.0		favors 0.5189574480428955 opposes 0.4260059063931892 __DUMMY__ 0.05503664556391541	true	0.5
N1781	opposes 1.0		favors 0.5235147812950264 opposes 0.4219438453166041 __DUMMY__ 0.05454137338836953	true	0.5
N1786	opposes 1.0	opposes 1.0	opposes 0.6993686747662655 favors 0.2750339037828964 __DUMMY__ 0.025597421450838164	false	1.0
N1302	favors 1.0	favors 1.0	favors 0.7493574703524337 opposes 0.22504078687287724 __DUMMY__ 0.02560174277468912	false	1.0
N1303	favors 1.0		favors 0.5292785685893575 opposes 0.41629016175776773 __DUMMY__ 0.05443126965287467	true	1.0
N1787	opposes 1.0		favors 0.5193606321031614 opposes 0.4258238935135503 __DUMMY__ 0.05481547438328839	true	0.5
N1300	favors 1.0	favors 1.0	favors 0.7482803682135721 opposes 0.2261726562076047 __DUMMY__ 0.025546975578823166	false	1.0
N1784	favors 1.0		favors 0.5190255180541182 opposes 0.42593641430108153 __DUMMY__ 0.055038067644800084	true	1.0
N1301	opposes 1.0		favors 0.5201628937543501 opposes 0.4246353372528176 __DUMMY__ 0.055201768992832266	true	0.5
N1785	opposes 1.0		favors 0.526551119197088 opposes 0.4189997327858633 __DUMMY__ 0.054449148017048886	true	0.5
N1306	opposes 1.0		favors 0.5262091979096295 opposes 0.4191583867877026 __DUMMY__ 0.05463241530266799	true	0.5
N1307	favors 1.0		favors 0.5196505360792608 opposes 0.42527938443381763 __DUMMY__ 0.05507007948692172	true	1.0
N1304	favors 1.0	favors 1.0	favors 0.7474065875426579 opposes 0.22699160512961344 __DUMMY__ 0.025601807327728696	false	1.0
N1788	favors 1.0		favors 0.5242843401598101 opposes 0.4211527627200236 __DUMMY__ 0.054562897120166376	true	1.0
N1789	opposes 1.0		favors 0.5161625715101144 opposes 0.42886393442148013 __DUMMY__ 0.05497349406840549	true	0.5
N1305	favors 1.0		favors 0.5230857060948712 opposes 0.42202835111541087 __DUMMY__ 0.054885942789718006	true	1.0
N1308	opposes 1.0	opposes 1.0	opposes 0.6989599016002804 favors 0.2755315221649371 __DUMMY__ 0.02550857623478242	false	1.0
N1309	opposes 1.0		favors 0.5241874622137002 opposes 0.4209387465339871 __DUMMY__ 0.054873791252312724	true	0.5
N1771	favors 1.0		favors 0.5234850244630359 opposes 0.42167589099033037 __DUMMY__ 0.05483908454663365	true	1.0
N1772	opposes 1.0		favors 0.5177129376236511 opposes 0.42754028389936943 __DUMMY__ 0.05474677847697937	true	0.5
N1770	opposes 1.0		favors 0.515350384381961 opposes 0.4296970741269887 __DUMMY__ 0.05495254149105027	true	0.5
N1775	favors 1.0		favors 0.516043331212692 opposes 0.42905514028367364 __DUMMY__ 0.05490152850363439	true	1.0
N1776	favors 1.0		favors 0.5186395678978365 opposes 0.42642290054787596 __DUMMY__ 0.054937531554287614	true	1.0
N1773	favors 1.0		favors 0.5193010604640618 opposes 0.42574265146843965 __DUMMY__ 0.054956288067498645	true	1.0
N1774	opposes 1.0	opposes 1.0	opposes 0.6971096721010728 favors 0.27745796698860337 __DUMMY__ 0.025432360910323783	false	1.0
N1779	favors 1.0		favors 0.5169013575115737 opposes 0.42825360343857066 __DUMMY__ 0.05484503904985541	true	1.0
N1777	favors 1.0	favors 1.0	favors 0.7485454137384316 opposes 0.2261002764250963 __DUMMY__ 0.025354309836471908	false	1.0
N1778	favors 1.0		favors 0.5197081659734604 opposes 0.4255305140032117 __DUMMY__ 0.054761320023327995	true	1.0
N901	favors 1.0		favors 0.5177360197681613 opposes 0.4271122383174047 __DUMMY__ 0.055151741914434046	true	1.0
N902	favors 1.0		favors 0.5192163657360144 opposes 0.4257040978418307 __DUMMY__ 0.055079536422154844	true	1.0
N903	opposes 1.0	opposes 1.0	opposes 0.6953911794458782 favors 0.2794236670779294 __DUMMY__ 0.02518515347619245	false	1.0
N904	opposes 1.0		favors 0.5163924923673286 opposes 0.4284886396664599 __DUMMY__ 0.05511886796621129	true	0.5
N1760	opposes 1.0		favors 0.5200430387943459 opposes 0.42488593494726634 __DUMMY__ 0.05507102625838768	true	0.5
N1761	opposes 1.0		favors 0.524460133856626 opposes 0.42102659036889006 __DUMMY__ 0.054513275774483935	true	0.5
N900	favors 1.0	favors 1.0	favors 0.7469579514776515 opposes 0.22754883435308304 __DUMMY__ 0.02549321416926547	false	1.0
N909	favors 1.0		favors 0.5195399178175596 opposes 0.42556067810895365 __DUMMY__ 0.054899404073486584	true	1.0
N1764	favors 1.0		favors 0.5199145786358891 opposes 0.4250246692955705 __DUMMY__ 0.0550607520685404	true	1.0
N1765	opposes 1.0		favors 0.527797689695709 opposes 0.4177658868097782 __DUMMY__ 0.05443642349451271	true	0.5
N1762	favors 1.0		favors 0.5183639168803704 opposes 0.42657423763329366 __DUMMY__ 0.05506184548633593	true	1.0
N1763	opposes 1.0		favors 0.5178299692859974 opposes 0.42702396386588076 __DUMMY__ 0.05514606684812167	true	0.5
N1768	favors 1.0		favors 0.524608050143768 opposes 0.42081647139612394 __DUMMY__ 0.05457547846010821	true	1.0
N905	opposes 1.0		favors 0.5195764053267556 opposes 0.42584750884752975 __DUMMY__ 0.05457608582571467	true	0.5
N906	favors 1.0		favors 0.5215266779088111 opposes 0.4240779760579975 __DUMMY__ 0.05439534603319142	true	1.0
N1769	opposes 1.0	opposes 1.0	opposes 0.6984602998463711 favors 0.2759559603200621 __DUMMY__ 0.025583739833566866	false	1.0
N1766	opposes 1.0		favors 0.5160515181446866 opposes 0.4287979071934144 __DUMMY__ 0.05515057466189903	true	0.5
N907	opposes 1.0		favors 0.5172632890429759 opposes 0.4278062650810633 __DUMMY__ 0.05493044587596093	true	0.5
N908	opposes 1.0		favors 0.5126173247724438 opposes 0.43244988033745885 __DUMMY__ 0.054932794890097204	true	0.5
N1767	opposes 1.0		favors 0.5207896372378525 opposes 0.4243446405826964 __DUMMY__ 0.054865722179451105	true	0.5
N1750	opposes 1.0		favors 0.5162622501793681 opposes 0.428701850040869 __DUMMY__ 0.05503589977976295	true	0.5
N1753	favors 1.0		favors 0.5203345386664682 opposes 0.4246616874682279 __DUMMY__ 0.05500377386530391	true	1.0
N1754	opposes 1.0		favors 0.5210212719037173 opposes 0.42428797266731627 __DUMMY__ 0.05469075542896662	true	0.5
N1751	opposes 1.0		favors 0.516468298093052 opposes 0.42857346234827454 __DUMMY__ 0.05495823955867357	true	0.5
N1752	opposes 1.0		favors 0.5183768696654711 opposes 0.42689990253076615 __DUMMY__ 0.05472322780376262	true	0.5
N1757	favors 1.0	favors 1.0	favors 0.7489620124205045 opposes 0.22567528294392408 __DUMMY__ 0.025362704635571345	false	1.0
N1758	favors 1.0		favors 0.5209611880763708 opposes 0.42428927805116556 __DUMMY__ 0.05474953387246359	true	1.0
N1755	favors 1.0		favors 0.5168255655603595 opposes 0.42821119509618527 __DUMMY__ 0.05496323934345522	true	1.0
N1756	favors 1.0		favors 0.5197498053698706 opposes 0.42524895314764805 __DUMMY__ 0.05500124148248136	true	1.0
N1759	favors 1.0	favors 1.0	favors 0.7457000536779003 opposes 0.22876065075129098 __DUMMY__ 0.025539295570808737	false	1.0
N923	favors 1.0		favors 0.5209018389882712 opposes 0.42462337319998533 __DUMMY__ 0.0544747878117434	true	1.0
N924	opposes 1.0	opposes 1.0	opposes 0.7002131406087951 favors 0.2741806299361634 __DUMMY__ 0.025606229455041443	false	1.0
N925	opposes 1.0		favors 0.5159090015304681 opposes 0.4292437990402398 __DUMMY__ 0.05484719942929195	true	0.5
N926	favors 1.0		favors 0.5186043519556277 opposes 0.4267977226387015 __DUMMY__ 0.05459792540567081	true	1.0
N1342	favors 1.0		favors 0.5211157329783659 opposes 0.4237988829923192 __DUMMY__ 0.055085384029314975	true	1.0
N1343	favors 1.0		favors 0.5255644884768069 opposes 0.4199138649621066 __DUMMY__ 0.05452164656108644	true	1.0
N920	favors 1.0		favors 0.5154423275624684 opposes 0.4294937211080415 __DUMMY__ 0.05506395132948984	true	1.0
N921	favors 1.0		favors 0.5157066049858764 opposes 0.4290702282523072 __DUMMY__ 0.05522316676181639	true	1.0
N1340	favors 1.0		favors 0.5196190852572614 opposes 0.42534565566330584 __DUMMY__ 0.055035259079432755	true	1.0
N1341	favors 1.0	favors 1.0	favors 0.7476583009688739 opposes 0.22676915540186607 __DUMMY__ 0.02557254362926012	false	1.0
N922	favors 1.0		favors 0.5167071286398154 opposes 0.42806349677660044 __DUMMY__ 0.05522937458358423	true	1.0
N1346	favors 1.0	favors 1.0	favors 0.7495523316094725 opposes 0.22513804737695733 __DUMMY__ 0.025309621013569972	false	1.0
N1347	opposes 1.0		favors 0.518971497731544 opposes 0.42601698770293894 __DUMMY__ 0.05501151456551696	true	0.5
N1344	opposes 1.0		favors 0.5181909500252098 opposes 0.4266311297338335 __DUMMY__ 0.055177920240956746	true	0.5
N1345	opposes 1.0	opposes 1.0	opposes 0.6966588834798629 favors 0.27798218338871666 __DUMMY__ 0.025358933131420357	false	1.0
N927	opposes 1.0		favors 0.5141810743029381 opposes 0.430769044667007 __DUMMY__ 0.05504988103005478	true	0.5
N928	favors 1.0		favors 0.5156909204192699 opposes 0.429238590597438 __DUMMY__ 0.055070488983292046	true	1.0
N929	favors 1.0		favors 0.521958406390961 opposes 0.42298889511397936 __DUMMY__ 0.05505269849505952	true	1.0
N1348	favors 1.0		favors 0.5249822144907995 opposes 0.42011594139647007 __DUMMY__ 0.054901844112730316	true	1.0
N1349	favors 1.0		favors 0.5173324792005266 opposes 0.42777412379927293 __DUMMY__ 0.05489339700020056	true	1.0
N912	opposes 1.0		favors 0.5154496733261026 opposes 0.42982300751018165 __DUMMY__ 0.05472731916371576	true	0.5
N913	favors 1.0		favors 0.5131758152286364 opposes 0.43196182525937454 __DUMMY__ 0.05486235951198891	true	1.0
N914	favors 1.0		favors 0.5161183261154686 opposes 0.42890103502417243 __DUMMY__ 0.054980638860359005	true	1.0
N915	favors 1.0		favors 0.5175714086951768 opposes 0.4277367184732342 __DUMMY__ 0.05469187283158898	true	1.0
N1331	favors 1.0		favors 0.5216134234121297 opposes 0.42338189278715266 __DUMMY__ 0.05500468380071768	true	1.0
N1332	favors 1.0		favors 0.5208143141408806 opposes 0.4244084571686048 __DUMMY__ 0.05477722869051463	true	1.0
N910	opposes 1.0	opposes 1.0	opposes 0.7001384445813635 favors 0.2744136450319437 __DUMMY__ 0.025447910386692876	false	1.0
N1330	opposes 1.0		favors 0.5190140418421189 opposes 0.42621381391821295 __DUMMY__ 0.05477214423966822	true	0.5
N911	favors 1.0		favors 0.5178409132971553 opposes 0.427091655443093 __DUMMY__ 0.05506743125975169	true	1.0
N1335	opposes 1.0		favors 0.5226383656967728 opposes 0.4226448126067116 __DUMMY__ 0.05471682169651552	true	0.5
N1336	favors 1.0		favors 0.5209941298454843 opposes 0.4243090435276492 __DUMMY__ 0.054696826626866556	true	1.0
N1333	favors 1.0		favors 0.518902946821995 opposes 0.4262063153193201 __DUMMY__ 0.054890737858684854	true	1.0
N1334	favors 1.0		favors 0.5205432732572614 opposes 0.4244779892658267 __DUMMY__ 0.05497873747691186	true	1.0
N1339	opposes 1.0		favors 0.5234198540457949 opposes 0.42206284127881527 __DUMMY__ 0.054517304675389726	true	0.5
N916	favors 1.0		favors 0.5160399293832522 opposes 0.42922098587493873 __DUMMY__ 0.054739084741809	true	1.0
N917	favors 1.0		favors 0.5135181590000809 opposes 0.43156598053134804 __DUMMY__ 0.054915860468571116	true	1.0
N1337	favors 1.0		favors 0.5193108376632598 opposes 0.42579022083706786 __DUMMY__ 0.05489894149967219	true	1.0
N918	opposes 1.0		favors 0.5169976176400202 opposes 0.4279635077478668 __DUMMY__ 0.05503887461211305	true	0.5
N1338	opposes 1.0		favors 0.5212385829045915 opposes 0.42381873658378616 __DUMMY__ 0.05494268051162236	true	0.5
N919	opposes 1.0		favors 0.5192789902731169 opposes 0.42617063639408725 __DUMMY__ 0.05455037333279602	true	0.5
N940	opposes 1.0		favors 0.5173120865934563 opposes 0.4274352754095807 __DUMMY__ 0.05525263799696299	true	0.5
N945	favors 1.0		favors 0.518856411210446 opposes 0.42616466244501494 __DUMMY__ 0.054978926344539034	true	1.0
N946	opposes 1.0		favors 0.5214210339257545 opposes 0.4238524121852224 __DUMMY__ 0.05472655388902309	true	0.5
N947	favors 1.0		favors 0.5162134074658298 opposes 0.42853251582326096 __DUMMY__ 0.05525407671090914	true	1.0
N948	opposes 1.0		favors 0.5132209894447328 opposes 0.43169511105520325 __DUMMY__ 0.055083899500063975	true	0.5
N941	opposes 1.0		favors 0.5171895357259285 opposes 0.42744931897096006 __DUMMY__ 0.055361145303111425	true	0.5
N1320	opposes 1.0		favors 0.5181808244113975 opposes 0.42668519433670915 __DUMMY__ 0.0551339812518933	true	0.5
N942	opposes 1.0		favors 0.5192261686935378 opposes 0.4255131302808298 __DUMMY__ 0.055260701025632346	true	0.5
N1321	favors 1.0		favors 0.5182743259955558 opposes 0.4264489811879844 __DUMMY__ 0.05527669281645981	true	1.0
N943	favors 1.0		favors 0.5239429483813389 opposes 0.4214224502310482 __DUMMY__ 0.054634601387612954	true	1.0
N944	favors 1.0		favors 0.5157778509053753 opposes 0.42890073892264263 __DUMMY__ 0.05532141017198206	true	1.0
N1324	opposes 1.0		favors 0.5169274450365026 opposes 0.42779986869403636 __DUMMY__ 0.05527268626946107	true	0.5
N1325	opposes 1.0		favors 0.5201074589485938 opposes 0.4250810497303529 __DUMMY__ 0.054811491321053195	true	0.5
N1322	favors 1.0		favors 0.5204130706704508 opposes 0.42435016241558765 __DUMMY__ 0.05523676691396154	true	1.0
N1323	favors 1.0	favors 1.0	favors 0.7511010924021416 opposes 0.22366874137035386 __DUMMY__ 0.025230166227504593	false	1.0
N1328	opposes 1.0		favors 0.5184579820570829 opposes 0.426611078260331 __DUMMY__ 0.05493093968258616	true	0.5
N949	favors 1.0	favors 1.0	favors 0.7485977418758162 opposes 0.22581792077221666 __DUMMY__ 0.025584337351967263	false	1.0
N1329	favors 1.0		favors 0.5237347888407673 opposes 0.4213803673359789 __DUMMY__ 0.0548848438232538	true	1.0
N1326	favors 1.0		favors 0.5233600389403873 opposes 0.4220562803611818 __DUMMY__ 0.05458368069843095	true	1.0
N1327	opposes 1.0		favors 0.5174707671218288 opposes 0.4274904728023902 __DUMMY__ 0.05503876007578085	true	0.5
N934	opposes 1.0		favors 0.5183262842701472 opposes 0.4265073064418417 __DUMMY__ 0.05516640928801105	true	0.5
N935	opposes 1.0		favors 0.5204275954123905 opposes 0.42471901253975824 __DUMMY__ 0.05485339204785136	true	0.5
N1790	favors 1.0		favors 0.5175649191284399 opposes 0.42764140582420834 __DUMMY__ 0.0547936750473517	true	1.0
N936	opposes 1.0		favors 0.5190111394020631 opposes 0.42611122398714263 __DUMMY__ 0.054877636610794325	true	0.5
N937	opposes 1.0		favors 0.5167741868902689 opposes 0.42821074492838845 __DUMMY__ 0.05501506818134267	true	0.5
N930	favors 1.0		favors 0.5167284491753034 opposes 0.42837875504149575 __DUMMY__ 0.054892795783201	true	1.0
N1793	opposes 1.0		favors 0.5209133000262445 opposes 0.4241416672920097 __DUMMY__ 0.054945032681745894	true	0.5
N931	opposes 1.0		favors 0.5195590418625735 opposes 0.4252563991712348 __DUMMY__ 0.05518455896619169	true	0.5
N1310	opposes 1.0		favors 0.5171134616454071 opposes 0.42808943438311126 __DUMMY__ 0.05479710397148172	true	0.5
N1794	favors 1.0		favors 0.520077138684922 opposes 0.4253546093470984 __DUMMY__ 0.054568251967979535	true	1.0
N932	favors 1.0		favors 0.518801787545563 opposes 0.426307453567055 __DUMMY__ 0.054890758887381846	true	1.0
N1791	favors 1.0		favors 0.5240040061808543 opposes 0.42122469010867725 __DUMMY__ 0.054771303710468296	true	1.0
N933	opposes 1.0		favors 0.516268439087916 opposes 0.4286679416558452 __DUMMY__ 0.05506361925623888	true	0.5
N1792	favors 1.0		favors 0.5182512280708494 opposes 0.4271744687399176 __DUMMY__ 0.05457430318923299	true	1.0
N1313	favors 1.0		favors 0.5166914892984746 opposes 0.4284743230485763 __DUMMY__ 0.05483418765294913	true	1.0
N1797	opposes 1.0		favors 0.5225355447940223 opposes 0.4229620778226534 __DUMMY__ 0.05450237738332424	true	0.5
N1314	favors 1.0		favors 0.5193398332958894 opposes 0.42563717894812236 __DUMMY__ 0.05502298775598824	true	1.0
N1798	favors 1.0		favors 0.5201304818416622 opposes 0.4252824938691545 __DUMMY__ 0.054587024289183154	true	1.0
N1311	favors 1.0		favors 0.5207498242797827 opposes 0.42419825420363566 __DUMMY__ 0.055051921516581795	true	1.0
N1795	opposes 1.0		favors 0.5172133065075787 opposes 0.4279916220259147 __DUMMY__ 0.05479507146650657	true	0.5
N1312	opposes 1.0		favors 0.5191571338047081 opposes 0.42613275875127365 __DUMMY__ 0.054710107444018184	true	0.5
N1796	opposes 1.0	opposes 1.0	opposes 0.6977524889159165 favors 0.2768258190782171 __DUMMY__ 0.025421692005866525	false	1.0
N1317	favors 1.0		favors 0.5177473777240665 opposes 0.4272913638614715 __DUMMY__ 0.05496125841446212	true	1.0
N938	favors 1.0		favors 0.5185535362702595 opposes 0.4262822158518966 __DUMMY__ 0.05516424787784392	true	1.0
N939	favors 1.0		favors 0.5219368884676556 opposes 0.4233940295280474 __DUMMY__ 0.05466908200429685	true	1.0
N1318	opposes 1.0		favors 0.519661230912047 opposes 0.4253193017353878 __DUMMY__ 0.05501946735256533	true	0.5
N1315	favors 1.0		favors 0.522444538444865 opposes 0.4228723998794951 __DUMMY__ 0.05468306167563981	true	1.0
N1799	opposes 1.0		favors 0.5180766756181648 opposes 0.4272127511226577 __DUMMY__ 0.05471057325917739	true	0.5
N1316	favors 1.0		favors 0.5197855587434288 opposes 0.42559051903081613 __DUMMY__ 0.054623922225755135	true	1.0
N1319	favors 1.0		favors 0.52318775791873 opposes 0.4224034372485586 __DUMMY__ 0.05440880483271142	true	1.0
N960	opposes 1.0		favors 0.5155124165636459 opposes 0.4291700873212165 __DUMMY__ 0.0553174961151377	true	0.5
N961	opposes 1.0		favors 0.5174417797971117 opposes 0.42725606495034163 __DUMMY__ 0.05530215525254651	true	0.5
N962	favors 1.0	favors 1.0	favors 0.749653070936499 opposes 0.225045137697356 __DUMMY__ 0.025301791366145108	false	1.0
N967	opposes 1.0		favors 0.5160720948293857 opposes 0.4288746857723453 __DUMMY__ 0.055053219398269175	true	0.5
N1382	opposes 1.0		favors 0.5168440337205815 opposes 0.42787298963003023 __DUMMY__ 0.05528297664938827	true	0.5
N968	favors 1.0		favors 0.5223680012209935 opposes 0.422588131641158 __DUMMY__ 0.055043867137848576	true	1.0
N1383	opposes 1.0		favors 0.5208072797204143 opposes 0.424142712484981 __DUMMY__ 0.05505000779460481	true	0.5
N969	opposes 1.0	opposes 1.0	opposes 0.6990453781933611 favors 0.2754494366039056 __DUMMY__ 0.025505185202733396	false	1.0
N1380	favors 1.0		favors 0.5211758723368937 opposes 0.4235565768618011 __DUMMY__ 0.055267550801305236	true	1.0
N1381	favors 1.0	favors 1.0	favors 0.751935846990914 opposes 0.2227150791692721 __DUMMY__ 0.02534907383981397	false	1.0
N963	favors 1.0		favors 0.5135628460258752 opposes 0.4311849661787546 __DUMMY__ 0.05525218779537036	true	1.0
N1386	favors 1.0		favors 0.5188806374914446 opposes 0.4260878029195781 __DUMMY__ 0.055031559588977264	true	1.0
N964	favors 1.0		favors 0.5176643962854851 opposes 0.4272371420377198 __DUMMY__ 0.05509846167679516	true	1.0
N1387	favors 1.0		favors 0.5242302620501009 opposes 0.4208193635359505 __DUMMY__ 0.05495037441394861	true	1.0
N1384	favors 1.0		favors 0.5245165910942263 opposes 0.42071427437005093 __DUMMY__ 0.05476913453572277	true	1.0
N965	opposes 1.0		favors 0.521654278042515 opposes 0.42363985314526 __DUMMY__ 0.05470586881222499	true	0.5
N966	favors 1.0		favors 0.5144637210884141 opposes 0.430339620517546 __DUMMY__ 0.05519665839403996	true	1.0
N1385	opposes 1.0		favors 0.5175427755749707 opposes 0.42720778472506765 __DUMMY__ 0.05524943969996162	true	0.5
N1388	favors 1.0		favors 0.5195297364689386 opposes 0.42555732530056317 __DUMMY__ 0.054912938230498205	true	1.0
N1389	opposes 1.0		favors 0.5217546363841099 opposes 0.42318327229137764 __DUMMY__ 0.05506209132451244	true	0.5
N950	favors 1.0		favors 0.5147545636567487 opposes 0.43040843838659426 __DUMMY__ 0.054836997956657085	true	1.0
N951	opposes 1.0		favors 0.5183036176153821 opposes 0.4265527590411499 __DUMMY__ 0.05514362334346784	true	0.5
N956	opposes 1.0		favors 0.5149180535358254 opposes 0.43007451379293354 __DUMMY__ 0.05500743267124102	true	0.5
N1371	opposes 1.0	opposes 1.0	opposes 0.698718434246601 favors 0.27566983254239324 __DUMMY__ 0.025611733211005884	false	1.0
N1372	favors 1.0		favors 0.5199565446276863 opposes 0.424891701501474 __DUMMY__ 0.05515175387083975	true	1.0
N957	favors 1.0		favors 0.5172187727390285 opposes 0.4276345520232632 __DUMMY__ 0.055146675237708144	true	1.0
N958	favors 1.0		favors 0.5220137102746831 opposes 0.4234004154879278 __DUMMY__ 0.054585874237389094	true	1.0
N1370	opposes 1.0		favors 0.521036166467844 opposes 0.42410248054165167 __DUMMY__ 0.054861352990504236	true	0.5
N959	favors 1.0		favors 0.5156012228827295 opposes 0.429158784251271 __DUMMY__ 0.05523999286599942	true	1.0
N952	favors 1.0		favors 0.5166828991911083 opposes 0.42859077285431896 __DUMMY__ 0.054726327954572815	true	1.0
N1375	favors 1.0		favors 0.5174423932572184 opposes 0.4275320913581751 __DUMMY__ 0.05502551538460659	true	1.0
N1376	opposes 1.0		favors 0.5206442880865266 opposes 0.4241630882406602 __DUMMY__ 0.05519262367281334	true	0.5
N953	opposes 1.0		favors 0.5142117295843541 opposes 0.43076334292691154 __DUMMY__ 0.05502492748873436	true	0.5
N954	opposes 1.0		favors 0.5194019488828299 opposes 0.4259029208174357 __DUMMY__ 0.05469513029973445	true	0.5
N1373	favors 1.0		favors 0.523562200121268 opposes 0.4216408880831155 __DUMMY__ 0.0547969117956165	true	1.0
N955	opposes 1.0	opposes 1.0	opposes 0.6979510483349938 favors 0.27653988223520587 __DUMMY__ 0.025509069429800385	false	1.0
N1374	favors 1.0		favors 0.5210692005008627 opposes 0.42404975282352964 __DUMMY__ 0.05488104667560765	true	1.0
N1379	favors 1.0		favors 0.5182514373942766 opposes 0.42644042176873126 __DUMMY__ 0.05530814083699198	true	1.0
N1377	opposes 1.0		favors 0.5251315459149103 opposes 0.42022301508624194 __DUMMY__ 0.05464543899884768	true	0.5
N1378	favors 1.0	favors 1.0	favors 0.7469883487808845 opposes 0.22736676465627473 __DUMMY__ 0.025644886562840842	false	1.0
N981	opposes 1.0		favors 0.5162862086398641 opposes 0.428489485321774 __DUMMY__ 0.05522430603836195	true	0.5
N982	opposes 1.0	opposes 1.0	opposes 0.6979986239464888 favors 0.27650707447704664 __DUMMY__ 0.025494301576464512	false	1.0
N983	favors 1.0		favors 0.5212537892094302 opposes 0.42398652130162806 __DUMMY__ 0.05475968948894178	true	1.0
N500	opposes 1.0		favors 0.5188182743559827 opposes 0.42608729907849313 __DUMMY__ 0.05509442656552429	true	0.5
N984	favors 1.0		favors 0.5162132210923998 opposes 0.42854760801895303 __DUMMY__ 0.055239170888647174	true	1.0
N980	favors 1.0		favors 0.5195022299833725 opposes 0.4252386164763382 __DUMMY__ 0.055259153540289166	true	1.0
N505	favors 1.0	favors 1.0	favors 0.7490552484082752 opposes 0.22567287792851048 __DUMMY__ 0.025271873663214293	false	1.0
N989	opposes 1.0		favors 0.517562609262445 opposes 0.4274399860900122 __DUMMY__ 0.05499740464754276	true	0.5
N1360	opposes 1.0		favors 0.5167024319529758 opposes 0.42804275565843586 __DUMMY__ 0.05525481238858834	true	0.5
N506	opposes 1.0		favors 0.5178971871408087 opposes 0.42693814866778296 __DUMMY__ 0.05516466419140838	true	0.5
N1361	favors 1.0		favors 0.5197585622353792 opposes 0.42499183485654934 __DUMMY__ 0.05524960290807148	true	1.0
N507	opposes 1.0		favors 0.517770028399342 opposes 0.42695124535112017 __DUMMY__ 0.055278726249537835	true	0.5
N508	opposes 1.0		favors 0.5194036936706028 opposes 0.4254042343554154 __DUMMY__ 0.05519207197398178	true	0.5
N501	opposes 1.0		favors 0.5203124306284719 opposes 0.4248131357589817 __DUMMY__ 0.05487443361254632	true	0.5
N985	opposes 1.0		favors 0.5156045482650523 opposes 0.4292700339932763 __DUMMY__ 0.055125417741671304	true	0.5
N1364	favors 1.0		favors 0.5248862806368099 opposes 0.42042450194650643 __DUMMY__ 0.05468921741668368	true	1.0
N502	favors 1.0		favors 0.5193237381832886 opposes 0.4258609917077344 __DUMMY__ 0.05481527010897696	true	1.0
N986	opposes 1.0		favors 0.5220679004221578 opposes 0.4228224100135687 __DUMMY__ 0.05510968956427354	true	0.5
N1365	favors 1.0		favors 0.5154718669869431 opposes 0.42928363974966494 __DUMMY__ 0.05524449326339188	true	1.0
N503	opposes 1.0		favors 0.517781377749049 opposes 0.42724382415931206 __DUMMY__ 0.054974798091639035	true	0.5
N987	opposes 1.0		favors 0.5157014430373237 opposes 0.4293284671389309 __DUMMY__ 0.05497008982374538	true	0.5
N1362	favors 1.0		favors 0.5288554031999096 opposes 0.41675130937346166 __DUMMY__ 0.054393287426628675	true	1.0
N1363	opposes 1.0		favors 0.5155299044593372 opposes 0.4291866610474088 __DUMMY__ 0.055283434493253944	true	0.5
N504	favors 1.0		favors 0.5193667071414367 opposes 0.4255694774002062 __DUMMY__ 0.055063815458357	true	1.0
N988	favors 1.0		favors 0.520229486023175 opposes 0.4245459567376889 __DUMMY__ 0.05522455723913618	true	1.0
N1368	opposes 1.0		favors 0.5172758806113101 opposes 0.42778403744327576 __DUMMY__ 0.05494008194541409	true	0.5
N1369	favors 1.0		favors 0.5216952112496749 opposes 0.4231771337927857 __DUMMY__ 0.05512765495753946	true	1.0
N1366	opposes 1.0		favors 0.5164817260281366 opposes 0.4284108298676757 __DUMMY__ 0.05510744410418766	true	0.5
N1367	opposes 1.0		favors 0.5256719151399729 opposes 0.41930114691274956 __DUMMY__ 0.05502693794727765	true	0.5
N509	favors 1.0		favors 0.5230729304616695 opposes 0.42224716251272415 __DUMMY__ 0.05467990702560626	true	1.0
N970	favors 1.0		favors 0.5202281259345548 opposes 0.42460300002811247 __DUMMY__ 0.05516887403733272	true	1.0
N971	opposes 1.0		favors 0.5185238215759204 opposes 0.4265906539750472 __DUMMY__ 0.05488552444903237	true	0.5
N972	favors 1.0		favors 0.5152832903316689 opposes 0.42964078942471384 __DUMMY__ 0.055075920243617314	true	1.0
N973	favors 1.0		favors 0.5186795254020585 opposes 0.4261830305772303 __DUMMY__ 0.05513744402071128	true	1.0
N978	opposes 1.0		favors 0.5217733676669022 opposes 0.4235272239578017 __DUMMY__ 0.054699408375296014	true	0.5
N979	favors 1.0		favors 0.5174775420023059 opposes 0.4272754466290093 __DUMMY__ 0.055247011368684734	true	1.0
N1350	opposes 1.0		favors 0.5207002558627434 opposes 0.4242709957653748 __DUMMY__ 0.05502874837188192	true	0.5
N1353	opposes 1.0		favors 0.5185622442811291 opposes 0.4263988025045841 __DUMMY__ 0.05503895321428674	true	0.5
N974	favors 1.0		favors 0.51967754200984 opposes 0.42542748967208793 __DUMMY__ 0.05489496831807211	true	1.0
N975	favors 1.0		favors 0.5187946770272619 opposes 0.42630744962089123 __DUMMY__ 0.05489787335184685	true	1.0
N1354	opposes 1.0		favors 0.5241052854310522 opposes 0.4211927346774961 __DUMMY__ 0.054701979891451605	true	0.5
N976	favors 1.0		favors 0.5163593043340996 opposes 0.42860668199979374 __DUMMY__ 0.05503401366610667	true	1.0
N1351	favors 1.0	favors 1.0	favors 0.7462183230445537 opposes 0.22822489974108304 __DUMMY__ 0.025556777214363224	false	1.0
N977	opposes 1.0		favors 0.5190115779540166 opposes 0.4258137879997124 __DUMMY__ 0.05517463404627087	true	0.5
N1352	opposes 1.0		favors 0.5151842866429255 opposes 0.42972705279246587 __DUMMY__ 0.05508866056460863	true	0.5
N1357	favors 1.0	favors 1.0	favors 0.7468456822054884 opposes 0.22754104009206805 __DUMMY__ 0.02561327770244353	false	1.0
N1358	favors 1.0		favors 0.5244468326325418 opposes 0.4210757076267787 __DUMMY__ 0.054477459740679406	true	1.0
N1355	favors 1.0		favors 0.5197867359986507 opposes 0.42545468749135085 __DUMMY__ 0.05475857650999857	true	1.0
N1356	opposes 1.0		favors 0.517581680905167 opposes 0.4273168314988012 __DUMMY__ 0.05510148759603186	true	0.5
N1359	favors 1.0		favors 0.516880391683219 opposes 0.42791013703795616 __DUMMY__ 0.05520947127882485	true	1.0
N520	favors 1.0		favors 0.5188727631099881 opposes 0.42601328432617974 __DUMMY__ 0.05511395256383227	true	1.0
N521	favors 1.0		favors 0.5209304781827585 opposes 0.4242344604823533 __DUMMY__ 0.054835061334888274	true	1.0
N522	favors 1.0		favors 0.5194108594864193 opposes 0.42572953811131753 __DUMMY__ 0.05485960240226313	true	1.0
N527	favors 1.0		favors 0.5195030622194912 opposes 0.4253417473755479 __DUMMY__ 0.05515519040496087	true	1.0
N528	favors 1.0		favors 0.523832365745913 opposes 0.42150949843630403 __DUMMY__ 0.05465813581778287	true	1.0
N529	opposes 1.0		favors 0.51695364695644 opposes 0.4278062374564156 __DUMMY__ 0.05524011558714443	true	0.5
N523	favors 1.0		favors 0.5179872883985903 opposes 0.42702206818918637 __DUMMY__ 0.05499064341222331	true	1.0
N524	opposes 1.0		favors 0.5193444751617501 opposes 0.4255310047619762 __DUMMY__ 0.05512452007627383	true	0.5
N525	opposes 1.0		favors 0.5218951880372281 opposes 0.42344098888347265 __DUMMY__ 0.05466382307929932	true	0.5
N526	favors 1.0	favors 1.0	favors 0.7469149302565707 opposes 0.22747878392421086 __DUMMY__ 0.02560628581921844	false	1.0
N992	favors 1.0		favors 0.519561209406833 opposes 0.42555931531220875 __DUMMY__ 0.05487947528095814	true	1.0
N993	favors 1.0		favors 0.5182564864346744 opposes 0.426818765659892 __DUMMY__ 0.054924747905433634	true	1.0
N510	favors 1.0		favors 0.5170302485084636 opposes 0.42771114023431395 __DUMMY__ 0.05525861125722262	true	1.0
N994	favors 1.0		favors 0.5160530185584243 opposes 0.42883878960227206 __DUMMY__ 0.05510819183930358	true	1.0
N511	favors 1.0		favors 0.5194983028301008 opposes 0.42566445706378164 __DUMMY__ 0.05483724010611759	true	1.0
N995	opposes 1.0		favors 0.5194216519006422 opposes 0.4253618643182988 __DUMMY__ 0.05521648378105912	true	0.5
N990	favors 1.0	favors 1.0	favors 0.7452611978192133 opposes 0.22916639702668332 __DUMMY__ 0.02557240515410339	false	1.0
N991	favors 1.0		favors 0.5187452493341213 opposes 0.4261190151423818 __DUMMY__ 0.055135735523497015	true	1.0
N516	opposes 1.0		favors 0.5182052879425152 opposes 0.4269348055578414 __DUMMY__ 0.05485990649964332	true	0.5
N517	favors 1.0		favors 0.519858997459893 opposes 0.42500756447611376 __DUMMY__ 0.05513343806399338	true	1.0
N518	opposes 1.0		favors 0.5197233162714652 opposes 0.42537240235713353 __DUMMY__ 0.05490428137140137	true	0.5
N519	favors 1.0		favors 0.5170815575794254 opposes 0.4278982761857592 __DUMMY__ 0.05502016623481535	true	1.0
N512	opposes 1.0		favors 0.5210926196267832 opposes 0.4242138896249171 __DUMMY__ 0.05469349074829953	true	0.5
N996	opposes 1.0		favors 0.5210458375499194 opposes 0.4242602067021261 __DUMMY__ 0.054693955747954555	true	0.5
N513	favors 1.0	favors 1.0	favors 0.7467754380883741 opposes 0.2276861176988183 __DUMMY__ 0.025538444212807716	false	1.0
N997	favors 1.0		favors 0.5178451646059888 opposes 0.42688312291036323 __DUMMY__ 0.05527171248364808	true	1.0
N514	opposes 1.0		favors 0.5171932342012993 opposes 0.42775248211425404 __DUMMY__ 0.05505428368444664	true	0.5
N998	favors 1.0		favors 0.5188167563019125 opposes 0.4258851482349568 __DUMMY__ 0.05529809546313079	true	1.0
N515	opposes 1.0		favors 0.5217300767019402 opposes 0.4232344233948235 __DUMMY__ 0.05503549990323642	true	0.5
N999	opposes 1.0		favors 0.5239619292559835 opposes 0.4213560521170046 __DUMMY__ 0.05468201862701187	true	0.5
N541	favors 1.0		favors 0.5185971684448757 opposes 0.42659673179226193 __DUMMY__ 0.05480609976286238	true	1.0
N542	opposes 1.0		favors 0.5173933086090831 opposes 0.4276312045957322 __DUMMY__ 0.05497548679518459	true	0.5
N543	favors 1.0		favors 0.5187442903043619 opposes 0.4261688019353675 __DUMMY__ 0.055086907760270754	true	1.0
N544	favors 1.0		favors 0.5211621216943488 opposes 0.4242355966213825 __DUMMY__ 0.0546022816842686	true	1.0
N540	opposes 1.0	opposes 1.0	opposes 0.6968598516867692 favors 0.27772548098574396 __DUMMY__ 0.025414667327486755	false	1.0
N549	favors 1.0		favors 0.5162538079560923 opposes 0.4284993899929716 __DUMMY__ 0.05524680205093608	true	1.0
N545	favors 1.0		favors 0.5173559730568212 opposes 0.42750215978889655 __DUMMY__ 0.05514186715428219	true	1.0
N546	opposes 1.0		favors 0.5170316223440521 opposes 0.42770700383181137 __DUMMY__ 0.05526137382413642	true	0.5
N547	opposes 1.0		favors 0.5187835431926201 opposes 0.4260773985228094 __DUMMY__ 0.05513905828457065	true	0.5
N548	favors 1.0		favors 0.5234985583630307 opposes 0.4219189636849058 __DUMMY__ 0.054582477952063536	true	1.0
N530	opposes 1.0	opposes 1.0	opposes 0.6977332921791142 favors 0.27684837211385843 __DUMMY__ 0.025418335707027395	false	1.0
N531	opposes 1.0		favors 0.521758760108409 opposes 0.42357252020132186 __DUMMY__ 0.05466871969026916	true	0.5
N532	opposes 1.0	opposes 1.0	opposes 0.6989034282068862 favors 0.2755339534379038 __DUMMY__ 0.02556261835520999	false	1.0
N533	favors 1.0		favors 0.5162853899309495 opposes 0.4286818391439199 __DUMMY__ 0.055032770925130536	true	1.0
N1390	favors 1.0		favors 0.5215662588693759 opposes 0.42357593707864744 __DUMMY__ 0.05485780405197671	true	1.0
N1393	opposes 1.0		favors 0.5232682500582917 opposes 0.42188303902924523 __DUMMY__ 0.054848710912463135	true	0.5
N538	opposes 1.0		favors 0.5165176020459454 opposes 0.42849447361477716 __DUMMY__ 0.05498792433927728	true	0.5
N539	opposes 1.0		favors 0.5183124932490129 opposes 0.42659038722819875 __DUMMY__ 0.05509711952278833	true	0.5
N1394	opposes 1.0		favors 0.5214567852631757 opposes 0.423745171322307 __DUMMY__ 0.05479804341451714	true	0.5
N1391	opposes 1.0		favors 0.5186911849850929 opposes 0.42634044463747933 __DUMMY__ 0.05496837037742782	true	0.5
N1392	opposes 1.0		favors 0.5206016638553667 opposes 0.4243312392631955 __DUMMY__ 0.05506709688143774	true	0.5
N534	favors 1.0		favors 0.5212515016775673 opposes 0.4237528290280601 __DUMMY__ 0.05499566929437259	true	1.0
N1397	favors 1.0	favors 1.0	favors 0.7501482044927927 opposes 0.2245585222558726 __DUMMY__ 0.025293273251334656	false	1.0
N535	favors 1.0		favors 0.5173161827213151 opposes 0.42782695278263516 __DUMMY__ 0.054856864496049686	true	1.0
N1398	favors 1.0		favors 0.5192688902793213 opposes 0.425582799376219 __DUMMY__ 0.0551483103444598	true	1.0
N1395	opposes 1.0		favors 0.5195937413549413 opposes 0.42539798604710793 __DUMMY__ 0.055008272597950755	true	0.5
N536	opposes 1.0		favors 0.5193149686687538 opposes 0.42557614250180903 __DUMMY__ 0.055108888829437104	true	0.5
N537	favors 1.0		favors 0.5188712896304795 opposes 0.426282372588016 __DUMMY__ 0.05484633778150449	true	1.0
N1396	favors 1.0		favors 0.5209365467812159 opposes 0.4240382562083081 __DUMMY__ 0.05502519701047599	true	1.0
N1399	opposes 1.0		favors 0.5188638381484341 opposes 0.42588272270655064 __DUMMY__ 0.05525343914501536	true	0.5
N563	opposes 1.0		favors 0.52514347670277 opposes 0.4201794196102993 __DUMMY__ 0.054677103686930774	true	0.5
N564	opposes 1.0		favors 0.5181495603882917 opposes 0.426682566680481 __DUMMY__ 0.05516787293122735	true	0.5
N565	favors 1.0		favors 0.5177300003830769 opposes 0.42703630674296 __DUMMY__ 0.05523369287396296	true	1.0
N566	favors 1.0		favors 0.5207385755880133 opposes 0.42408221004039665 __DUMMY__ 0.05517921437159014	true	1.0
N560	favors 1.0		favors 0.5210587289278611 opposes 0.42398679071717243 __DUMMY__ 0.054954480354966466	true	1.0
N561	favors 1.0		favors 0.5181627421410446 opposes 0.4268490636560203 __DUMMY__ 0.054988194202935145	true	1.0
N562	favors 1.0		favors 0.5199438131431606 opposes 0.4248216714042945 __DUMMY__ 0.05523451545254493	true	1.0
N567	favors 1.0	favors 1.0	favors 0.7516872450066608 opposes 0.2229816379820156 __DUMMY__ 0.025331117011323602	false	1.0
N568	favors 1.0		favors 0.5161455413320655 opposes 0.4286530472994897 __DUMMY__ 0.05520141136844487	true	1.0
N569	opposes 1.0		favors 0.5211576494223834 opposes 0.4237764274778398 __DUMMY__ 0.055065923099776815	true	0.5
N552	favors 1.0	favors 1.0	favors 0.7460342776152576 opposes 0.22837821711937153 __DUMMY__ 0.025587505265370798	false	1.0
N553	opposes 1.0		favors 0.5167280260831513 opposes 0.42817313957588116 __DUMMY__ 0.055098834340967615	true	0.5
N554	opposes 1.0		favors 0.518568631120247 opposes 0.4265854412667375 __DUMMY__ 0.054845927613015606	true	0.5
N555	favors 1.0		favors 0.5210648641898928 opposes 0.42383826734724384 __DUMMY__ 0.05509686846286334	true	1.0
N550	favors 1.0		favors 0.5185684248193522 opposes 0.42658092414369503 __DUMMY__ 0.05485065103695277	true	1.0
N551	favors 1.0		favors 0.52082877379632 opposes 0.4245141414299436 __DUMMY__ 0.05465708477373638	true	1.0
N556	opposes 1.0		favors 0.5208181070407746 opposes 0.4243358800616354 __DUMMY__ 0.05484601289759	true	0.5
