N1742	opposes 1.0	opposes 1.0	opposes 0.7093222189824746 favors 0.29001480494019893 __DUMMY__ 6.629760773264947E-4	false	1.0
N1743	opposes 1.0	opposes 1.0	opposes 0.7134064928758451 favors 0.2859017667536804 __DUMMY__ 6.917403704745775E-4	false	1.0
N1740	favors 1.0	favors 1.0	favors 0.7565365534811941 opposes 0.24279743305880366 __DUMMY__ 6.660134600023149E-4	false	1.0
N1741	opposes 1.0	opposes 1.0	opposes 0.7120331091771135 favors 0.28727364914164755 __DUMMY__ 6.93241681239002E-4	false	1.0
N1746	opposes 1.0	opposes 1.0	opposes 0.708767874412865 favors 0.2905659219873847 __DUMMY__ 6.662035997501837E-4	false	1.0
N1747	opposes 1.0	opposes 1.0	opposes 0.7147872178380732 favors 0.2845228178356991 __DUMMY__ 6.899643262275927E-4	false	1.0
N1744	favors 1.0	favors 1.0	favors 0.7571093488664896 opposes 0.24219715690632684 __DUMMY__ 6.934942271834687E-4	false	1.0
N1745	favors 1.0	favors 1.0	favors 0.7587427867202587 opposes 0.24057285620109223 __DUMMY__ 6.843570786489598E-4	false	1.0
N1748	opposes 1.0	opposes 1.0	opposes 0.7121926831420166 favors 0.2871376325603348 __DUMMY__ 6.696842976486483E-4	false	1.0
N1749	favors 1.0	favors 1.0	favors 0.761374306339576 opposes 0.23796453108744564 __DUMMY__ 6.611625729783903E-4	false	1.0
N1731	opposes 1.0	opposes 1.0	opposes 0.714166454653915 favors 0.2851680534859423 __DUMMY__ 6.654918601425435E-4	false	1.0
N1732	opposes 1.0	opposes 1.0	opposes 0.7101118881508055 favors 0.2892075094561887 __DUMMY__ 6.806023930057749E-4	false	1.0
N1730	favors 1.0	favors 1.0	favors 0.7634659929833932 opposes 0.23587633285057052 __DUMMY__ 6.57674166036248E-4	false	1.0
N1735	opposes 1.0	opposes 1.0	opposes 0.7127490281010391 favors 0.2865638385234168 __DUMMY__ 6.8713337554414E-4	false	1.0
N1736	favors 1.0	favors 1.0	favors 0.7565232746811196 opposes 0.2427874944988798 __DUMMY__ 6.892308200006377E-4	false	1.0
N1733	opposes 1.0	opposes 1.0	opposes 0.7137513762323576 favors 0.2855852235802293 __DUMMY__ 6.634001874129957E-4	false	1.0
N1734	favors 1.0	favors 1.0	favors 0.759856875344556 opposes 0.23945901036959694 __DUMMY__ 6.841142858470563E-4	false	1.0
N1739	favors 1.0	favors 1.0	favors 0.7606333190496868 opposes 0.23869179793439335 __DUMMY__ 6.748830159198555E-4	false	1.0
N1737	favors 1.0		favors 0.5400608617761175 opposes 0.45147102273730244 __DUMMY__ 0.00846811548658005	true	1.0
N1738	opposes 1.0	opposes 1.0	opposes 0.7141994701995737 favors 0.2851276892999604 __DUMMY__ 6.728405004659357E-4	false	1.0
N1720	opposes 1.0	opposes 1.0	opposes 0.7004255439634843 favors 0.2989878277473188 __DUMMY__ 5.866282891968835E-4	false	1.0
N1721	opposes 1.0	opposes 1.0	opposes 0.6981679705920881 favors 0.30116908817123117 __DUMMY__ 6.629412366806705E-4	false	1.0
N1724	favors 1.0	favors 1.0	favors 0.7652055285331615 opposes 0.2341399405737777 __DUMMY__ 6.545308930607318E-4	false	1.0
N1725	favors 1.0	favors 1.0	favors 0.7684378108948939 opposes 0.2309339864219762 __DUMMY__ 6.28202683129826E-4	false	1.0
N1722	favors 1.0	favors 1.0	favors 0.7747400764101342 opposes 0.2246307703345039 __DUMMY__ 6.291532553618326E-4	false	1.0
N1723	favors 1.0	favors 1.0	favors 0.7663394430759404 opposes 0.23300497133122125 __DUMMY__ 6.555855928382348E-4	false	1.0
N1728	opposes 1.0	opposes 1.0	opposes 0.6966082690184184 favors 0.3027562621831553 __DUMMY__ 6.354687984263277E-4	false	1.0
N1729	favors 1.0	favors 1.0	favors 0.7739514411149212 opposes 0.22543240878501175 __DUMMY__ 6.161501000671379E-4	false	1.0
N1726	favors 1.0	favors 1.0	favors 0.7765147525494129 opposes 0.22288218882062766 __DUMMY__ 6.030586299595119E-4	false	1.0
N1727	opposes 1.0	opposes 1.0	opposes 0.7029858694518838 favors 0.2963798742340065 __DUMMY__ 6.342563141097282E-4	false	1.0
N1710	favors 1.0	favors 1.0	favors 0.7555063977971685 opposes 0.243797013116562 __DUMMY__ 6.96589086269496E-4	false	1.0
N1713	opposes 1.0	opposes 1.0	opposes 0.699472645625768 favors 0.29992699689207275 __DUMMY__ 6.003574821591936E-4	false	1.0
N1714	favors 1.0	favors 1.0	favors 0.7702117683014884 opposes 0.22915616412594453 __DUMMY__ 6.32067572567088E-4	false	1.0
N1711	favors 1.0	favors 1.0	favors 0.7652838306463181 opposes 0.23412575531797622 __DUMMY__ 5.904140357056891E-4	false	1.0
N1712	favors 1.0	favors 1.0	favors 0.7727606443805869 opposes 0.22660819336638918 __DUMMY__ 6.311622530238868E-4	false	1.0
N1717	favors 1.0	favors 1.0	favors 0.7697131954297207 opposes 0.22965555982945687 __DUMMY__ 6.312447408223724E-4	false	1.0
N1718	opposes 1.0	opposes 1.0	opposes 0.7010601798421107 favors 0.29833607215110547 __DUMMY__ 6.037480067838318E-4	false	1.0
N1715	favors 1.0	favors 1.0	favors 0.7671899279151527 opposes 0.23217412667452064 __DUMMY__ 6.35945410326505E-4	false	1.0
N1716	favors 1.0		favors 0.5549573626059893 opposes 0.4368004791278312 __DUMMY__ 0.008242158266179531	true	1.0
N1719	favors 1.0	favors 1.0	favors 0.7730178577003387 opposes 0.22634123171165668 __DUMMY__ 6.409105880046638E-4	false	1.0
N1782	favors 1.0	favors 1.0	favors 0.7569631035120986 opposes 0.2423148096048416 __DUMMY__ 7.220868830598129E-4	false	1.0
N1783	favors 1.0	favors 1.0	favors 0.7566452729148027 opposes 0.24263384607102 __DUMMY__ 7.20881014177339E-4	false	1.0
N1780	opposes 1.0	opposes 1.0	opposes 0.7116257361646358 favors 0.28763890120930735 __DUMMY__ 7.353626260569227E-4	false	1.0
N1781	opposes 1.0	opposes 1.0	opposes 0.707543581004043 favors 0.291756440289761 __DUMMY__ 6.999787061959254E-4	false	1.0
N1302	favors 1.0	favors 1.0	favors 0.7638394396766027 opposes 0.2354277215339552 __DUMMY__ 7.328387894421404E-4	false	1.0
N1786	opposes 1.0	opposes 1.0	opposes 0.7145054687414523 favors 0.2847702456643467 __DUMMY__ 7.242855942009678E-4	false	1.0
N1303	favors 1.0	favors 1.0	favors 0.7695372424930533 opposes 0.22975022042403784 __DUMMY__ 7.125370829088539E-4	false	1.0
N1787	opposes 1.0	opposes 1.0	opposes 0.712543746426997 favors 0.28674004891876465 __DUMMY__ 7.162046542384213E-4	false	1.0
N1300	favors 1.0	favors 1.0	favors 0.761992831598291 opposes 0.23727994873537303 __DUMMY__ 7.272196663360002E-4	false	1.0
N1784	favors 1.0		favors 0.5396756266930384 opposes 0.4518348262248749 __DUMMY__ 0.008489547082086595	true	1.0
N1301	opposes 1.0	opposes 1.0	opposes 0.7090348673819088 favors 0.29023299327661767 __DUMMY__ 7.321393414734447E-4	false	1.0
N1785	opposes 1.0	opposes 1.0	opposes 0.7052482469744094 favors 0.2940603527555011 __DUMMY__ 6.914002700895703E-4	false	1.0
N1306	opposes 1.0	opposes 1.0	opposes 0.7019739374975676 favors 0.29730879365010615 __DUMMY__ 7.172688523261842E-4	false	1.0
N1307	favors 1.0		favors 0.541353035674515 opposes 0.45011110468473753 __DUMMY__ 0.00853585964074756	true	1.0
N1304	favors 1.0	favors 1.0	favors 0.7605493789460719 opposes 0.23871852249285214 __DUMMY__ 7.320985610760317E-4	false	1.0
N1788	favors 1.0	favors 1.0	favors 0.7618460173851843 opposes 0.2374589227409897 __DUMMY__ 6.950598738259269E-4	false	1.0
N1305	favors 1.0	favors 1.0	favors 0.7653358831916033 opposes 0.2339401861771763 __DUMMY__ 7.2393063122036E-4	false	1.0
N1789	opposes 1.0	opposes 1.0	opposes 0.7158734789509267 favors 0.28340131937549584 __DUMMY__ 7.252016735774499E-4	false	1.0
N1308	opposes 1.0	opposes 1.0	opposes 0.713120181895972 favors 0.2862050352418314 __DUMMY__ 6.747828621966182E-4	false	1.0
N1309	opposes 1.0	opposes 1.0	opposes 0.7068960876731286 favors 0.2924089183205771 __DUMMY__ 6.949940062942691E-4	false	1.0
N1771	favors 1.0	favors 1.0	favors 0.7623436414104705 opposes 0.23694218512874693 __DUMMY__ 7.141734607824514E-4	false	1.0
N1772	opposes 1.0	opposes 1.0	opposes 0.7135548958787183 favors 0.2857464742404599 __DUMMY__ 6.98629880821742E-4	false	1.0
N1770	opposes 1.0	opposes 1.0	opposes 0.7134610428479551 favors 0.28583795781858634 __DUMMY__ 7.009993334584597E-4	false	1.0
N1775	favors 1.0	favors 1.0	favors 0.7537544186781217 opposes 0.24552390991377104 __DUMMY__ 7.216714081071977E-4	false	1.0
N1776	favors 1.0	favors 1.0	favors 0.7594871244964311 opposes 0.2397993491218966 __DUMMY__ 7.135263816723116E-4	false	1.0
N1773	favors 1.0	favors 1.0	favors 0.7603090592521029 opposes 0.23897382919977703 __DUMMY__ 7.171115481201404E-4	false	1.0
N1774	opposes 1.0	opposes 1.0	opposes 0.7130992311185818 favors 0.2861658357846605 __DUMMY__ 7.349330967578542E-4	false	1.0
N1779	favors 1.0	favors 1.0	favors 0.7553299190840844 opposes 0.24396478849349792 __DUMMY__ 7.05292422417645E-4	false	1.0
N1777	favors 1.0	favors 1.0	favors 0.7535281457041556 opposes 0.24576105678716806 __DUMMY__ 7.107975086762585E-4	false	1.0
N1778	favors 1.0	favors 1.0	favors 0.7610332119625638 opposes 0.2382502646386772 __DUMMY__ 7.165233987590244E-4	false	1.0
N901	favors 1.0	favors 1.0	favors 0.7575112815076296 opposes 0.24177516572547672 __DUMMY__ 7.135527668936729E-4	false	1.0
N902	favors 1.0	favors 1.0	favors 0.759397558696571 opposes 0.2398987083613169 __DUMMY__ 7.037329421121724E-4	false	1.0
N903	opposes 1.0	opposes 1.0	opposes 0.7068922653166377 favors 0.2924262124777001 __DUMMY__ 6.815222056622131E-4	false	1.0
N904	opposes 1.0		favors 0.5363269523297568 opposes 0.45517847372656267 __DUMMY__ 0.00849457394368047	true	0.5
N1760	opposes 1.0	opposes 1.0	opposes 0.7095921577853003 favors 0.28968211730237076 __DUMMY__ 7.257249123288896E-4	false	1.0
N1761	opposes 1.0	opposes 1.0	opposes 0.7060231940740243 favors 0.2932902939163605 __DUMMY__ 6.865120096151663E-4	false	1.0
N900	favors 1.0	favors 1.0	favors 0.7575470074973502 opposes 0.2417420433588308 __DUMMY__ 7.109491438190398E-4	false	1.0
N1764	favors 1.0	favors 1.0	favors 0.7601603447725847 opposes 0.2391278871058992 __DUMMY__ 7.11768121516195E-4	false	1.0
N909	favors 1.0		favors 0.540435934311136 opposes 0.45111180632515324 __DUMMY__ 0.008452259363710763	true	1.0
N1765	opposes 1.0	opposes 1.0	opposes 0.7037647347614793 favors 0.2955576342098932 __DUMMY__ 6.776310286274685E-4	false	1.0
N1762	favors 1.0	favors 1.0	favors 0.758616649531503 opposes 0.24067234066240203 __DUMMY__ 7.110098060950635E-4	false	1.0
N1763	opposes 1.0		favors 0.5389147354804287 opposes 0.45259633849682457 __DUMMY__ 0.00848892602274676	true	0.5
N1768	favors 1.0	favors 1.0	favors 0.7641543707364904 opposes 0.23516577198567934 __DUMMY__ 6.798572778303816E-4	false	1.0
N905	opposes 1.0	opposes 1.0	opposes 0.7111415873314008 favors 0.28817274264381165 __DUMMY__ 6.856700247875108E-4	false	1.0
N1769	opposes 1.0	opposes 1.0	opposes 0.7143270872341343 favors 0.28495526611209393 __DUMMY__ 7.176466537717864E-4	false	1.0
N906	favors 1.0	favors 1.0	favors 0.7620417190182628 opposes 0.23727945173255724 __DUMMY__ 6.78829249179918E-4	false	1.0
N1766	opposes 1.0	opposes 1.0	opposes 0.7131909033078319 favors 0.2860989019886861 __DUMMY__ 7.101947034820973E-4	false	1.0
N907	opposes 1.0	opposes 1.0	opposes 0.714337029046025 favors 0.2849536643577241 __DUMMY__ 7.093065962508171E-4	false	1.0
N908	opposes 1.0	opposes 1.0	opposes 0.7162442070805054 favors 0.2830880662387934 __DUMMY__ 6.677266807010856E-4	false	1.0
N1767	opposes 1.0	opposes 1.0	opposes 0.7094624359408078 favors 0.2898321448720171 __DUMMY__ 7.054191871751856E-4	false	1.0
N1750	opposes 1.0	opposes 1.0	opposes 0.7147055608620652 favors 0.2846034609289984 __DUMMY__ 6.90978208936451E-4	false	1.0
N1753	favors 1.0	favors 1.0	favors 0.7615703041632299 opposes 0.23772446465936475 __DUMMY__ 7.052311774053009E-4	false	1.0
N1754	opposes 1.0	opposes 1.0	opposes 0.7114968873726225 favors 0.28778948139391697 __DUMMY__ 7.136312334605998E-4	false	1.0
N1751	opposes 1.0	opposes 1.0	opposes 0.7111476894453664 favors 0.28817556384644405 __DUMMY__ 6.767467081895813E-4	false	1.0
N1752	opposes 1.0	opposes 1.0	opposes 0.711953538233012 favors 0.2873684505889324 __DUMMY__ 6.780111780556482E-4	false	1.0
N1757	favors 1.0	favors 1.0	favors 0.7562755323656534 opposes 0.2430256552598332 __DUMMY__ 6.988123745133729E-4	false	1.0
N1758	favors 1.0		favors 0.5482565141047829 opposes 0.4432828834736294 __DUMMY__ 0.008460602421587755	true	1.0
N1755	favors 1.0	favors 1.0	favors 0.7558293449795449 opposes 0.24345645326686208 __DUMMY__ 7.142017535929976E-4	false	1.0
N1756	favors 1.0	favors 1.0	favors 0.761204374710254 opposes 0.2380970716539353 __DUMMY__ 6.985536358106872E-4	false	1.0
N1759	favors 1.0	favors 1.0	favors 0.7579380804283196 opposes 0.2413782468795509 __DUMMY__ 6.836726921295519E-4	false	1.0
N923	favors 1.0	favors 1.0	favors 0.760674614505272 opposes 0.23865575804508676 __DUMMY__ 6.696274496413253E-4	false	1.0
N924	opposes 1.0	opposes 1.0	opposes 0.7165153266018739 favors 0.2827925371019732 __DUMMY__ 6.921362961529087E-4	false	1.0
N925	opposes 1.0	opposes 1.0	opposes 0.7135232854099441 favors 0.28579601401052396 __DUMMY__ 6.807005795319412E-4	false	1.0
N926	favors 1.0	favors 1.0	favors 0.7599958415657934 opposes 0.23933338226603218 __DUMMY__ 6.707761681745078E-4	false	1.0
N1342	favors 1.0	favors 1.0	favors 0.7631901216258878 opposes 0.23609190688319412 __DUMMY__ 7.179714909179769E-4	false	1.0
N1343	favors 1.0	favors 1.0	favors 0.767804790127739 opposes 0.23149208545894626 __DUMMY__ 7.031244133148532E-4	false	1.0
N920	favors 1.0	favors 1.0	favors 0.7552745171438192 opposes 0.24403080807888952 __DUMMY__ 6.946747772912855E-4	false	1.0
N1340	favors 1.0	favors 1.0	favors 0.7613096327204735 opposes 0.23797181625893474 __DUMMY__ 7.185510205918668E-4	false	1.0
N921	favors 1.0	favors 1.0	favors 0.7549277747641124 opposes 0.24437569020679314 __DUMMY__ 6.965350290944206E-4	false	1.0
N1341	favors 1.0	favors 1.0	favors 0.7611215711796844 opposes 0.23815602499029165 __DUMMY__ 7.224038300238774E-4	false	1.0
N922	favors 1.0	favors 1.0	favors 0.7565386181382113 opposes 0.24276768995163203 __DUMMY__ 6.936919101566344E-4	false	1.0
N1346	favors 1.0	favors 1.0	favors 0.7669284512493441 opposes 0.232372795222207 __DUMMY__ 6.987535284489672E-4	false	1.0
N1347	opposes 1.0	opposes 1.0	opposes 0.7106871986375949 favors 0.288591260264532 __DUMMY__ 7.215410978731095E-4	false	1.0
N1344	opposes 1.0	opposes 1.0	opposes 0.709989289319613 favors 0.28928544993022803 __DUMMY__ 7.252607501588701E-4	false	1.0
N1345	opposes 1.0	opposes 1.0	opposes 0.7071103933026132 favors 0.2921853910974245 __DUMMY__ 7.042155999623593E-4	false	1.0
N927	opposes 1.0	opposes 1.0	opposes 0.7165796021088375 favors 0.2827254871426217 __DUMMY__ 6.949107485407386E-4	false	1.0
N928	favors 1.0	favors 1.0	favors 0.7583785680599843 opposes 0.2409538402096082 __DUMMY__ 6.675917304074645E-4	false	1.0
N929	favors 1.0	favors 1.0	favors 0.7631936688284573 opposes 0.2361232909368344 __DUMMY__ 6.830402347083363E-4	false	1.0
N1348	favors 1.0	favors 1.0	favors 0.7740829140345566 opposes 0.22525530041211259 __DUMMY__ 6.617855533307653E-4	false	1.0
N1349	favors 1.0	favors 1.0	favors 0.765164237825668 opposes 0.2341961284860087 __DUMMY__ 6.396336883233376E-4	false	1.0
N912	opposes 1.0	opposes 1.0	opposes 0.714846080418597 favors 0.28445914578892917 __DUMMY__ 6.947737924738304E-4	false	1.0
N913	favors 1.0	favors 1.0	favors 0.7535690466318916 opposes 0.24573647510281135 __DUMMY__ 6.944782652970407E-4	false	1.0
N914	favors 1.0	favors 1.0	favors 0.7566328017192665 opposes 0.2426756746253105 __DUMMY__ 6.915236554228966E-4	false	1.0
N915	favors 1.0	favors 1.0	favors 0.7531917659046474 opposes 0.24613307800122247 __DUMMY__ 6.751560941300036E-4	false	1.0
N1331	favors 1.0	favors 1.0	favors 0.764344787211289 opposes 0.23494049179010024 __DUMMY__ 7.147209986108026E-4	false	1.0
N1332	favors 1.0	favors 1.0	favors 0.7630431615715303 opposes 0.23623316030725913 __DUMMY__ 7.236781212105583E-4	false	1.0
N910	opposes 1.0	opposes 1.0	opposes 0.7158033325030893 favors 0.2835315539950444 __DUMMY__ 6.651135018663003E-4	false	1.0
N1330	opposes 1.0	opposes 1.0	opposes 0.7077928755953014 favors 0.2915002818101096 __DUMMY__ 7.068425945891193E-4	false	1.0
N911	favors 1.0	favors 1.0	favors 0.7580079716348054 opposes 0.2413011868967237 __DUMMY__ 6.908414684709224E-4	false	1.0
N1335	opposes 1.0		favors 0.5459267351034394 opposes 0.4455725188516426 __DUMMY__ 0.008500746044917882	true	0.5
N1336	favors 1.0	favors 1.0	favors 0.7657061523933133 opposes 0.2335850282650069 __DUMMY__ 7.088193416798571E-4	false	1.0
N1333	favors 1.0	favors 1.0	favors 0.7606779046321562 opposes 0.2386021752673457 __DUMMY__ 7.199201004979773E-4	false	1.0
N1334	favors 1.0	favors 1.0	favors 0.7633526643047114 opposes 0.2359361354503588 __DUMMY__ 7.112002449298691E-4	false	1.0
N1339	opposes 1.0	opposes 1.0	opposes 0.7035581812289554 favors 0.2957451221525601 __DUMMY__ 6.966966184844825E-4	false	1.0
N916	favors 1.0	favors 1.0	favors 0.7590552697654022 opposes 0.2402601662609956 __DUMMY__ 6.845639736021924E-4	false	1.0
N917	favors 1.0	favors 1.0	favors 0.7535527246573035 opposes 0.24577700946647266 __DUMMY__ 6.70265876223868E-4	false	1.0
N1337	favors 1.0		favors 0.5458396626307747 opposes 0.4456710042630129 __DUMMY__ 0.008489333106212396	true	1.0
N918	opposes 1.0		favors 0.536316276280101 opposes 0.4552090635695195 __DUMMY__ 0.008474660150379298	true	0.5
N1338	opposes 1.0		favors 0.5479248998963702 opposes 0.4435408207665324 __DUMMY__ 0.008534279337097479	true	0.5
N919	opposes 1.0	opposes 1.0	opposes 0.7096958667073594 favors 0.2896316813794273 __DUMMY__ 6.724519132133155E-4	false	1.0
N940	opposes 1.0		favors 0.5393978353359185 opposes 0.45212614740673207 __DUMMY__ 0.00847601725734933	true	0.5
N945	favors 1.0	favors 1.0	favors 0.75991602311055 opposes 0.2394114829466471 __DUMMY__ 6.724939428029138E-4	false	1.0
N946	opposes 1.0	opposes 1.0	opposes 0.7063614343442479 favors 0.29297098874649113 __DUMMY__ 6.67576909260917E-4	false	1.0
N947	favors 1.0	favors 1.0	favors 0.7567585889771974 opposes 0.24255094410118405 __DUMMY__ 6.904669216184976E-4	false	1.0
N948	opposes 1.0	opposes 1.0	opposes 0.7093177812343373 favors 0.2900708490937406 __DUMMY__ 6.113696719220191E-4	false	1.0
N941	opposes 1.0	opposes 1.0	opposes 0.7126106078581325 favors 0.2866992128696667 __DUMMY__ 6.901792722008642E-4	false	1.0
N1320	opposes 1.0	opposes 1.0	opposes 0.7127418551252288 favors 0.28655406179597626 __DUMMY__ 7.040830787949966E-4	false	1.0
N942	opposes 1.0	opposes 1.0	opposes 0.7103311183042468 favors 0.288981551585969 __DUMMY__ 6.873301097841902E-4	false	1.0
N1321	favors 1.0	favors 1.0	favors 0.7574051569654754 opposes 0.24188593408616235 __DUMMY__ 7.089089483621939E-4	false	1.0
N943	favors 1.0	favors 1.0	favors 0.7655790027568383 opposes 0.23375245442167011 __DUMMY__ 6.685428214915527E-4	false	1.0
N944	favors 1.0	favors 1.0	favors 0.7571851976105021 opposes 0.24212609135094051 __DUMMY__ 6.887110385573792E-4	false	1.0
N1324	opposes 1.0	opposes 1.0	opposes 0.7141490530844938 favors 0.2851456786891572 __DUMMY__ 7.052682263489478E-4	false	1.0
N1325	opposes 1.0	opposes 1.0	opposes 0.7102042486354133 favors 0.2891079913669191 __DUMMY__ 6.877599976675302E-4	false	1.0
N1322	favors 1.0	favors 1.0	favors 0.7598125055177045 opposes 0.23948459815988332 __DUMMY__ 7.028963224121352E-4	false	1.0
N1323	favors 1.0	favors 1.0	favors 0.7663541718645328 opposes 0.23296754139128945 __DUMMY__ 6.782867441776912E-4	false	1.0
N1328	opposes 1.0	opposes 1.0	opposes 0.7088714246774493 favors 0.29042588058118 __DUMMY__ 7.026947413707257E-4	false	1.0
N949	favors 1.0	favors 1.0	favors 0.7666498451275856 opposes 0.23268941321408027 __DUMMY__ 6.607416583341034E-4	false	1.0
N1329	favors 1.0	favors 1.0	favors 0.7658438823451269 opposes 0.23344363383062444 __DUMMY__ 7.124838242486052E-4	false	1.0
N1326	favors 1.0	favors 1.0	favors 0.764643675069257 opposes 0.23467813933183587 __DUMMY__ 6.781855989071464E-4	false	1.0
N1327	opposes 1.0	opposes 1.0	opposes 0.7148854803485465 favors 0.2844105020947096 __DUMMY__ 7.040175567440529E-4	false	1.0
N934	opposes 1.0	opposes 1.0	opposes 0.7102698290125861 favors 0.28904893102441065 __DUMMY__ 6.812399630033097E-4	false	1.0
N935	opposes 1.0	opposes 1.0	opposes 0.7126182791033576 favors 0.2867044636280316 __DUMMY__ 6.772572686106952E-4	false	1.0
N1790	favors 1.0	favors 1.0	favors 0.7593824862437424 opposes 0.23994438474807941 __DUMMY__ 6.731290081781528E-4	false	1.0
N936	opposes 1.0	opposes 1.0	opposes 0.7081922534299437 favors 0.29112553559898535 __DUMMY__ 6.822109710709053E-4	false	1.0
N937	opposes 1.0	opposes 1.0	opposes 0.7122812912085119 favors 0.2870493607462721 __DUMMY__ 6.693480452160405E-4	false	1.0
N930	favors 1.0	favors 1.0	favors 0.7590681628182968 opposes 0.24026276274756536 __DUMMY__ 6.690744341378415E-4	false	1.0
N1793	opposes 1.0	opposes 1.0	opposes 0.7076007833098356 favors 0.2917071076720439 __DUMMY__ 6.92109018120511E-4	false	1.0
N931	opposes 1.0	opposes 1.0	opposes 0.7091499111748601 favors 0.2901624148390612 __DUMMY__ 6.876739860786334E-4	false	1.0
N1310	opposes 1.0	opposes 1.0	opposes 0.7124375997070489 favors 0.286883749345721 __DUMMY__ 6.786509472300018E-4	false	1.0
N1794	favors 1.0	favors 1.0	favors 0.7607887211288562 opposes 0.23850942080431156 __DUMMY__ 7.01858066832183E-4	false	1.0
N932	favors 1.0	favors 1.0	favors 0.7596218803490136 opposes 0.23968318399412838 __DUMMY__ 6.949356568580295E-4	false	1.0
N1791	favors 1.0	favors 1.0	favors 0.7651242557782639 opposes 0.2341865252670418 __DUMMY__ 6.892189546943205E-4	false	1.0
N933	opposes 1.0	opposes 1.0	opposes 0.7134572471388274 favors 0.28585133467709745 __DUMMY__ 6.914181840751669E-4	false	1.0
N1792	favors 1.0	favors 1.0	favors 0.7590062412654268 opposes 0.24031786588445536 __DUMMY__ 6.758928501178793E-4	false	1.0
N1313	favors 1.0	favors 1.0	favors 0.7558336656832229 opposes 0.24346056624702933 __DUMMY__ 7.057680697478854E-4	false	1.0
N1797	opposes 1.0	opposes 1.0	opposes 0.7118863790332716 favors 0.28742694557563836 __DUMMY__ 6.866753910900864E-4	false	1.0
N1314	favors 1.0	favors 1.0	favors 0.7604114339240756 opposes 0.2388927321983916 __DUMMY__ 6.958338775328287E-4	false	1.0
N1798	favors 1.0	favors 1.0	favors 0.764513592430293 opposes 0.23479772695539802 __DUMMY__ 6.886806143089801E-4	false	1.0
N1311	favors 1.0	favors 1.0	favors 0.761526809696186 opposes 0.237775700452861 __DUMMY__ 6.974898509530172E-4	false	1.0
N1795	opposes 1.0	opposes 1.0	opposes 0.7124748285013571 favors 0.2868235428840011 __DUMMY__ 7.016286146417485E-4	false	1.0
N1312	opposes 1.0	opposes 1.0	opposes 0.7116667661584749 favors 0.2876207548376098 __DUMMY__ 7.124790039152633E-4	false	1.0
N1796	opposes 1.0	opposes 1.0	opposes 0.7085934588242832 favors 0.29071656771551235 __DUMMY__ 6.899734602045174E-4	false	1.0
N938	favors 1.0	favors 1.0	favors 0.7601685431786357 opposes 0.23913240383809437 __DUMMY__ 6.990529832700048E-4	false	1.0
N1317	favors 1.0	favors 1.0	favors 0.7566847459024404 opposes 0.2426361653955903 __DUMMY__ 6.790887019692587E-4	false	1.0
N939	favors 1.0	favors 1.0	favors 0.7641706750431064 opposes 0.23515912695855057 __DUMMY__ 6.701979983429946E-4	false	1.0
N1318	opposes 1.0	opposes 1.0	opposes 0.7103555192916448 favors 0.28893114378559454 __DUMMY__ 7.133369227606274E-4	false	1.0
N1315	favors 1.0	favors 1.0	favors 0.7560907458964589 opposes 0.24322014647375892 __DUMMY__ 6.891076297821905E-4	false	1.0
N1799	opposes 1.0	opposes 1.0	opposes 0.7115004521409471 favors 0.28782313809481075 __DUMMY__ 6.764097642421543E-4	false	1.0
N1316	favors 1.0	favors 1.0	favors 0.7629507399561918 opposes 0.2363551443942823 __DUMMY__ 6.941156495259125E-4	false	1.0
N1319	favors 1.0	favors 1.0	favors 0.7646617064846356 opposes 0.23466165541623377 __DUMMY__ 6.76638099130553E-4	false	1.0
N960	opposes 1.0	opposes 1.0	opposes 0.7081184505041265 favors 0.2912077857564381 __DUMMY__ 6.737637394353697E-4	false	1.0
N961	opposes 1.0	opposes 1.0	opposes 0.7053753699675414 favors 0.29396427984362583 __DUMMY__ 6.603501888327619E-4	false	1.0
N962	favors 1.0	favors 1.0	favors 0.7694028254267599 opposes 0.22997086819448534 __DUMMY__ 6.263063787548905E-4	false	1.0
N967	opposes 1.0	opposes 1.0	opposes 0.7127888427787715 favors 0.28655752285147645 __DUMMY__ 6.536343697519888E-4	false	1.0
N1382	opposes 1.0	opposes 1.0	opposes 0.7129545299314201 favors 0.28631981024330677 __DUMMY__ 7.256598252730862E-4	false	1.0
N1383	opposes 1.0	opposes 1.0	opposes 0.7084118995799297 favors 0.29086627978472357 __DUMMY__ 7.218206353467487E-4	false	1.0
N968	favors 1.0	favors 1.0	favors 0.7630522478776712 opposes 0.2362764300047056 __DUMMY__ 6.713221176232803E-4	false	1.0
N969	opposes 1.0	opposes 1.0	opposes 0.7125006244881508 favors 0.28684772100924255 __DUMMY__ 6.516545026066156E-4	false	1.0
N1380	favors 1.0	favors 1.0	favors 0.7605766595045546 opposes 0.23869995696246613 __DUMMY__ 7.233835329793487E-4	false	1.0
N1381	favors 1.0	favors 1.0	favors 0.7669483864575247 opposes 0.23235236920376928 __DUMMY__ 6.992443387060309E-4	false	1.0
N963	favors 1.0	favors 1.0	favors 0.7588087425324092 opposes 0.24053751077621333 __DUMMY__ 6.537466913775516E-4	false	1.0
N1386	favors 1.0		favors 0.5449938105735758 opposes 0.44652146121526815 __DUMMY__ 0.00848472821115613	true	1.0
N964	favors 1.0	favors 1.0	favors 0.7620503030056961 opposes 0.23729654246865903 __DUMMY__ 6.531545256449649E-4	false	1.0
N1387	favors 1.0	favors 1.0	favors 0.766194891380279 opposes 0.23309629388650904 __DUMMY__ 7.088147332119893E-4	false	1.0
N965	opposes 1.0	opposes 1.0	opposes 0.7005613285336265 favors 0.29880006009183085 __DUMMY__ 6.386113745426265E-4	false	1.0
N1384	favors 1.0	favors 1.0	favors 0.7654150185090456 opposes 0.23387410932861646 __DUMMY__ 7.108721623379075E-4	false	1.0
N1385	opposes 1.0	opposes 1.0	opposes 0.7142389738172541 favors 0.28502767449287936 __DUMMY__ 7.333516898665721E-4	false	1.0
N966	favors 1.0	favors 1.0	favors 0.7570199934859667 opposes 0.24230333016977426 __DUMMY__ 6.766763442590287E-4	false	1.0
N1388	favors 1.0	favors 1.0	favors 0.7625113447360035 opposes 0.23678866676092936 __DUMMY__ 6.999885030670439E-4	false	1.0
N1389	opposes 1.0	opposes 1.0	opposes 0.7063591764063543 favors 0.2929295496959481 __DUMMY__ 7.112738976975244E-4	false	1.0
N950	favors 1.0	favors 1.0	favors 0.7584832930799105 opposes 0.24089781039600947 __DUMMY__ 6.188965240802172E-4	false	1.0
N951	opposes 1.0	opposes 1.0	opposes 0.7042503501660485 favors 0.2950890627576785 __DUMMY__ 6.6058707627291E-4	false	1.0
N956	opposes 1.0	opposes 1.0	opposes 0.7091545284838938 favors 0.2902322753105394 __DUMMY__ 6.131962055666839E-4	false	1.0
N1371	opposes 1.0	opposes 1.0	opposes 0.7137933444732374 favors 0.2854704919684258 __DUMMY__ 7.361635583367477E-4	false	1.0
N1372	favors 1.0	favors 1.0	favors 0.7615938002519675 opposes 0.23769019264887956 __DUMMY__ 7.16007099152949E-4	false	1.0
N957	favors 1.0	favors 1.0	favors 0.7617179669053525 opposes 0.23759319563222267 __DUMMY__ 6.88837462424795E-4	false	1.0
N958	favors 1.0	favors 1.0	favors 0.7674694973271688 opposes 0.2318802429284179 __DUMMY__ 6.502597444132322E-4	false	1.0
N959	favors 1.0	favors 1.0	favors 0.7607703203711917 opposes 0.23855334949033583 __DUMMY__ 6.763301384724032E-4	false	1.0
N1370	opposes 1.0	opposes 1.0	opposes 0.7110339460995069 favors 0.28822770899123895 __DUMMY__ 7.383449092542162E-4	false	1.0
N952	favors 1.0	favors 1.0	favors 0.7595996282880565 opposes 0.23973007168128865 __DUMMY__ 6.703000306547234E-4	false	1.0
N1375	favors 1.0	favors 1.0	favors 0.7571882063191632 opposes 0.2421138948394188 __DUMMY__ 6.978988414180024E-4	false	1.0
N1376	opposes 1.0		favors 0.5443133122808639 opposes 0.4471531190660451 __DUMMY__ 0.008533568653091156	true	0.5
N953	opposes 1.0	opposes 1.0	opposes 0.7108996636912426 favors 0.2884249392308566 __DUMMY__ 6.753970779007593E-4	false	1.0
N954	opposes 1.0	opposes 1.0	opposes 0.7107992235957528 favors 0.2885749224981562 __DUMMY__ 6.258539060911005E-4	false	1.0
N1373	favors 1.0	favors 1.0	favors 0.7569093413498521 opposes 0.24237878845175992 __DUMMY__ 7.118701983879651E-4	false	1.0
N955	opposes 1.0	opposes 1.0	opposes 0.7027035947206001 favors 0.29663157347149194 __DUMMY__ 6.648318079080065E-4	false	1.0
N1374	favors 1.0	favors 1.0	favors 0.7638003454576389 opposes 0.23547266130287184 __DUMMY__ 7.269932394892934E-4	false	1.0
N1379	favors 1.0	favors 1.0	favors 0.7579849989865954 opposes 0.24128879682023185 __DUMMY__ 7.262041931726603E-4	false	1.0
N1377	opposes 1.0	opposes 1.0	opposes 0.7044748617905789 favors 0.29481094284059944 __DUMMY__ 7.141953688216283E-4	false	1.0
N1378	favors 1.0	favors 1.0	favors 0.7584940839400368 opposes 0.24077975105942162 __DUMMY__ 7.261650005414815E-4	false	1.0
N981	opposes 1.0	opposes 1.0	opposes 0.7140309210479321 favors 0.2852945807262787 __DUMMY__ 6.744982257891602E-4	false	1.0
N982	opposes 1.0	opposes 1.0	opposes 0.7107466810844049 favors 0.288589829823263 __DUMMY__ 6.634890923320928E-4	false	1.0
N983	favors 1.0	favors 1.0	favors 0.7637044998396134 opposes 0.2356378416286243 __DUMMY__ 6.576585317623431E-4	false	1.0
N500	opposes 1.0	opposes 1.0	opposes 0.7120104069473648 favors 0.2872971361817217 __DUMMY__ 6.924568709134374E-4	false	1.0
N984	favors 1.0	favors 1.0	favors 0.7564251339077697 opposes 0.24289820809071933 __DUMMY__ 6.766580015108919E-4	false	1.0
N980	favors 1.0	favors 1.0	favors 0.7599207621062896 opposes 0.23940320187886624 __DUMMY__ 6.760360148443147E-4	false	1.0
N505	favors 1.0	favors 1.0	favors 0.7621938497400578 opposes 0.23712465242806852 __DUMMY__ 6.814978318736933E-4	false	1.0
N989	opposes 1.0	opposes 1.0	opposes 0.7121365547106909 favors 0.2872035837962657 __DUMMY__ 6.59861493043307E-4	false	1.0
N1360	opposes 1.0	opposes 1.0	opposes 0.7037187001964796 favors 0.2956044442979873 __DUMMY__ 6.768555055330606E-4	false	1.0
N506	opposes 1.0	opposes 1.0	opposes 0.7135280575140497 favors 0.2857757375834603 __DUMMY__ 6.962049024900518E-4	false	1.0
N1361	favors 1.0	favors 1.0	favors 0.7683415642110325 opposes 0.23099408404361307 __DUMMY__ 6.643517453544281E-4	false	1.0
N507	opposes 1.0	opposes 1.0	opposes 0.7136516969323059 favors 0.2856494689938835 __DUMMY__ 6.988340738106279E-4	false	1.0
N508	opposes 1.0	opposes 1.0	opposes 0.7118879483100689 favors 0.2874146428690937 __DUMMY__ 6.974088208374389E-4	false	1.0
N501	opposes 1.0		favors 0.5379184919959836 opposes 0.45359894194387695 __DUMMY__ 0.008482566060139566	true	0.5
N985	opposes 1.0	opposes 1.0	opposes 0.7132584731770998 favors 0.2861055585776387 __DUMMY__ 6.359682452614218E-4	false	1.0
N1364	favors 1.0	favors 1.0	favors 0.7750334480929644 opposes 0.2243221415269425 __DUMMY__ 6.444103800932201E-4	false	1.0
N502	favors 1.0	favors 1.0	favors 0.7609888426277615 opposes 0.23831942085297164 __DUMMY__ 6.917365192669522E-4	false	1.0
N986	opposes 1.0	opposes 1.0	opposes 0.7085363043436469 favors 0.29081361695024194 __DUMMY__ 6.500787061111667E-4	false	1.0
N1365	favors 1.0	favors 1.0	favors 0.7631051657158626 opposes 0.2362201996083686 __DUMMY__ 6.74634675768721E-4	false	1.0
N503	opposes 1.0	opposes 1.0	opposes 0.7130966556576177 favors 0.28622058287064744 __DUMMY__ 6.827614717348469E-4	false	1.0
N987	opposes 1.0	opposes 1.0	opposes 0.712612675912711 favors 0.2867524409479271 __DUMMY__ 6.34883139361777E-4	false	1.0
N1362	favors 1.0	favors 1.0	favors 0.7787580795676341 opposes 0.220610248969591 __DUMMY__ 6.316714627748856E-4	false	1.0
N504	favors 1.0	favors 1.0	favors 0.7591573134616554 opposes 0.2401379291523644 __DUMMY__ 7.047573859802702E-4	false	1.0
N988	favors 1.0	favors 1.0	favors 0.7600666247751464 opposes 0.23928017764763088 __DUMMY__ 6.531975772226988E-4	false	1.0
N1363	opposes 1.0	opposes 1.0	opposes 0.7052454521491867 favors 0.29407806088082283 __DUMMY__ 6.764869699904792E-4	false	1.0
N1368	opposes 1.0	opposes 1.0	opposes 0.7115331446579356 favors 0.28777112705615643 __DUMMY__ 6.957282859078785E-4	false	1.0
N1369	favors 1.0		favors 0.5463325732863866 opposes 0.4451715108002766 __DUMMY__ 0.008495915913336713	true	1.0
N1366	opposes 1.0	opposes 1.0	opposes 0.7118166312707245 favors 0.287487406356156 __DUMMY__ 6.959623731195333E-4	false	1.0
N1367	opposes 1.0	opposes 1.0	opposes 0.704495305568909 favors 0.29478990502350777 __DUMMY__ 7.147894075831974E-4	false	1.0
N509	favors 1.0	favors 1.0	favors 0.7630480202134954 opposes 0.23626802657710058 __DUMMY__ 6.839532094040643E-4	false	1.0
N970	favors 1.0	favors 1.0	favors 0.7613581684341796 opposes 0.23796879217147077 __DUMMY__ 6.730393943495706E-4	false	1.0
N971	opposes 1.0	opposes 1.0	opposes 0.7121482497627832 favors 0.2871715112125607 __DUMMY__ 6.802390246560985E-4	false	1.0
N972	favors 1.0	favors 1.0	favors 0.7567750593674 opposes 0.24254661981194606 __DUMMY__ 6.783208206539342E-4	false	1.0
N973	favors 1.0	favors 1.0	favors 0.7605421814599705 opposes 0.2387869880857809 __DUMMY__ 6.708304542484778E-4	false	1.0
N978	opposes 1.0	opposes 1.0	opposes 0.7074085672562708 favors 0.29193153321109166 __DUMMY__ 6.598995326374793E-4	false	1.0
N979	favors 1.0	favors 1.0	favors 0.758461397240287 opposes 0.2408608811123137 __DUMMY__ 6.777216473991894E-4	false	1.0
N1350	opposes 1.0	opposes 1.0	opposes 0.6974720525439916 favors 0.30186583647203913 __DUMMY__ 6.621109839692716E-4	false	1.0
N974	favors 1.0	favors 1.0	favors 0.7575309937391684 opposes 0.24180514110329018 __DUMMY__ 6.638651575414348E-4	false	1.0
N1353	opposes 1.0	opposes 1.0	opposes 0.698655523708563 favors 0.3006819071260061 __DUMMY__ 6.625691654309681E-4	false	1.0
N975	favors 1.0	favors 1.0	favors 0.7623027238699822 opposes 0.23702904700097802 __DUMMY__ 6.682291290397713E-4	false	1.0
N1354	opposes 1.0	opposes 1.0	opposes 0.7034099532827593 favors 0.2959444792793342 __DUMMY__ 6.45567437906495E-4	false	1.0
N976	favors 1.0	favors 1.0	favors 0.7578978534381451 opposes 0.24144725295803998 __DUMMY__ 6.548936038149679E-4	false	1.0
N1351	favors 1.0	favors 1.0	favors 0.7681225016159836 opposes 0.23120114878706663 __DUMMY__ 6.763495969497186E-4	false	1.0
N977	opposes 1.0	opposes 1.0	opposes 0.7110946868747422 favors 0.2882199781431436 __DUMMY__ 6.853349821142871E-4	false	1.0
N1352	opposes 1.0	opposes 1.0	opposes 0.7033907131579878 favors 0.29593593754641057 __DUMMY__ 6.733492956016171E-4	false	1.0
N1357	favors 1.0	favors 1.0	favors 0.7682346450059909 opposes 0.23108012112825016 __DUMMY__ 6.852338657588776E-4	false	1.0
N1358	favors 1.0	favors 1.0	favors 0.7760031719993951 opposes 0.22334511936736431 __DUMMY__ 6.517086332405677E-4	false	1.0
N1355	favors 1.0	favors 1.0	favors 0.7736910290779612 opposes 0.22563627883611675 __DUMMY__ 6.72692085922076E-4	false	1.0
N1356	opposes 1.0	opposes 1.0	opposes 0.703070863094761 favors 0.2962922757536229 __DUMMY__ 6.368611516160957E-4	false	1.0
N1359	favors 1.0	favors 1.0	favors 0.7654620035523599 opposes 0.2338699239399633 __DUMMY__ 6.6807250767679E-4	false	1.0
N520	favors 1.0	favors 1.0	favors 0.7606537608419159 opposes 0.23866277913543443 __DUMMY__ 6.834600226497848E-4	false	1.0
N521	favors 1.0	favors 1.0	favors 0.7591442485390023 opposes 0.24017226383559315 __DUMMY__ 6.834876254046829E-4	false	1.0
N522	favors 1.0	favors 1.0	favors 0.7626511334347297 opposes 0.23666131236689453 __DUMMY__ 6.875541983758203E-4	false	1.0
N527	favors 1.0	favors 1.0	favors 0.760533739555597 opposes 0.23877948312374292 __DUMMY__ 6.867773206601192E-4	false	1.0
N528	favors 1.0	favors 1.0	favors 0.7647626066645344 opposes 0.2345584401891476 __DUMMY__ 6.78953146318005E-4	false	1.0
N529	opposes 1.0	opposes 1.0	opposes 0.7128018500063643 favors 0.28651026749824116 __DUMMY__ 6.878824953945027E-4	false	1.0
N523	favors 1.0	favors 1.0	favors 0.7589747610958241 opposes 0.2403468500381425 __DUMMY__ 6.783888660334404E-4	false	1.0
N524	opposes 1.0	opposes 1.0	opposes 0.7105494740931971 favors 0.2887532220511916 __DUMMY__ 6.973038556112398E-4	false	1.0
N525	opposes 1.0	opposes 1.0	opposes 0.7068664518013326 favors 0.2924550644597506 __DUMMY__ 6.784837389168794E-4	false	1.0
N526	favors 1.0	favors 1.0	favors 0.7585586741974387 opposes 0.24075408213489397 __DUMMY__ 6.872436676673062E-4	false	1.0
N992	favors 1.0	favors 1.0	favors 0.75665545314893 opposes 0.2426996674511471 __DUMMY__ 6.448793999228911E-4	false	1.0
N993	favors 1.0	favors 1.0	favors 0.7611480604106097 opposes 0.23820497754812558 __DUMMY__ 6.469620412648039E-4	false	1.0
N510	favors 1.0		favors 0.5362355059495164 opposes 0.45526242772190023 __DUMMY__ 0.008502066328583427	true	1.0
N994	favors 1.0	favors 1.0	favors 0.7565682161432911 opposes 0.2427924130402528 __DUMMY__ 6.393708164560988E-4	false	1.0
N511	favors 1.0	favors 1.0	favors 0.7591009742860368 opposes 0.24021464371798285 __DUMMY__ 6.843819959803467E-4	false	1.0
N995	opposes 1.0	opposes 1.0	opposes 0.7116135417584307 favors 0.2877205371707197 __DUMMY__ 6.659210708496023E-4	false	1.0
N990	favors 1.0	favors 1.0	favors 0.7553562180050063 opposes 0.24398620060492565 __DUMMY__ 6.57581390067992E-4	false	1.0
N991	favors 1.0	favors 1.0	favors 0.7592363839096533 opposes 0.240110132426113 __DUMMY__ 6.534836642336737E-4	false	1.0
N516	opposes 1.0	opposes 1.0	opposes 0.7107858089202148 favors 0.28853549556153385 __DUMMY__ 6.786955182512455E-4	false	1.0
N517	favors 1.0	favors 1.0	favors 0.7617365480047074 opposes 0.23757632163800188 __DUMMY__ 6.871303572908194E-4	false	1.0
N518	opposes 1.0	opposes 1.0	opposes 0.710527179338103 favors 0.2887773416274388 __DUMMY__ 6.954790344581981E-4	false	1.0
N519	favors 1.0	favors 1.0	favors 0.7580014740219511 opposes 0.24130709565114697 __DUMMY__ 6.914303269020219E-4	false	1.0
N512	opposes 1.0	opposes 1.0	opposes 0.7089637849679409 favors 0.29035442528805594 __DUMMY__ 6.817897440031865E-4	false	1.0
N996	opposes 1.0	opposes 1.0	opposes 0.7076514513654714 favors 0.2917118185822365 __DUMMY__ 6.367300522921026E-4	false	1.0
N513	favors 1.0	favors 1.0	favors 0.7564232947809384 opposes 0.24287849325861685 __DUMMY__ 6.982119604447395E-4	false	1.0
N997	favors 1.0	favors 1.0	favors 0.7568978274580258 opposes 0.24243617380653454 __DUMMY__ 6.659987354396634E-4	false	1.0
N514	opposes 1.0	opposes 1.0	opposes 0.7117642612454185 favors 0.2875601542063091 __DUMMY__ 6.755845482723927E-4	false	1.0
N998	favors 1.0	favors 1.0	favors 0.7587327584588971 opposes 0.24061199823430526 __DUMMY__ 6.552433067976873E-4	false	1.0
N515	opposes 1.0	opposes 1.0	opposes 0.7080505679426223 favors 0.29126394257633326 __DUMMY__ 6.854894810443714E-4	false	1.0
N999	opposes 1.0	opposes 1.0	opposes 0.7069619542045683 favors 0.2923997778099819 __DUMMY__ 6.382679854496998E-4	false	1.0
N541	favors 1.0	favors 1.0	favors 0.7648110582171621 opposes 0.2345185843753723 __DUMMY__ 6.703574074655409E-4	false	1.0
N542	opposes 1.0	opposes 1.0	opposes 0.70996220340578 favors 0.2893742085257058 __DUMMY__ 6.635880685141492E-4	false	1.0
N543	favors 1.0	favors 1.0	favors 0.762026066252364 opposes 0.23729404115486838 __DUMMY__ 6.798925927675122E-4	false	1.0
N544	favors 1.0	favors 1.0	favors 0.7661642436437082 opposes 0.23317637014455575 __DUMMY__ 6.593862117361362E-4	false	1.0
N540	opposes 1.0	opposes 1.0	opposes 0.709767025485293 favors 0.28956340602004843 __DUMMY__ 6.695684946584307E-4	false	1.0
N549	favors 1.0	favors 1.0	favors 0.7591417463934046 opposes 0.24018318692727514 __DUMMY__ 6.750666793202683E-4	false	1.0
N545	favors 1.0	favors 1.0	favors 0.7604638066080421 opposes 0.23886404572653575 __DUMMY__ 6.721476654222064E-4	false	1.0
N546	opposes 1.0	opposes 1.0	opposes 0.7104269111110811 favors 0.2888996216235051 __DUMMY__ 6.734672654138245E-4	false	1.0
N547	opposes 1.0	opposes 1.0	opposes 0.7081586005351793 favors 0.29117149358867556 __DUMMY__ 6.699058761451071E-4	false	1.0
N548	favors 1.0	favors 1.0	favors 0.7668759331502653 opposes 0.2324612654243167 __DUMMY__ 6.628014254179791E-4	false	1.0
N530	opposes 1.0	opposes 1.0	opposes 0.7103972513595295 favors 0.28892574035560054 __DUMMY__ 6.77008284869997E-4	false	1.0
N531	opposes 1.0	opposes 1.0	opposes 0.7068727569383492 favors 0.2924511812117549 __DUMMY__ 6.760618498958936E-4	false	1.0
N532	opposes 1.0	opposes 1.0	opposes 0.7134496126835912 favors 0.28586286893867996 __DUMMY__ 6.875183777287843E-4	false	1.0
N533	favors 1.0	favors 1.0	favors 0.7601262404461154 opposes 0.2392152002672164 __DUMMY__ 6.585592866681926E-4	false	1.0
N1390	favors 1.0	favors 1.0	favors 0.7632654696393253 opposes 0.23601129301407756 __DUMMY__ 7.232373465971444E-4	false	1.0
N1393	opposes 1.0	opposes 1.0	opposes 0.7091142990462053 favors 0.29017984281508535 __DUMMY__ 7.058581387094324E-4	false	1.0
N538	opposes 1.0	opposes 1.0	opposes 0.7103297633335424 favors 0.28899501251599835 __DUMMY__ 6.752241504592951E-4	false	1.0
