N1742	opposes 1.0	opposes 1.0	opposes 0.7040609285469439 favors 0.29319737108592603 __DUMMY__ 0.0027417003671300717	false	1.0
N1743	opposes 1.0	opposes 1.0	opposes 0.7173494784059675 favors 0.27980038733746637 __DUMMY__ 0.0028501342565661896	false	1.0
N1740	favors 1.0	favors 1.0	favors 0.7497780157236962 opposes 0.24746992225720948 __DUMMY__ 0.002752062019094255	false	1.0
N1741	opposes 1.0	opposes 1.0	opposes 0.7134809364331207 favors 0.283641473424294 __DUMMY__ 0.002877590142585274	false	1.0
N1746	opposes 1.0	opposes 1.0	opposes 0.7035790377824889 favors 0.2936649615076071 __DUMMY__ 0.002756000709904031	false	1.0
N1747	opposes 1.0		favors 0.5209410719837216 opposes 0.4665411262434445 __DUMMY__ 0.012517801772833901	true	0.5
N1744	favors 1.0		favors 0.5238312794876367 opposes 0.4635952332199106 __DUMMY__ 0.012573487292452756	true	1.0
N1745	favors 1.0	favors 1.0	favors 0.7531229547286485 opposes 0.2439974254644402 __DUMMY__ 0.002879619806911213	false	1.0
N1748	opposes 1.0	opposes 1.0	opposes 0.7140834317527129 favors 0.2831384461149252 __DUMMY__ 0.0027781221323617015	false	1.0
N1749	favors 1.0	favors 1.0	favors 0.7633568745215605 opposes 0.23390112258124332 __DUMMY__ 0.00274200289719619	false	1.0
N1731	opposes 1.0	opposes 1.0	opposes 0.7171598261263816 favors 0.28009203722437886 __DUMMY__ 0.002748136649239495	false	1.0
N1732	opposes 1.0	opposes 1.0	opposes 0.7092631270177764 favors 0.2878987209329152 __DUMMY__ 0.0028381520493085035	false	1.0
N1730	favors 1.0	favors 1.0	favors 0.7502795425703312 opposes 0.24691233136007806 __DUMMY__ 0.0028081260695906086	false	1.0
N1735	opposes 1.0	opposes 1.0	opposes 0.7139854364748583 favors 0.28322845898089083 __DUMMY__ 0.0027861045442508984	false	1.0
N1736	favors 1.0	favors 1.0	favors 0.7502788888202024 opposes 0.24693042946353358 __DUMMY__ 0.0027906817162640114	false	1.0
N1733	opposes 1.0		favors 0.5278670495521527 opposes 0.459841610786354 __DUMMY__ 0.012291339661493216	true	0.5
N1734	favors 1.0	favors 1.0	favors 0.7566963620238994 opposes 0.2404141621367429 __DUMMY__ 0.0028894758393577147	false	1.0
N1739	favors 1.0		favors 0.5447080668007762 opposes 0.44289028460064633 __DUMMY__ 0.012401648598577359	true	1.0
N1737	favors 1.0		favors 0.5336759359926412 opposes 0.453722995679009 __DUMMY__ 0.012601068328349932	true	1.0
N1738	opposes 1.0	opposes 1.0	opposes 0.7195989940615906 favors 0.27765449266404596 __DUMMY__ 0.0027465132743635053	false	1.0
N1720	opposes 1.0	opposes 1.0	opposes 0.7119615889652658 favors 0.28526418944278437 __DUMMY__ 0.002774221591949795	false	1.0
N1721	opposes 1.0	opposes 1.0	opposes 0.7060549921303653 favors 0.2910533677752797 __DUMMY__ 0.0028916400943550706	false	1.0
N1724	favors 1.0	favors 1.0	favors 0.751933290083703 opposes 0.24513205011606493 __DUMMY__ 0.002934659800232042	false	1.0
N1725	favors 1.0	favors 1.0	favors 0.7563659585351623 opposes 0.2407213001695938 __DUMMY__ 0.002912741295243804	false	1.0
N1722	favors 1.0	favors 1.0	favors 0.7765835833735047 opposes 0.22067326852976926 __DUMMY__ 0.0027431480967259787	false	1.0
N1723	favors 1.0		favors 0.5355851200870252 opposes 0.4518809931634198 __DUMMY__ 0.01253388674955502	true	1.0
N1728	opposes 1.0		favors 0.5462695291620935 opposes 0.4415896993221102 __DUMMY__ 0.012140771515796272	true	0.5
N1729	favors 1.0	favors 1.0	favors 0.7754392055650637 opposes 0.2218513444462847 __DUMMY__ 0.0027094499886516055	false	1.0
N1726	favors 1.0	favors 1.0	favors 0.7794980631109113 opposes 0.21781671594214222 __DUMMY__ 0.002685220946946577	false	1.0
N1727	opposes 1.0	opposes 1.0	opposes 0.7178625824094363 favors 0.2792783903173893 __DUMMY__ 0.0028590272731743426	false	1.0
N1710	favors 1.0		favors 0.5176872988700475 opposes 0.46977870409458716 __DUMMY__ 0.012533997035365277	true	1.0
N1713	opposes 1.0	opposes 1.0	opposes 0.7078034455972819 favors 0.2893962898819051 __DUMMY__ 0.0028002645208129824	false	1.0
N1714	favors 1.0		favors 0.5459929225743104 opposes 0.4414060122758277 __DUMMY__ 0.012601065149861918	true	1.0
N1711	favors 1.0		favors 0.532858563672425 opposes 0.4550152352082511 __DUMMY__ 0.012126201119323912	true	1.0
N1712	favors 1.0	favors 1.0	favors 0.7672374905405093 opposes 0.2299226128857638 __DUMMY__ 0.0028398965737269468	false	1.0
N1717	favors 1.0	favors 1.0	favors 0.7612865703576208 opposes 0.23573540175458588 __DUMMY__ 0.002978027887793314	false	1.0
N1718	opposes 1.0	opposes 1.0	opposes 0.7154573831900495 favors 0.2818528233586462 __DUMMY__ 0.0026897934513042425	false	1.0
N1715	favors 1.0	favors 1.0	favors 0.759877098517826 opposes 0.23737908961133256 __DUMMY__ 0.0027438118708415418	false	1.0
N1716	favors 1.0		favors 0.5339506801912268 opposes 0.4538091035316358 __DUMMY__ 0.012240216277137355	true	1.0
N1719	favors 1.0	favors 1.0	favors 0.773309809174929 opposes 0.22385847638880021 __DUMMY__ 0.0028317144362708492	false	1.0
N1782	favors 1.0	favors 1.0	favors 0.7511495469260728 opposes 0.24586838965786734 __DUMMY__ 0.0029820634160597835	false	1.0
N1783	favors 1.0	favors 1.0	favors 0.7498209446858656 opposes 0.2471803383120076 __DUMMY__ 0.002998717002126872	false	1.0
N1780	opposes 1.0		favors 0.53417498574153 opposes 0.45302532902062764 __DUMMY__ 0.012799685237842333	true	0.5
N1781	opposes 1.0	opposes 1.0	opposes 0.6993241798411597 favors 0.29782803925919454 __DUMMY__ 0.0028477808996457124	false	1.0
N1786	opposes 1.0	opposes 1.0	opposes 0.7200692429138539 favors 0.27696133684052143 __DUMMY__ 0.0029694202456246772	false	1.0
N1302	favors 1.0	favors 1.0	favors 0.7541308914561003 opposes 0.24288829977300513 __DUMMY__ 0.0029808087708945523	false	1.0
N1303	favors 1.0		favors 0.5640952627562928 opposes 0.42346464946346074 __DUMMY__ 0.012440087780246417	true	1.0
N1787	opposes 1.0	opposes 1.0	opposes 0.7127108287052631 favors 0.2843749812776795 __DUMMY__ 0.0029141900170573496	false	1.0
N1300	favors 1.0	favors 1.0	favors 0.7515209447991659 opposes 0.2455587783669309 __DUMMY__ 0.002920276833903271	false	1.0
N1784	favors 1.0		favors 0.5296993765874285 opposes 0.4574911627632023 __DUMMY__ 0.012809460649369239	true	1.0
N1301	opposes 1.0	opposes 1.0	opposes 0.7173304949564032 favors 0.27972206987877973 __DUMMY__ 0.002947435164817054	false	1.0
N1785	opposes 1.0		favors 0.5642648402081146 opposes 0.423308495755659 __DUMMY__ 0.012426664036226399	true	0.5
N1306	opposes 1.0	opposes 1.0	opposes 0.6975031555416228 favors 0.2996817522152407 __DUMMY__ 0.0028150922431365356	false	1.0
N1307	favors 1.0		favors 0.5192891052889763 opposes 0.4681947518660658 __DUMMY__ 0.01251614284495795	true	1.0
N1304	favors 1.0	favors 1.0	favors 0.7486187386769896 opposes 0.24844750075424415 __DUMMY__ 0.0029337605687663115	false	1.0
N1788	favors 1.0		favors 0.5587431452935008 opposes 0.4288484562696685 __DUMMY__ 0.012408398436830713	true	1.0
N1789	opposes 1.0	opposes 1.0	opposes 0.7200013811654398 favors 0.277066857127756 __DUMMY__ 0.0029317617068042425	false	1.0
N1305	favors 1.0	favors 1.0	favors 0.757102920249844 opposes 0.2400562591571786 __DUMMY__ 0.0028408205929774436	false	1.0
N1308	opposes 1.0	opposes 1.0	opposes 0.7169233243759172 favors 0.28025122447139 __DUMMY__ 0.002825451152692735	false	1.0
N1309	opposes 1.0	opposes 1.0	opposes 0.705832312947834 favors 0.2912304087317059 __DUMMY__ 0.0029372783204600727	false	1.0
N1771	favors 1.0	favors 1.0	favors 0.7628045032309261 opposes 0.23421358091254785 __DUMMY__ 0.002981915856526067	false	1.0
N1772	opposes 1.0		favors 0.530663420418179 opposes 0.45690189413640797 __DUMMY__ 0.012434685445413067	true	0.5
N1770	opposes 1.0		favors 0.5275369846118729 opposes 0.4599879473976499 __DUMMY__ 0.012475067990477292	true	0.5
N1775	favors 1.0	favors 1.0	favors 0.750466238072055 opposes 0.24662797440678788 __DUMMY__ 0.002905787521157153	false	1.0
N1776	favors 1.0		favors 0.5363395099085064 opposes 0.45079907046769563 __DUMMY__ 0.01286141962379784	true	1.0
N1773	favors 1.0		favors 0.5374062420387733 opposes 0.4497480733336305 __DUMMY__ 0.012845684627596223	true	1.0
N1774	opposes 1.0	opposes 1.0	opposes 0.712560242996036 favors 0.28454986309458585 __DUMMY__ 0.0028898939093781307	false	1.0
N1779	favors 1.0		favors 0.5236615344814464 opposes 0.46390521593861 __DUMMY__ 0.012433249579943574	true	1.0
N1777	favors 1.0	favors 1.0	favors 0.744627107202156 opposes 0.25254381186725927 __DUMMY__ 0.002829080930584693	false	1.0
N1778	favors 1.0	favors 1.0	favors 0.7643233491844577 opposes 0.23276895825898578 __DUMMY__ 0.00290769255655658	false	1.0
N901	favors 1.0	favors 1.0	favors 0.7500202094931365 opposes 0.24705288474345463 __DUMMY__ 0.0029269057634088913	false	1.0
N902	favors 1.0		favors 0.5297932139794232 opposes 0.45756012613415714 __DUMMY__ 0.012646659886419607	true	1.0
N903	opposes 1.0	opposes 1.0	opposes 0.7011851263455405 favors 0.2960665689672794 __DUMMY__ 0.002748304687180021	false	1.0
N904	opposes 1.0		favors 0.5200420769762296 opposes 0.4674097445479361 __DUMMY__ 0.012548178475834358	true	0.5
N1760	opposes 1.0	opposes 1.0	opposes 0.7118833915248324 favors 0.2851954865287824 __DUMMY__ 0.0029211219463852705	false	1.0
N1761	opposes 1.0	opposes 1.0	opposes 0.699838601097893 favors 0.2973881395626146 __DUMMY__ 0.002773259339492288	false	1.0
N900	favors 1.0	favors 1.0	favors 0.7512907675182151 opposes 0.24580965329588184 __DUMMY__ 0.002899579185903015	false	1.0
N909	favors 1.0		favors 0.5379294343356402 opposes 0.44956701626808715 __DUMMY__ 0.012503549396272642	true	1.0
N1764	favors 1.0	favors 1.0	favors 0.7528143450761036 opposes 0.24422860175410613 __DUMMY__ 0.002957053169790385	false	1.0
N1765	opposes 1.0	opposes 1.0	opposes 0.6962587778051451 favors 0.30096800425231884 __DUMMY__ 0.002773217942535966	false	1.0
N1762	favors 1.0	favors 1.0	favors 0.7512201498246701 opposes 0.24587940166996436 __DUMMY__ 0.0029004485053654386	false	1.0
N1763	opposes 1.0		favors 0.523735989379783 opposes 0.46363858942504055 __DUMMY__ 0.012625421195176338	true	0.5
N1768	favors 1.0		favors 0.5582377079463051 opposes 0.42947758871838126 __DUMMY__ 0.012284703335313672	true	1.0
N905	opposes 1.0	opposes 1.0	opposes 0.7137526848467339 favors 0.283439637512007 __DUMMY__ 0.0028076776412589727	false	1.0
N906	favors 1.0	favors 1.0	favors 0.764356430008373 opposes 0.23289728931111003 __DUMMY__ 0.0027462806805170106	false	1.0
N1769	opposes 1.0	opposes 1.0	opposes 0.720395551610653 favors 0.2767570941808183 __DUMMY__ 0.0028473542085286742	false	1.0
N1766	opposes 1.0	opposes 1.0	opposes 0.7199408395040297 favors 0.27716931166386094 __DUMMY__ 0.0028898488321092933	false	1.0
N907	opposes 1.0		favors 0.5188531457678952 opposes 0.4686506491345348 __DUMMY__ 0.012496205097570134	true	0.5
N908	opposes 1.0		favors 0.5215467787647725 opposes 0.4661874484464039 __DUMMY__ 0.012265772788823402	true	0.5
N1767	opposes 1.0	opposes 1.0	opposes 0.7109418700761138 favors 0.28623515144725137 __DUMMY__ 0.0028229784766349107	false	1.0
N1750	opposes 1.0	opposes 1.0	opposes 0.7203129049418737 favors 0.2768708437082217 __DUMMY__ 0.0028162513499045637	false	1.0
N1753	favors 1.0	favors 1.0	favors 0.7562638838470621 opposes 0.24078192052265104 __DUMMY__ 0.002954195630286844	false	1.0
N1754	opposes 1.0	opposes 1.0	opposes 0.7129564975224292 favors 0.28423448265384454 __DUMMY__ 0.002809019823726261	false	1.0
N1751	opposes 1.0	opposes 1.0	opposes 0.7146523032284914 favors 0.28257287683078536 __DUMMY__ 0.002774819940723291	false	1.0
N1752	opposes 1.0		favors 0.5313400515796916 opposes 0.4563218377940478 __DUMMY__ 0.012338110626260532	true	0.5
N1757	favors 1.0	favors 1.0	favors 0.7453175265089425 opposes 0.25192178122108416 __DUMMY__ 0.002760692269973321	false	1.0
N1758	favors 1.0		favors 0.5510519943464307 opposes 0.43650862909683 __DUMMY__ 0.012439376556739191	true	1.0
N1755	favors 1.0		favors 0.5248583675174674 opposes 0.4627328221138962 __DUMMY__ 0.012408810368636405	true	1.0
N1756	favors 1.0	favors 1.0	favors 0.7566147787637919 opposes 0.24043069594355312 __DUMMY__ 0.0029545252926550065	false	1.0
N1759	favors 1.0	favors 1.0	favors 0.7499687546429686 opposes 0.24723343242325907 __DUMMY__ 0.0027978129337723366	false	1.0
N923	favors 1.0	favors 1.0	favors 0.7643955431350665 opposes 0.2328625999248413 __DUMMY__ 0.0027418569400922107	false	1.0
N924	opposes 1.0	opposes 1.0	opposes 0.7217835365507939 favors 0.2753603569163283 __DUMMY__ 0.002856106532877838	false	1.0
N925	opposes 1.0	opposes 1.0	opposes 0.7149109750651719 favors 0.28230691469984404 __DUMMY__ 0.0027821102349841957	false	1.0
N926	favors 1.0		favors 0.5493263327955172 opposes 0.4384178631401951 __DUMMY__ 0.012255804064287789	true	1.0
N1342	favors 1.0	favors 1.0	favors 0.7577623842033864 opposes 0.2393098554470995 __DUMMY__ 0.0029277603495141387	false	1.0
N1343	favors 1.0	favors 1.0	favors 0.7712266052405504 opposes 0.22597446121156511 __DUMMY__ 0.0027989335478843785	false	1.0
N920	favors 1.0	favors 1.0	favors 0.7495139003941044 opposes 0.24761757393247624 __DUMMY__ 0.0028685256734194003	false	1.0
N921	favors 1.0	favors 1.0	favors 0.7485933003061525 opposes 0.2485082869085547 __DUMMY__ 0.0028984127852928845	false	1.0
N1340	favors 1.0	favors 1.0	favors 0.7545125089650027 opposes 0.24258704397697786 __DUMMY__ 0.002900447058019418	false	1.0
N1341	favors 1.0	favors 1.0	favors 0.7531608914491025 opposes 0.24391216763125662 __DUMMY__ 0.0029269409196408065	false	1.0
N922	favors 1.0		favors 0.5242855259697029 opposes 0.4630767884269267 __DUMMY__ 0.012637685603370292	true	1.0
N1346	favors 1.0	favors 1.0	favors 0.7694270261012875 opposes 0.22778561898259517 __DUMMY__ 0.0027873549161173145	false	1.0
N1347	opposes 1.0	opposes 1.0	opposes 0.7164743422960165 favors 0.2806665115584254 __DUMMY__ 0.0028591461455581796	false	1.0
N1344	opposes 1.0	opposes 1.0	opposes 0.7159814093196342 favors 0.2811254691892827 __DUMMY__ 0.002893121491083116	false	1.0
N1345	opposes 1.0	opposes 1.0	opposes 0.7091228500964639 favors 0.28805934448592463 __DUMMY__ 0.0028178054176113843	false	1.0
N927	opposes 1.0		favors 0.5164674486688695 opposes 0.4711019739645365 __DUMMY__ 0.012430577366593913	true	0.5
N928	favors 1.0	favors 1.0	favors 0.7537644406868746 opposes 0.24344053179885092 __DUMMY__ 0.00279502751427441	false	1.0
N929	favors 1.0	favors 1.0	favors 0.7635012449686749 opposes 0.23361492145605905 __DUMMY__ 0.002883833575266053	false	1.0
N1348	favors 1.0	favors 1.0	favors 0.7676314583364442 opposes 0.22951991616803263 __DUMMY__ 0.0028486254955231646	false	1.0
N1349	favors 1.0		favors 0.5373065341222173 opposes 0.4504822579542569 __DUMMY__ 0.012211207923525855	true	1.0
N912	opposes 1.0	opposes 1.0	opposes 0.7162584925288203 favors 0.280956590295317 __DUMMY__ 0.0027849171758625667	false	1.0
N913	favors 1.0	favors 1.0	favors 0.7482623806386469 opposes 0.24894271073304655 __DUMMY__ 0.0027949086283066147	false	1.0
N914	favors 1.0	favors 1.0	favors 0.7533614453303489 opposes 0.24372689218678564 __DUMMY__ 0.002911662482865503	false	1.0
N915	favors 1.0	favors 1.0	favors 0.7435282469042078 opposes 0.2537279746169571 __DUMMY__ 0.0027437784788349982	false	1.0
N1331	favors 1.0	favors 1.0	favors 0.7608941229318815 opposes 0.2361644871424691 __DUMMY__ 0.0029413899256493	false	1.0
N1332	favors 1.0		favors 0.542381404788917 opposes 0.4451600213179028 __DUMMY__ 0.012458573893179978	true	1.0
N910	opposes 1.0	opposes 1.0	opposes 0.7168377802869926 favors 0.280401680744771 __DUMMY__ 0.002760538968236297	false	1.0
N1330	opposes 1.0	opposes 1.0	opposes 0.7093235249168544 favors 0.28786591829502783 __DUMMY__ 0.002810556788117805	false	1.0
N911	favors 1.0		favors 0.5321164671250117 opposes 0.45523871259339277 __DUMMY__ 0.012644820281595451	true	1.0
N1335	opposes 1.0		favors 0.532119845039075 opposes 0.4554780202929609 __DUMMY__ 0.012402134667964235	true	0.5
N1336	favors 1.0		favors 0.5546338471270147 opposes 0.4328988384828497 __DUMMY__ 0.01246731439013569	true	1.0
N1333	favors 1.0	favors 1.0	favors 0.7545151189054186 opposes 0.24265039959086807 __DUMMY__ 0.0028344815037133274	false	1.0
N1334	favors 1.0	favors 1.0	favors 0.7593341883309611 opposes 0.23772845031980822 __DUMMY__ 0.0029373613492306547	false	1.0
N1339	opposes 1.0	opposes 1.0	opposes 0.6985199479457149 favors 0.29870561965150616 __DUMMY__ 0.0027744324027789385	false	1.0
N916	favors 1.0	favors 1.0	favors 0.7607109888222704 opposes 0.23649978167189564 __DUMMY__ 0.002789229505833981	false	1.0
N917	favors 1.0	favors 1.0	favors 0.7469473158886125 opposes 0.2502848554701328 __DUMMY__ 0.0027678286412546405	false	1.0
N1337	favors 1.0		favors 0.5338325680047096 opposes 0.45377530505548147 __DUMMY__ 0.012392126939808948	true	1.0
N918	opposes 1.0		favors 0.5302724244588395 opposes 0.45714564575638256 __DUMMY__ 0.012581929784777929	true	0.5
N1338	opposes 1.0		favors 0.5402877308496502 opposes 0.4470324611351572 __DUMMY__ 0.012679808015192657	true	0.5
N919	opposes 1.0	opposes 1.0	opposes 0.7036463025959899 favors 0.29360700941170287 __DUMMY__ 0.0027466879923072414	false	1.0
N940	opposes 1.0		favors 0.529543442197091 opposes 0.4578069086336507 __DUMMY__ 0.012649649169258247	true	0.5
N945	favors 1.0		favors 0.5344004103850974 opposes 0.4531728089146576 __DUMMY__ 0.012426780700244798	true	1.0
N946	opposes 1.0	opposes 1.0	opposes 0.6989036381512193 favors 0.2983264731488982 __DUMMY__ 0.002769888699882531	false	1.0
N947	favors 1.0	favors 1.0	favors 0.7497863011400105 opposes 0.24733571568720028 __DUMMY__ 0.002877983172789274	false	1.0
N948	opposes 1.0	opposes 1.0	opposes 0.7161897755501317 favors 0.2811309052701144 __DUMMY__ 0.0026793191797538298	false	1.0
N941	opposes 1.0		favors 0.52723710486463 opposes 0.46009105955485174 __DUMMY__ 0.012671835580518345	true	0.5
N1320	opposes 1.0	opposes 1.0	opposes 0.7177316778441084 favors 0.2793055582733056 __DUMMY__ 0.002962763882585917	false	1.0
N942	opposes 1.0	opposes 1.0	opposes 0.7118137845538578 favors 0.28525352919744457 __DUMMY__ 0.0029326862486976067	false	1.0
N1321	favors 1.0	favors 1.0	favors 0.7491807989143867 opposes 0.24783215920774285 __DUMMY__ 0.0029870418778704015	false	1.0
N943	favors 1.0		favors 0.5632145478800662 opposes 0.4244142366100973 __DUMMY__ 0.012371215509836506	true	1.0
N944	favors 1.0	favors 1.0	favors 0.7501551873010324 opposes 0.2469575266005951 __DUMMY__ 0.0028872860983726123	false	1.0
N1324	opposes 1.0	opposes 1.0	opposes 0.7212940518375314 favors 0.2757557913294759 __DUMMY__ 0.002950156832992637	false	1.0
N1325	opposes 1.0	opposes 1.0	opposes 0.7126979178444939 favors 0.2844488859104638 __DUMMY__ 0.0028531962450422726	false	1.0
N1322	favors 1.0		favors 0.5290465685032967 opposes 0.4581947710532127 __DUMMY__ 0.01275866044349059	true	1.0
N1323	favors 1.0	favors 1.0	favors 0.7702955185340379 opposes 0.22688736818675515 __DUMMY__ 0.002817113279206911	false	1.0
N1328	opposes 1.0	opposes 1.0	opposes 0.7118583909953895 favors 0.28534344311896004 __DUMMY__ 0.0027981658856503877	false	1.0
N949	favors 1.0	favors 1.0	favors 0.7631534213872186 opposes 0.23403053362091844 __DUMMY__ 0.002816044991862866	false	1.0
N1329	favors 1.0	favors 1.0	favors 0.7644240016581313 opposes 0.2326785969538736 __DUMMY__ 0.0028974013879951694	false	1.0
N1326	favors 1.0	favors 1.0	favors 0.7678392007240182 opposes 0.22935790042420953 __DUMMY__ 0.002802898851772213	false	1.0
N1327	opposes 1.0	opposes 1.0	opposes 0.7211596086252454 favors 0.27593180640526366 __DUMMY__ 0.002908584969490909	false	1.0
N934	opposes 1.0	opposes 1.0	opposes 0.7100229734422717 favors 0.28703320113386466 __DUMMY__ 0.0029438254238636453	false	1.0
N935	opposes 1.0	opposes 1.0	opposes 0.7165820543104799 favors 0.28063606796752644 __DUMMY__ 0.002781877721993556	false	1.0
N1790	favors 1.0	favors 1.0	favors 0.753135482001932 opposes 0.24406980665523031 __DUMMY__ 0.002794711342837686	false	1.0
N936	opposes 1.0		favors 0.5525518039648586 opposes 0.4349834063078691 __DUMMY__ 0.012464789727272276	true	0.5
N937	opposes 1.0	opposes 1.0	opposes 0.7152639902024474 favors 0.2819350692474085 __DUMMY__ 0.0028009405501441703	false	1.0
N930	favors 1.0	favors 1.0	favors 0.7555230966964764 opposes 0.24167169289629184 __DUMMY__ 0.002805210407231761	false	1.0
N1793	opposes 1.0	opposes 1.0	opposes 0.7098968423850409 favors 0.2871535102498935 __DUMMY__ 0.0029496473650656345	false	1.0
N931	opposes 1.0		favors 0.5419764763596275 opposes 0.44531614537909936 __DUMMY__ 0.012707378261273227	true	0.5
N1310	opposes 1.0		favors 0.5291641978799265 opposes 0.4584390397413146 __DUMMY__ 0.012396762378758834	true	0.5
N1794	favors 1.0	favors 1.0	favors 0.7565805590342541 opposes 0.24058955139335908 __DUMMY__ 0.0028298895723867833	false	1.0
N932	favors 1.0	favors 1.0	favors 0.7577740646335376 opposes 0.23940570018093857 __DUMMY__ 0.002820235185523733	false	1.0
N1791	favors 1.0	favors 1.0	favors 0.7633939375990071 opposes 0.23370953281611254 __DUMMY__ 0.0028965295848803604	false	1.0
N933	opposes 1.0	opposes 1.0	opposes 0.7147913341302761 favors 0.28237028658061714 __DUMMY__ 0.002838379289106797	false	1.0
N1792	favors 1.0	favors 1.0	favors 0.7537548326004637 opposes 0.2434270371279169 __DUMMY__ 0.002818130271619333	false	1.0
N1313	favors 1.0	favors 1.0	favors 0.7490490125801451 opposes 0.2480721896273874 __DUMMY__ 0.0028787977924675974	false	1.0
N1797	opposes 1.0	opposes 1.0	opposes 0.7192305334811749 favors 0.27798282866674784 __DUMMY__ 0.002786637852077268	false	1.0
N1314	favors 1.0		favors 0.5339536406677522 opposes 0.4532294624252987 __DUMMY__ 0.01281689690694905	true	1.0
N1798	favors 1.0	favors 1.0	favors 0.7650552846034464 opposes 0.23210905293918976 __DUMMY__ 0.002835662457363937	false	1.0
N1311	favors 1.0	favors 1.0	favors 0.7568702096154735 opposes 0.24013071000034245 __DUMMY__ 0.002999080384184077	false	1.0
N1795	opposes 1.0	opposes 1.0	opposes 0.7160114312842167 favors 0.28115953764344237 __DUMMY__ 0.0028290310723409597	false	1.0
N1312	opposes 1.0	opposes 1.0	opposes 0.7134324434487657 favors 0.28370194596811227 __DUMMY__ 0.0028656105831219754	false	1.0
N1796	opposes 1.0	opposes 1.0	opposes 0.7106617065007821 favors 0.28638791290124604 __DUMMY__ 0.0029503805979719444	false	1.0
N1317	favors 1.0		favors 0.5225740989595584 opposes 0.465031849284852 __DUMMY__ 0.012394051755589408	true	1.0
N938	favors 1.0	favors 1.0	favors 0.7575005694938471 opposes 0.23956736366709222 __DUMMY__ 0.002932066839060618	false	1.0
N939	favors 1.0	favors 1.0	favors 0.7689517595796237 opposes 0.2282712708102722 __DUMMY__ 0.002776969610104078	false	1.0
N1318	opposes 1.0		favors 0.5341015153355634 opposes 0.4531676305736165 __DUMMY__ 0.012730854090820184	true	0.5
N1315	favors 1.0	favors 1.0	favors 0.7449463298453735 opposes 0.2522364383208428 __DUMMY__ 0.002817231833783652	false	1.0
N1799	opposes 1.0		favors 0.5263441522228443 opposes 0.46129419973108177 __DUMMY__ 0.012361648046073878	true	0.5
N1316	favors 1.0	favors 1.0	favors 0.7641607486789102 opposes 0.2329836242409093 __DUMMY__ 0.0028556270801806008	false	1.0
N1319	favors 1.0	favors 1.0	favors 0.767969617576574 opposes 0.22923958765837796 __DUMMY__ 0.0027907947650480367	false	1.0
N960	opposes 1.0	opposes 1.0	opposes 0.717115554861947 favors 0.27998091136752074 __DUMMY__ 0.0029035337705322875	false	1.0
N961	opposes 1.0	opposes 1.0	opposes 0.712790852157307 favors 0.2843157389434061 __DUMMY__ 0.0028934088992868872	false	1.0
N962	favors 1.0	favors 1.0	favors 0.7729584683602385 opposes 0.2243831486943822 __DUMMY__ 0.0026583829453792284	false	1.0
N967	opposes 1.0	opposes 1.0	opposes 0.7169916708036329 favors 0.280264875565328 __DUMMY__ 0.0027434536310392424	false	1.0
N1382	opposes 1.0	opposes 1.0	opposes 0.7221481468370172 favors 0.2749368456024961 __DUMMY__ 0.0029150075604866747	false	1.0
N968	favors 1.0	favors 1.0	favors 0.75994800057499 opposes 0.23721813322068988 __DUMMY__ 0.0028338662043200635	false	1.0
N1383	opposes 1.0	opposes 1.0	opposes 0.712635983294547 favors 0.28453710931792486 __DUMMY__ 0.002826907387528056	false	1.0
N969	opposes 1.0	opposes 1.0	opposes 0.7150957047761668 favors 0.2821642186411893 __DUMMY__ 0.00274007658264389	false	1.0
N1380	favors 1.0	favors 1.0	favors 0.7514626349576375 opposes 0.24556956686258496 __DUMMY__ 0.0029677981797774627	false	1.0
N1381	favors 1.0	favors 1.0	favors 0.7700338812021222 opposes 0.22717252155359255 __DUMMY__ 0.002793597244285307	false	1.0
N963	favors 1.0		favors 0.5181422508054672 opposes 0.46948734106979556 __DUMMY__ 0.012370408124737133	true	1.0
N1386	favors 1.0		favors 0.5339380466369963 opposes 0.4535972961616049 __DUMMY__ 0.012464657201398822	true	1.0
N964	favors 1.0	favors 1.0	favors 0.7555721080536678 opposes 0.24170549931826796 __DUMMY__ 0.0027223926280641997	false	1.0
N1387	favors 1.0	favors 1.0	favors 0.7645490627838936 opposes 0.2325420307099716 __DUMMY__ 0.0029089065061348625	false	1.0
N1384	favors 1.0	favors 1.0	favors 0.7678779306061364 opposes 0.2293332154443495 __DUMMY__ 0.002788853949514134	false	1.0
N965	opposes 1.0	opposes 1.0	opposes 0.6959251936673932 favors 0.30141075145571294 __DUMMY__ 0.0026640548768936977	false	1.0
N966	favors 1.0	favors 1.0	favors 0.747053995141428 opposes 0.25015302892153607 __DUMMY__ 0.0027929759370358886	false	1.0
N1385	opposes 1.0	opposes 1.0	opposes 0.7227926101902751 favors 0.2743399882836025 __DUMMY__ 0.002867401526122347	false	1.0
N1388	favors 1.0	favors 1.0	favors 0.7576722683998642 opposes 0.23949716142352626 __DUMMY__ 0.0028305701766094932	false	1.0
N1389	opposes 1.0		favors 0.5436852959641303 opposes 0.4436077722127496 __DUMMY__ 0.012706931823120032	true	0.5
N950	favors 1.0	favors 1.0	favors 0.751576512255128 opposes 0.24569772822564154 __DUMMY__ 0.002725759519230476	false	1.0
N951	opposes 1.0	opposes 1.0	opposes 0.7091032987179922 favors 0.2879696786676916 __DUMMY__ 0.002927022614316304	false	1.0
N956	opposes 1.0		favors 0.5231630163235889 opposes 0.4647126934946723 __DUMMY__ 0.012124290181738938	true	0.5
N1371	opposes 1.0	opposes 1.0	opposes 0.7197376885375117 favors 0.27742455648335274 __DUMMY__ 0.0028377549791355175	false	1.0
N1372	favors 1.0		favors 0.5324057886703238 opposes 0.45487262123492406 __DUMMY__ 0.012721590094751968	true	1.0
N957	favors 1.0	favors 1.0	favors 0.7565091550488154 opposes 0.2406168337467208 __DUMMY__ 0.002874011204463746	false	1.0
N958	favors 1.0	favors 1.0	favors 0.7711973726779713 opposes 0.22609347066602328 __DUMMY__ 0.002709156656005457	false	1.0
N1370	opposes 1.0	opposes 1.0	opposes 0.7142535022601133 favors 0.28290612108996144 __DUMMY__ 0.0028403766499251392	false	1.0
N959	favors 1.0	favors 1.0	favors 0.7519023132283527 opposes 0.24521828135661558 __DUMMY__ 0.0028794054150317223	false	1.0
N952	favors 1.0	favors 1.0	favors 0.7542007223314957 opposes 0.24309253177004497 __DUMMY__ 0.0027067458984592827	false	1.0
N1375	favors 1.0	favors 1.0	favors 0.7475331292604394 opposes 0.24964380569209244 __DUMMY__ 0.0028230650474683396	false	1.0
N1376	opposes 1.0		favors 0.5324645159600572 opposes 0.45488288703927304 __DUMMY__ 0.012652597000669822	true	0.5
N953	opposes 1.0	opposes 1.0	opposes 0.7161513501911945 favors 0.2810941135623208 __DUMMY__ 0.0027545362464847806	false	1.0
N954	opposes 1.0	opposes 1.0	opposes 0.7219429103826205 favors 0.2754240155206362 __DUMMY__ 0.0026330740967433594	false	1.0
N1373	favors 1.0	favors 1.0	favors 0.7439945810528451 opposes 0.2532353936768973 __DUMMY__ 0.002770025270257628	false	1.0
N955	opposes 1.0	opposes 1.0	opposes 0.699305118195155 favors 0.2979235963785322 __DUMMY__ 0.0027712854263128315	false	1.0
N1374	favors 1.0		favors 0.5496426638016861 opposes 0.4379089532994661 __DUMMY__ 0.012448382898847917	true	1.0
N1379	favors 1.0		favors 0.5199106824775032 opposes 0.46743107028303654 __DUMMY__ 0.012658247239460348	true	1.0
N1377	opposes 1.0	opposes 1.0	opposes 0.6995459585453555 favors 0.29767779990296267 __DUMMY__ 0.0027762415516819163	false	1.0
N1378	favors 1.0	favors 1.0	favors 0.7487525145935984 opposes 0.2483267905091401 __DUMMY__ 0.0029206948972614164	false	1.0
N981	opposes 1.0	opposes 1.0	opposes 0.721114233287001 favors 0.2760439441041722 __DUMMY__ 0.0028418226088267814	false	1.0
N982	opposes 1.0	opposes 1.0	opposes 0.7139426523517147 favors 0.28329808569548126 __DUMMY__ 0.0027592619528039484	false	1.0
N983	favors 1.0	favors 1.0	favors 0.7652079572463698 opposes 0.23206273957244444 __DUMMY__ 0.0027293031811856613	false	1.0
N500	opposes 1.0	opposes 1.0	opposes 0.712404867018988 favors 0.2846639455317246 __DUMMY__ 0.0029311874492873877	false	1.0
N984	favors 1.0		favors 0.5162038082254694 opposes 0.4713849368880099 __DUMMY__ 0.012411254886520645	true	1.0
N980	favors 1.0	favors 1.0	favors 0.7521195346008512 opposes 0.2449989911343487 __DUMMY__ 0.0028814742648001174	false	1.0
N505	favors 1.0	favors 1.0	favors 0.765221927666225 opposes 0.2319826496598974 __DUMMY__ 0.002795422673877658	false	1.0
N989	opposes 1.0	opposes 1.0	opposes 0.7134571768228662 favors 0.28376483890327087 __DUMMY__ 0.0027779842738628797	false	1.0
N1360	opposes 1.0	opposes 1.0	opposes 0.7155146070586392 favors 0.28156664438511675 __DUMMY__ 0.002918748556244028	false	1.0
N506	opposes 1.0	opposes 1.0	opposes 0.7164177023626009 favors 0.2806812134058052 __DUMMY__ 0.0029010842315938513	false	1.0
N1361	favors 1.0	favors 1.0	favors 0.7559546710122098 opposes 0.24114292991554756 __DUMMY__ 0.0029023990722425444	false	1.0
N507	opposes 1.0		favors 0.5255328432039521 opposes 0.46179169678429005 __DUMMY__ 0.012675460011757804	true	0.5
N508	opposes 1.0		favors 0.532844205765778 opposes 0.45449854017578595 __DUMMY__ 0.012657254058436148	true	0.5
N501	opposes 1.0		favors 0.5270231539520456 opposes 0.4605428124600428 __DUMMY__ 0.012434033587911451	true	0.5
N985	opposes 1.0	opposes 1.0	opposes 0.7160479954169252 favors 0.2812268047801865 __DUMMY__ 0.0027251998028882357	false	1.0
N1364	favors 1.0	favors 1.0	favors 0.775771564203768 opposes 0.2215478473833917 __DUMMY__ 0.0026805884128401473	false	1.0
N502	favors 1.0	favors 1.0	favors 0.7624135997141026 opposes 0.2347501873674769 __DUMMY__ 0.0028362129184205083	false	1.0
N986	opposes 1.0	opposes 1.0	opposes 0.7081135841788752 favors 0.2890578219165908 __DUMMY__ 0.00282859390453406	false	1.0
N1365	favors 1.0	favors 1.0	favors 0.7489590767316527 opposes 0.24822382158165762 __DUMMY__ 0.0028171016866895696	false	1.0
N503	opposes 1.0	opposes 1.0	opposes 0.7151851283023162 favors 0.28200833165192285 __DUMMY__ 0.0028065400457609334	false	1.0
N987	opposes 1.0		favors 0.5306506573885607 opposes 0.4571133143381981 __DUMMY__ 0.01223602827324136	true	0.5
N1362	favors 1.0	favors 1.0	favors 0.7797830551145476 opposes 0.21753786746976791 __DUMMY__ 0.002679077415684543	false	1.0
N1363	opposes 1.0	opposes 1.0	opposes 0.718967741040635 favors 0.27817542806396367 __DUMMY__ 0.002856830895401359	false	1.0
N504	favors 1.0		favors 0.5345335673589742 opposes 0.45277768059345225 __DUMMY__ 0.012688752047573573	true	1.0
N988	favors 1.0	favors 1.0	favors 0.756101380494471 opposes 0.24100497119542127 __DUMMY__ 0.0028936483101077532	false	1.0
N1368	opposes 1.0	opposes 1.0	opposes 0.7148023369467793 favors 0.2823752139640038 __DUMMY__ 0.0028224490892168855	false	1.0
N1369	favors 1.0		favors 0.5340880564497597 opposes 0.4532052345563513 __DUMMY__ 0.012706708993888975	true	1.0
N1366	opposes 1.0		favors 0.5242475192207329 opposes 0.46337677102612446 __DUMMY__ 0.012375709753142644	true	0.5
N1367	opposes 1.0	opposes 1.0	opposes 0.7058805273487812 favors 0.2912234245414735 __DUMMY__ 0.0028960481097453712	false	1.0
N509	favors 1.0	favors 1.0	favors 0.7669840971088421 opposes 0.2302059363812302 __DUMMY__ 0.0028099665099276883	false	1.0
N970	favors 1.0		favors 0.5341369412774055 opposes 0.4532441718201797 __DUMMY__ 0.012618886902414896	true	1.0
N971	opposes 1.0	opposes 1.0	opposes 0.7148482210871542 favors 0.2823779663610672 __DUMMY__ 0.0027738125517785743	false	1.0
N972	favors 1.0	favors 1.0	favors 0.748974086622597 opposes 0.24825625920068933 __DUMMY__ 0.0027696541767136687	false	1.0
N973	favors 1.0	favors 1.0	favors 0.7548360098172798 opposes 0.2422813947767029 __DUMMY__ 0.0028825954060172953	false	1.0
N978	opposes 1.0	opposes 1.0	opposes 0.7030308478106552 favors 0.29423142707829125 __DUMMY__ 0.0027377251110535495	false	1.0
N979	favors 1.0	favors 1.0	favors 0.7500163564928213 opposes 0.24713307224110526 __DUMMY__ 0.002850571266073432	false	1.0
N1350	opposes 1.0		favors 0.5461759887732909 opposes 0.4412033026478715 __DUMMY__ 0.012620708578837592	true	0.5
N1353	opposes 1.0	opposes 1.0	opposes 0.7065637724908692 favors 0.29046986821266 __DUMMY__ 0.0029663592964708605	false	1.0
N974	favors 1.0		favors 0.5182313216844245 opposes 0.46950797329218413 __DUMMY__ 0.012260705023391329	true	1.0
N975	favors 1.0		favors 0.5456327998129747 opposes 0.4419848759327697 __DUMMY__ 0.012382324254255504	true	1.0
N1354	opposes 1.0	opposes 1.0	opposes 0.7177541855467952 favors 0.27953800064806256 __DUMMY__ 0.002707813805142163	false	1.0
N976	favors 1.0	favors 1.0	favors 0.7493381577820167 opposes 0.24792012312534295 __DUMMY__ 0.00274171909264032	false	1.0
N1351	favors 1.0	favors 1.0	favors 0.7593374264397642 opposes 0.23790879248205873 __DUMMY__ 0.0027537810781772254	false	1.0
N977	opposes 1.0	opposes 1.0	opposes 0.7141283594505929 favors 0.28298969886977965 __DUMMY__ 0.002881941679627417	false	1.0
N1352	opposes 1.0	opposes 1.0	opposes 0.7133593566519828 favors 0.28385675251708253 __DUMMY__ 0.0027838908309346633	false	1.0
N1357	favors 1.0	favors 1.0	favors 0.7592491794565955 opposes 0.23786053676378374 __DUMMY__ 0.0028902837796207013	false	1.0
N1358	favors 1.0	favors 1.0	favors 0.7767663161701899 opposes 0.22052204790023294 __DUMMY__ 0.002711635929577311	false	1.0
N1355	favors 1.0	favors 1.0	favors 0.7721836866423086 opposes 0.22502576866402124 __DUMMY__ 0.0027905446936702318	false	1.0
N1356	opposes 1.0		favors 0.5287392858663118 opposes 0.45904859053032604 __DUMMY__ 0.012212123603362294	true	0.5
N1359	favors 1.0		favors 0.5310821264201064 opposes 0.45637597747898795 __DUMMY__ 0.012541896100905609	true	1.0
N520	favors 1.0	favors 1.0	favors 0.7584922028114093 opposes 0.23856978857062539 __DUMMY__ 0.0029380086179653002	false	1.0
N521	favors 1.0	favors 1.0	favors 0.7540828542186183 opposes 0.2431113661245814 __DUMMY__ 0.002805779656800348	false	1.0
N522	favors 1.0	favors 1.0	favors 0.7648000368457041 opposes 0.23234863703661743 __DUMMY__ 0.002851326117678474	false	1.0
N527	favors 1.0		favors 0.5362471776522308 opposes 0.4510996978463287 __DUMMY__ 0.01265312450144031	true	1.0
N528	favors 1.0	favors 1.0	favors 0.7696785690367579 opposes 0.22749566021009315 __DUMMY__ 0.0028257707531488757	false	1.0
N529	opposes 1.0	opposes 1.0	opposes 0.7167772798433815 favors 0.2803408509128811 __DUMMY__ 0.002881869243737413	false	1.0
N523	favors 1.0	favors 1.0	favors 0.7544887112907495 opposes 0.24270073847173398 __DUMMY__ 0.0028105502375164637	false	1.0
N524	opposes 1.0	opposes 1.0	opposes 0.7106353613758131 favors 0.2864268133852466 __DUMMY__ 0.0029378252389403326	false	1.0
N525	opposes 1.0	opposes 1.0	opposes 0.7004938796835051 favors 0.2966942610952698 __DUMMY__ 0.0028118592212251162	false	1.0
N526	favors 1.0	favors 1.0	favors 0.7525493255288912 opposes 0.24453044104334573 __DUMMY__ 0.0029202334277631543	false	1.0
N992	favors 1.0	favors 1.0	favors 0.7477534570830433 opposes 0.24951049220088892 __DUMMY__ 0.002736050716067888	false	1.0
N993	favors 1.0	favors 1.0	favors 0.7623395884887451 opposes 0.23488053913228504 __DUMMY__ 0.002779872378969822	false	1.0
N510	favors 1.0		favors 0.5236416383425928 opposes 0.4637521396156119 __DUMMY__ 0.01260622204179527	true	1.0
N994	favors 1.0		favors 0.5258844526863528 opposes 0.4618678786557613 __DUMMY__ 0.012247668657885987	true	1.0
N511	favors 1.0		favors 0.5338193671323448 opposes 0.453702265244387 __DUMMY__ 0.012478367623268184	true	1.0
N995	opposes 1.0	opposes 1.0	opposes 0.7136772493645684 favors 0.28344732898788705 __DUMMY__ 0.0028754216475445292	false	1.0
N990	favors 1.0	favors 1.0	favors 0.7486292297254731 opposes 0.2486155784509432 __DUMMY__ 0.0027551918235838215	false	1.0
N991	favors 1.0	favors 1.0	favors 0.7550962155396945 opposes 0.242027148291907 __DUMMY__ 0.0028766361683984294	false	1.0
N516	opposes 1.0		favors 0.5386061443498047 opposes 0.44898087459747127 __DUMMY__ 0.012412981052723926	true	0.5
N517	favors 1.0	favors 1.0	favors 0.759652427144642 opposes 0.23740491113676576 __DUMMY__ 0.0029426617185921186	false	1.0
N518	opposes 1.0	opposes 1.0	opposes 0.7091784846355984 favors 0.28797370471042355 __DUMMY__ 0.002847810653978112	false	1.0
N519	favors 1.0		favors 0.5302538159097139 opposes 0.45723175834648483 __DUMMY__ 0.012514425743801313	true	1.0
N512	opposes 1.0	opposes 1.0	opposes 0.7028504766922035 favors 0.29435627849130586 __DUMMY__ 0.002793244816490643	false	1.0
N996	opposes 1.0	opposes 1.0	opposes 0.7020011867340646 favors 0.29526075059825574 __DUMMY__ 0.002738062667679622	false	1.0
N513	favors 1.0	favors 1.0	favors 0.7494763226738197 opposes 0.24765193377646735 __DUMMY__ 0.002871743549712968	false	1.0
N997	favors 1.0	favors 1.0	favors 0.7490798126217143 opposes 0.24805377178588991 __DUMMY__ 0.002866415592395812	false	1.0
N514	opposes 1.0	opposes 1.0	opposes 0.7126991532093319 favors 0.2844877702349412 __DUMMY__ 0.002813076555726846	false	1.0
N998	favors 1.0	favors 1.0	favors 0.7524820079290854 opposes 0.244625433600937 __DUMMY__ 0.0028925584699776618	false	1.0
N515	opposes 1.0		favors 0.547592666198488 opposes 0.43978180767675856 __DUMMY__ 0.012625526124753502	true	0.5
N999	opposes 1.0	opposes 1.0	opposes 0.700654199884275 favors 0.2966058964885944 __DUMMY__ 0.0027399036271305594	false	1.0
N541	favors 1.0	favors 1.0	favors 0.767100268580091 opposes 0.23006526807638925 __DUMMY__ 0.0028344633435197146	false	1.0
N542	opposes 1.0	opposes 1.0	opposes 0.7125964006651476 favors 0.28460513950025923 __DUMMY__ 0.0027984598345930476	false	1.0
N543	favors 1.0	favors 1.0	favors 0.7596566738764746 opposes 0.23741822748317168 __DUMMY__ 0.0029250986403537575	false	1.0
N544	favors 1.0		favors 0.5621487104072734 opposes 0.4254716268162174 __DUMMY__ 0.012379662776509197	true	1.0
N540	opposes 1.0	opposes 1.0	opposes 0.7127656706182317 favors 0.2844366732389026 __DUMMY__ 0.0027976561428656598	false	1.0
N549	favors 1.0		favors 0.5279011717514142 opposes 0.4595606702076267 __DUMMY__ 0.012538158040959264	true	1.0
N545	favors 1.0	favors 1.0	favors 0.7553552494085187 opposes 0.2417417228572655 __DUMMY__ 0.0029030277342157406	false	1.0
N546	opposes 1.0	opposes 1.0	opposes 0.7140845161658677 favors 0.2830041728155011 __DUMMY__ 0.002911311018631243	false	1.0
N547	opposes 1.0	opposes 1.0	opposes 0.7096926088494224 favors 0.2873947200973894 __DUMMY__ 0.002912671053188291	false	1.0
N548	favors 1.0	favors 1.0	favors 0.7726766315722516 opposes 0.22452066446540986 __DUMMY__ 0.0028027039623385037	false	1.0
N530	opposes 1.0	opposes 1.0	opposes 0.7105942895490952 favors 0.28657195026790105 __DUMMY__ 0.00283376018300377	false	1.0
N531	opposes 1.0	opposes 1.0	opposes 0.6999668108894451 favors 0.2972303739151822 __DUMMY__ 0.002802815195372777	false	1.0
N532	opposes 1.0	opposes 1.0	opposes 0.7171231085144846 favors 0.2800065482728268 __DUMMY__ 0.0028703432126886514	false	1.0
N533	favors 1.0	favors 1.0	favors 0.7556243082220965 opposes 0.24158138922310987 __DUMMY__ 0.002794302554793609	false	1.0
N1390	favors 1.0	favors 1.0	favors 0.7603775266951939 opposes 0.23677864131281218 __DUMMY__ 0.0028438319919939542	false	1.0
N1393	opposes 1.0	opposes 1.0	opposes 0.7142790848846196 favors 0.28290836722153717 __DUMMY__ 0.002812547893843252	false	1.0
N538	opposes 1.0	opposes 1.0	opposes 0.7122692281017846 favors 0.28488697304977045 __DUMMY__ 0.0028437988484449075	false	1.0
N539	opposes 1.0	opposes 1.0	opposes 0.7080273748786405 favors 0.2890371136924401 __DUMMY__ 0.0029355114289192795	false	1.0
N1394	opposes 1.0		favors 0.5562079481324446 opposes 0.4312929144360886 __DUMMY__ 0.012499137431466687	true	0.5
N1391	opposes 1.0	opposes 1.0	opposes 0.7139248736836111 favors 0.28322257202831447 __DUMMY__ 0.002852554288074348	false	1.0
N1392	opposes 1.0	opposes 1.0	opposes 0.7093580029428037 favors 0.2876873861090446 __DUMMY__ 0.002954610948151678	false	1.0
N534	favors 1.0		favors 0.551246301912768 opposes 0.43618416214510164 __DUMMY__ 0.01256953594213036	true	1.0
