N1742	opposes 1.0		favors 0.5213501561898882 opposes 0.4557173756191519 __DUMMY__ 0.022932468190960054	true	0.5
N1743	opposes 1.0		favors 0.5165119388335377 opposes 0.4605007110010296 __DUMMY__ 0.022987350165432647	true	0.5
N1740	favors 1.0	favors 1.0	favors 0.7463089935888435 opposes 0.24532566016876406 __DUMMY__ 0.008365346242392432	false	1.0
N1741	opposes 1.0		favors 0.5183768802698563 opposes 0.4586111119078569 __DUMMY__ 0.023012007822286726	true	0.5
N1746	opposes 1.0		favors 0.5225655489429114 opposes 0.45452006554355723 __DUMMY__ 0.022914385513531265	true	0.5
N1747	opposes 1.0		favors 0.515725122441125 opposes 0.4612908800287778 __DUMMY__ 0.02298399753009717	true	0.5
N1744	favors 1.0		favors 0.5162371410844221 opposes 0.46075297550322053 __DUMMY__ 0.023009883412357286	true	1.0
N1745	favors 1.0	favors 1.0	favors 0.7467361890330138 opposes 0.2448475019579091 __DUMMY__ 0.00841630900907715	false	1.0
N1748	opposes 1.0	opposes 1.0	opposes 0.7169733289566286 favors 0.2746537634484918 __DUMMY__ 0.008372907594879601	false	1.0
N1749	favors 1.0	favors 1.0	favors 0.7483809418920511 opposes 0.24325170995678314 __DUMMY__ 0.00836734815116597	false	1.0
N1731	opposes 1.0	opposes 1.0	opposes 0.7163540925996521 favors 0.27526528391910526 __DUMMY__ 0.008380623481242638	false	1.0
N1732	opposes 1.0	opposes 1.0	opposes 0.7145580044482628 favors 0.2770396280366005 __DUMMY__ 0.008402367515136766	false	1.0
N1730	favors 1.0		favors 0.5241674061225098 opposes 0.4531733603326853 __DUMMY__ 0.022659233544804997	true	1.0
N1735	opposes 1.0	opposes 1.0	opposes 0.7159490599540361 favors 0.27567285441765665 __DUMMY__ 0.008378085628307266	false	1.0
N1736	favors 1.0	favors 1.0	favors 0.7456462804246514 opposes 0.2459761835547647 __DUMMY__ 0.008377536020583824	false	1.0
N1733	opposes 1.0		favors 0.5166741344615932 opposes 0.46043095406171924 __DUMMY__ 0.022894911476687523	true	0.5
N1734	favors 1.0	favors 1.0	favors 0.7480213766407726 opposes 0.24354298734578103 __DUMMY__ 0.008435636013446353	false	1.0
N1739	favors 1.0		favors 0.5201647296951674 opposes 0.4568904449420079 __DUMMY__ 0.022944825362824533	true	1.0
N1737	favors 1.0		favors 0.5187532538673254 opposes 0.45821110510950414 __DUMMY__ 0.023035641023170378	true	1.0
N1738	opposes 1.0	opposes 1.0	opposes 0.7176106879691848 favors 0.2740551826874996 __DUMMY__ 0.00833412934331563	false	1.0
N1720	opposes 1.0		favors 0.5298851425053976 opposes 0.4473005064777422 __DUMMY__ 0.022814351016860246	true	0.5
N1721	opposes 1.0	opposes 1.0	opposes 0.7065298393661956 favors 0.28503167398669055 __DUMMY__ 0.008438486647113849	false	1.0
N1724	favors 1.0	favors 1.0	favors 0.7489168968257087 opposes 0.24258319608290255 __DUMMY__ 0.008499907091388656	false	1.0
N1725	favors 1.0	favors 1.0	favors 0.750805666938224 opposes 0.24073289825164543 __DUMMY__ 0.008461434810130513	false	1.0
N1722	favors 1.0		favors 0.5388622653779558 opposes 0.43836572025282716 __DUMMY__ 0.022772014369217015	true	1.0
N1723	favors 1.0		favors 0.5272251711249851 opposes 0.4499091354891291 __DUMMY__ 0.022865693385885778	true	1.0
N1728	opposes 1.0		favors 0.5321686345265285 opposes 0.4451324685622068 __DUMMY__ 0.022698896911264754	true	0.5
N1729	favors 1.0	favors 1.0	favors 0.7554006503998506 opposes 0.2361356670630711 __DUMMY__ 0.008463682537078182	false	1.0
N1726	favors 1.0	favors 1.0	favors 0.7576106030456738 opposes 0.23390878587397834 __DUMMY__ 0.008480611080347889	false	1.0
N1727	opposes 1.0		favors 0.5240365689215825 opposes 0.4531450692575301 __DUMMY__ 0.022818361820887444	true	0.5
N1710	favors 1.0		favors 0.5132093847047994 opposes 0.4639907325700025 __DUMMY__ 0.022799882725198287	true	1.0
N1713	opposes 1.0	opposes 1.0	opposes 0.7063328555251704 favors 0.2851179907478686 __DUMMY__ 0.008549153726960902	false	1.0
N1714	favors 1.0		favors 0.5312432280174597 opposes 0.4458890381145171 __DUMMY__ 0.022867733868023165	true	1.0
N1711	favors 1.0		favors 0.5294131568306921 opposes 0.4477289989823072 __DUMMY__ 0.02285784418700065	true	1.0
N1712	favors 1.0	favors 1.0	favors 0.7548724606266419 opposes 0.23661617478151745 __DUMMY__ 0.008511364591840685	false	1.0
N1717	favors 1.0	favors 1.0	favors 0.7520703185756759 opposes 0.23934303104980054 __DUMMY__ 0.00858665037452361	false	1.0
N1718	opposes 1.0		favors 0.5295422152025385 opposes 0.4478822103281512 __DUMMY__ 0.02257557446931041	true	0.5
N1715	favors 1.0	favors 1.0	favors 0.7519446059480557 opposes 0.239640035022251 __DUMMY__ 0.008415359029693278	false	1.0
N1716	favors 1.0		favors 0.5257011565281248 opposes 0.4516349543772356 __DUMMY__ 0.022663889094639563	true	1.0
N1719	favors 1.0	favors 1.0	favors 0.7547085938373765 opposes 0.23681377637566348 __DUMMY__ 0.008477629786960013	false	1.0
N1782	favors 1.0	favors 1.0	favors 0.7472836918410243 opposes 0.24420986468025807 __DUMMY__ 0.008506443478717585	false	1.0
N1783	favors 1.0	favors 1.0	favors 0.7473379775740716 opposes 0.24413696369090648 __DUMMY__ 0.00852505873502177	false	1.0
N1780	opposes 1.0		favors 0.5219088265792429 opposes 0.45498930461726417 __DUMMY__ 0.0231018688034929	true	0.5
N1781	opposes 1.0	opposes 1.0	opposes 0.7095213763947593 favors 0.2819788261653199 __DUMMY__ 0.008499797439920747	false	1.0
N1302	favors 1.0	favors 1.0	favors 0.7515059394032843 opposes 0.2400774799243591 __DUMMY__ 0.00841658067235658	false	1.0
N1786	opposes 1.0	opposes 1.0	opposes 0.7146193009177897 favors 0.27684619772607966 __DUMMY__ 0.008534501356130587	false	1.0
N1303	favors 1.0		favors 0.5355204825272024 opposes 0.44159074366858364 __DUMMY__ 0.022888773804213905	true	1.0
N1787	opposes 1.0		favors 0.5193762110100958 opposes 0.45758659855022876 __DUMMY__ 0.023037190439675434	true	0.5
N1300	favors 1.0	favors 1.0	favors 0.7501268072520892 opposes 0.24150509605600998 __DUMMY__ 0.008368096691900829	false	1.0
N1784	favors 1.0		favors 0.5206051034424616 opposes 0.4562595101423363 __DUMMY__ 0.023135386415202148	true	1.0
N1301	opposes 1.0	opposes 1.0	opposes 0.7127203259815851 favors 0.2788711497960613 __DUMMY__ 0.008408524222353655	false	1.0
N1785	opposes 1.0		favors 0.5318126226171015 opposes 0.44515549102258445 __DUMMY__ 0.023031886360314082	true	0.5
N1306	opposes 1.0	opposes 1.0	opposes 0.7076444525354237 favors 0.2839978217649052 __DUMMY__ 0.008357725699671218	false	1.0
N1307	favors 1.0		favors 0.5202396541673989 opposes 0.45699488968362895 __DUMMY__ 0.022765456148972203	true	1.0
N1304	favors 1.0	favors 1.0	favors 0.7501836891095955 opposes 0.24139856160433593 __DUMMY__ 0.00841774928606856	false	1.0
N1788	favors 1.0		favors 0.5280065558022924 opposes 0.44899656568378044 __DUMMY__ 0.02299687851392704	true	1.0
N1305	favors 1.0		favors 0.526520003424445 opposes 0.4507153660796687 __DUMMY__ 0.022764630495886125	true	1.0
N1789	opposes 1.0	opposes 1.0	opposes 0.7171228344935076 favors 0.2744166947102477 __DUMMY__ 0.00846047079624474	false	1.0
N1308	opposes 1.0	opposes 1.0	opposes 0.713668046992369 favors 0.2780264850790716 __DUMMY__ 0.008305467928559426	false	1.0
N1309	opposes 1.0		favors 0.5273537254096372 opposes 0.4498904672366423 __DUMMY__ 0.02275580735372055	true	0.5
N1771	favors 1.0		favors 0.5270160073423088 opposes 0.44986374272497437 __DUMMY__ 0.02312024993271672	true	1.0
N1772	opposes 1.0		favors 0.5215429922639381 opposes 0.4554351275090189 __DUMMY__ 0.023021880227043025	true	0.5
N1770	opposes 1.0		favors 0.5215718609994254 opposes 0.4553259242446195 __DUMMY__ 0.023102214755955083	true	0.5
N1775	favors 1.0		favors 0.515665163519543 opposes 0.4613372029777056 __DUMMY__ 0.022997633502751354	true	1.0
N1776	favors 1.0		favors 0.5227204784207096 opposes 0.4540543197637943 __DUMMY__ 0.023225201815496116	true	1.0
N1773	favors 1.0		favors 0.5231898357509867 opposes 0.4536068275142292 __DUMMY__ 0.02320333673478419	true	1.0
N1774	opposes 1.0	opposes 1.0	opposes 0.7128408287001305 favors 0.27871273305601046 __DUMMY__ 0.008446438243858998	false	1.0
N1779	favors 1.0		favors 0.5209236012733838 opposes 0.45603080553083114 __DUMMY__ 0.0230455931957851	true	1.0
N1777	favors 1.0	favors 1.0	favors 0.746587832013698 opposes 0.2450027884358845 __DUMMY__ 0.008409379550417357	false	1.0
N1778	favors 1.0	favors 1.0	favors 0.7512450665882472 opposes 0.24025980003154362 __DUMMY__ 0.00849513338020927	false	1.0
N901	favors 1.0	favors 1.0	favors 0.7451643363306342 opposes 0.24647020615955137 __DUMMY__ 0.008365457509814477	false	1.0
N902	favors 1.0		favors 0.5155107860180487 opposes 0.46166685303599514 __DUMMY__ 0.022822360945956115	true	1.0
N903	opposes 1.0	opposes 1.0	opposes 0.7133983226765216 favors 0.27832351035531977 __DUMMY__ 0.008278166968158565	false	1.0
N904	opposes 1.0		favors 0.5139423113798883 opposes 0.4632391433505745 __DUMMY__ 0.02281854526953712	true	0.5
N1760	opposes 1.0		favors 0.5242709954975978 opposes 0.4525673969907829 __DUMMY__ 0.023161607511619425	true	0.5
N1761	opposes 1.0		favors 0.529370626158251 opposes 0.4474462913587504 __DUMMY__ 0.023183082482998486	true	0.5
N900	favors 1.0	favors 1.0	favors 0.7453702730032852 opposes 0.24628696634978453 __DUMMY__ 0.008342760646930219	false	1.0
N1764	favors 1.0	favors 1.0	favors 0.7492008915370142 opposes 0.24227504161202695 __DUMMY__ 0.008524066850958835	false	1.0
N909	favors 1.0		favors 0.5144891961181901 opposes 0.4625079462396658 __DUMMY__ 0.02300285764214418	true	1.0
N1765	opposes 1.0		favors 0.5320026139187969 opposes 0.44486455654717794 __DUMMY__ 0.023132829534025217	true	0.5
N1762	favors 1.0	favors 1.0	favors 0.7479345563592705 opposes 0.2435491846498097 __DUMMY__ 0.008516258990919802	false	1.0
N1763	opposes 1.0		favors 0.5196034076530817 opposes 0.4572631721020856 __DUMMY__ 0.02313342024483264	true	0.5
N1768	favors 1.0		favors 0.529189265100831 opposes 0.447703889239799 __DUMMY__ 0.023106845659369896	true	1.0
N905	opposes 1.0	opposes 1.0	opposes 0.717562564202857 favors 0.2741563031277592 __DUMMY__ 0.00828113266938381	false	1.0
N1769	opposes 1.0	opposes 1.0	opposes 0.7163500249917714 favors 0.27517922841115516 __DUMMY__ 0.008470746597073496	false	1.0
N906	favors 1.0		favors 0.5189909977859472 opposes 0.4583673844831576 __DUMMY__ 0.02264161773089534	true	1.0
N1766	opposes 1.0	opposes 1.0	opposes 0.7148128334121512 favors 0.2766775074710102 __DUMMY__ 0.008509659116838576	false	1.0
N907	opposes 1.0		favors 0.511927697318711 opposes 0.4653310057256618 __DUMMY__ 0.02274129695562716	true	0.5
N908	opposes 1.0		favors 0.5109572911116199 opposes 0.4660735248080005 __DUMMY__ 0.022969184080379564	true	0.5
N1767	opposes 1.0		favors 0.521989622385563 opposes 0.4548751719284833 __DUMMY__ 0.02313520568595363	true	0.5
N1750	opposes 1.0		favors 0.5140641536427694 opposes 0.4630107914108798 __DUMMY__ 0.022925054946350786	true	0.5
N1753	favors 1.0	favors 1.0	favors 0.7504222429101414 opposes 0.24103190295161028 __DUMMY__ 0.008545854138248371	false	1.0
N1754	opposes 1.0	opposes 1.0	opposes 0.7126482416414637 favors 0.2788569495330516 __DUMMY__ 0.008494808825484762	false	1.0
N1751	opposes 1.0		favors 0.5230025914191038 opposes 0.4538511964353843 __DUMMY__ 0.023146212145511873	true	0.5
N1752	opposes 1.0		favors 0.5227209002013995 opposes 0.4541370415428577 __DUMMY__ 0.0231420582557427	true	0.5
N1757	favors 1.0	favors 1.0	favors 0.747521384381781 opposes 0.2440304738166449 __DUMMY__ 0.008448141801574154	false	1.0
N1758	favors 1.0		favors 0.5273953627281099 opposes 0.44940598416414007 __DUMMY__ 0.023198653107749816	true	1.0
N1755	favors 1.0		favors 0.5171350366301379 opposes 0.4597858155025348 __DUMMY__ 0.023079147867327378	true	1.0
N1756	favors 1.0	favors 1.0	favors 0.7501250716792324 opposes 0.24128634969025098 __DUMMY__ 0.00858857863051664	false	1.0
N1759	favors 1.0	favors 1.0	favors 0.748946311373271 opposes 0.24253272450437086 __DUMMY__ 0.00852096412235824	false	1.0
N923	favors 1.0		favors 0.5171816828563987 opposes 0.45986172437643597 __DUMMY__ 0.02295659276716547	true	1.0
N924	opposes 1.0	opposes 1.0	opposes 0.7197939645245114 favors 0.27175426951789844 __DUMMY__ 0.008451765957590104	false	1.0
N925	opposes 1.0		favors 0.5094127815102121 opposes 0.46768236078780656 __DUMMY__ 0.022904857701981217	true	0.5
N926	favors 1.0		favors 0.5148174457585432 opposes 0.4622517132063535 __DUMMY__ 0.022930841035103452	true	1.0
N1342	favors 1.0	favors 1.0	favors 0.7512350717640575 opposes 0.24039881990463058 __DUMMY__ 0.008366108331311925	false	1.0
N1343	favors 1.0	favors 1.0	favors 0.755201894326368 opposes 0.2364703753457459 __DUMMY__ 0.008327730327886232	false	1.0
N920	favors 1.0		favors 0.5109668996111868 opposes 0.46605611242295286 __DUMMY__ 0.022976987965860174	true	1.0
N1340	favors 1.0	favors 1.0	favors 0.7504762063054317 opposes 0.24116705904389257 __DUMMY__ 0.008356734650675835	false	1.0
N921	favors 1.0	favors 1.0	favors 0.7430840176779351 opposes 0.2484623349409204 __DUMMY__ 0.008453647381144545	false	1.0
N1341	favors 1.0	favors 1.0	favors 0.7502709766068851 opposes 0.24135034706208422 __DUMMY__ 0.008378676331030597	false	1.0
N922	favors 1.0		favors 0.5106772907791259 opposes 0.46626246824748574 __DUMMY__ 0.023060240973388442	true	1.0
N1346	favors 1.0	favors 1.0	favors 0.7538335038124571 opposes 0.23786545170240136 __DUMMY__ 0.008301044485141622	false	1.0
N1347	opposes 1.0	opposes 1.0	opposes 0.7138553487147007 favors 0.2778166173652163 __DUMMY__ 0.008328033920082974	false	1.0
N1344	opposes 1.0		favors 0.5236771317393178 opposes 0.45342088899876304 __DUMMY__ 0.02290197926191915	true	0.5
N1345	opposes 1.0	opposes 1.0	opposes 0.711732232274958 favors 0.2799618438196373 __DUMMY__ 0.008305923905404687	false	1.0
N927	opposes 1.0		favors 0.5077757345296277 opposes 0.46932548131002494 __DUMMY__ 0.02289878416034737	true	0.5
N928	favors 1.0	favors 1.0	favors 0.7483828462037613 opposes 0.24319305888859497 __DUMMY__ 0.008424094907643752	false	1.0
N929	favors 1.0	favors 1.0	favors 0.7510554454993229 opposes 0.24051514595476237 __DUMMY__ 0.00842940854591473	false	1.0
N1348	favors 1.0		favors 0.5375330810890738 opposes 0.4397013886540831 __DUMMY__ 0.022765530256843247	true	1.0
N1349	favors 1.0		favors 0.5307628026292859 opposes 0.446527998454983 __DUMMY__ 0.022709198915731223	true	1.0
N912	opposes 1.0	opposes 1.0	opposes 0.7192889287634838 favors 0.27230479249420464 __DUMMY__ 0.008406278742311512	false	1.0
N913	favors 1.0		favors 0.5084286232862738 opposes 0.46869391594629384 __DUMMY__ 0.022877460767432398	true	1.0
N914	favors 1.0	favors 1.0	favors 0.7441822553750226 opposes 0.24734247178691723 __DUMMY__ 0.008475272838060186	false	1.0
N915	favors 1.0	favors 1.0	favors 0.7410327409211873 opposes 0.25060544890728015 __DUMMY__ 0.008361810171532471	false	1.0
N1331	favors 1.0		favors 0.5277679328745292 opposes 0.4492991886960333 __DUMMY__ 0.02293287842943745	true	1.0
N1332	favors 1.0		favors 0.5273932906674842 opposes 0.44979577202896953 __DUMMY__ 0.022810937303546372	true	1.0
N910	opposes 1.0	opposes 1.0	opposes 0.7193716781637207 favors 0.27220443405028816 __DUMMY__ 0.008423887785991197	false	1.0
N1330	opposes 1.0	opposes 1.0	opposes 0.7109599651713789 favors 0.28069513254999867 __DUMMY__ 0.008344902278622413	false	1.0
N911	favors 1.0		favors 0.513482733808477 opposes 0.46342482041566213 __DUMMY__ 0.023092445775860924	true	1.0
N1335	opposes 1.0		favors 0.5246025823462862 opposes 0.45266632450285604 __DUMMY__ 0.022731093150857848	true	0.5
N1336	favors 1.0		favors 0.5300754905617375 opposes 0.44710772747453364 __DUMMY__ 0.02281678196372896	true	1.0
N1333	favors 1.0	favors 1.0	favors 0.7499183544538485 opposes 0.2417579986314604 __DUMMY__ 0.008323646914691108	false	1.0
N1334	favors 1.0	favors 1.0	favors 0.7520173157975029 opposes 0.23959091074167332 __DUMMY__ 0.008391773460823806	false	1.0
N1339	opposes 1.0		favors 0.5318459503454489 opposes 0.44537811204682715 __DUMMY__ 0.022775937607723958	true	0.5
N916	favors 1.0		favors 0.5147733232802085 opposes 0.46225937949170626 __DUMMY__ 0.022967297228085215	true	1.0
N917	favors 1.0		favors 0.5099754238960366 opposes 0.4671003961249778 __DUMMY__ 0.022924179978985788	true	1.0
N1337	favors 1.0		favors 0.525770768553509 opposes 0.4514110993958308 __DUMMY__ 0.022818132050660102	true	1.0
N918	opposes 1.0		favors 0.5121735988500437 opposes 0.4647972054248902 __DUMMY__ 0.023029195725066193	true	0.5
N1338	opposes 1.0		favors 0.5270982309395313 opposes 0.45001500457139704 __DUMMY__ 0.022886764489071714	true	0.5
N919	opposes 1.0	opposes 1.0	opposes 0.7162617765771949 favors 0.2753159710956753 __DUMMY__ 0.008422252327129846	false	1.0
N940	opposes 1.0		favors 0.5195221096247771 opposes 0.45745144991107567 __DUMMY__ 0.02302644046414713	true	0.5
N945	favors 1.0		favors 0.5194633845761225 opposes 0.45761414325633687 __DUMMY__ 0.0229224721675405	true	1.0
N946	opposes 1.0	opposes 1.0	opposes 0.7118379555971562 favors 0.27977506291899995 __DUMMY__ 0.008386981483843823	false	1.0
N947	favors 1.0		favors 0.5161679313163479 opposes 0.46090293211718747 __DUMMY__ 0.022929136566464777	true	1.0
N948	opposes 1.0	opposes 1.0	opposes 0.7145215893306923 favors 0.2770932774967308 __DUMMY__ 0.008385133172576859	false	1.0
N941	opposes 1.0		favors 0.5191648126729137 opposes 0.4577713723850326 __DUMMY__ 0.023063814942053784	true	0.5
N1320	opposes 1.0		favors 0.5192375647522229 opposes 0.4579633425245181 __DUMMY__ 0.02279909272325892	true	0.5
N942	opposes 1.0	opposes 1.0	opposes 0.7143721717926794 favors 0.2771822088094374 __DUMMY__ 0.008445619397883119	false	1.0
N1321	favors 1.0	favors 1.0	favors 0.7477392943974457 opposes 0.2438893611142194 __DUMMY__ 0.008371344488334981	false	1.0
N943	favors 1.0		favors 0.5283743548131499 opposes 0.44865734869218826 __DUMMY__ 0.022968296494661773	true	1.0
N944	favors 1.0		favors 0.5181023578013169 opposes 0.45885317831786837 __DUMMY__ 0.023044463880814728	true	1.0
N1324	opposes 1.0		favors 0.519022532110686 opposes 0.4580951846485873 __DUMMY__ 0.02288228324072666	true	0.5
N1325	opposes 1.0	opposes 1.0	opposes 0.7143386753940475 favors 0.277440793377171 __DUMMY__ 0.008220531228781476	false	1.0
N1322	favors 1.0		favors 0.5215388896872342 opposes 0.45563903631109964 __DUMMY__ 0.02282207400166612	true	1.0
N1323	favors 1.0	favors 1.0	favors 0.7545112613136018 opposes 0.2372168417227549 __DUMMY__ 0.008271896963643341	false	1.0
N1328	opposes 1.0	opposes 1.0	opposes 0.7113803467728093 favors 0.28027001427720866 __DUMMY__ 0.008349638949981971	false	1.0
N949	favors 1.0	favors 1.0	favors 0.7498028548607614 opposes 0.2417941126636047 __DUMMY__ 0.008403032475633895	false	1.0
N1329	favors 1.0	favors 1.0	favors 0.7535950320055335 opposes 0.23804801943831677 __DUMMY__ 0.008356948556149803	false	1.0
N1326	favors 1.0	favors 1.0	favors 0.7525936662452589 opposes 0.23918617239703405 __DUMMY__ 0.008220161357707098	false	1.0
N1327	opposes 1.0	opposes 1.0	opposes 0.7172808029343487 favors 0.2744698431963858 __DUMMY__ 0.00824935386926559	false	1.0
N934	opposes 1.0		favors 0.522271042486909 opposes 0.4546248201310816 __DUMMY__ 0.023104137382009268	true	0.5
N935	opposes 1.0	opposes 1.0	opposes 0.7159100717210214 favors 0.2757394726271669 __DUMMY__ 0.008350455651811717	false	1.0
N1790	favors 1.0		favors 0.5231808590447907 opposes 0.45391273567058416 __DUMMY__ 0.022906405284625075	true	1.0
N936	opposes 1.0		favors 0.5245663586325391 opposes 0.4524537758117553 __DUMMY__ 0.022979865555705685	true	0.5
N937	opposes 1.0		favors 0.5192147304776256 opposes 0.45782018546427794 __DUMMY__ 0.022965084058096438	true	0.5
N930	favors 1.0		favors 0.5199645544232708 opposes 0.45707647745555313 __DUMMY__ 0.022958968121176117	true	1.0
N1793	opposes 1.0	opposes 1.0	opposes 0.7115313273129533 favors 0.2800304161383366 __DUMMY__ 0.008438256548710074	false	1.0
N931	opposes 1.0		favors 0.5230916150479076 opposes 0.453811524831091 __DUMMY__ 0.023096860121001362	true	0.5
N1310	opposes 1.0		favors 0.5221915838544174 opposes 0.45518897180138107 __DUMMY__ 0.02261944434420145	true	0.5
N1794	favors 1.0	favors 1.0	favors 0.7508488392938487 opposes 0.24078962492158854 __DUMMY__ 0.008361535784562613	false	1.0
N932	favors 1.0		favors 0.5212902601617919 opposes 0.4557612905949106 __DUMMY__ 0.022948449243297434	true	1.0
N1791	favors 1.0	favors 1.0	favors 0.753099042615335 opposes 0.23850917695538743 __DUMMY__ 0.008391780429277696	false	1.0
N933	opposes 1.0	opposes 1.0	opposes 0.7161785233047325 favors 0.2754402134168561 __DUMMY__ 0.00838126327841142	false	1.0
N1792	favors 1.0		favors 0.5225347076094897 opposes 0.4546166212505133 __DUMMY__ 0.022848671139996883	true	1.0
N1313	favors 1.0	favors 1.0	favors 0.7464088791442798 opposes 0.24536619539820614 __DUMMY__ 0.008224925457514074	false	1.0
N1797	opposes 1.0	opposes 1.0	opposes 0.7145422944717058 favors 0.2771577257207054 __DUMMY__ 0.008299979807588653	false	1.0
N1314	favors 1.0		favors 0.523166676407805 opposes 0.45394240884678666 __DUMMY__ 0.02289091474540827	true	1.0
N1798	favors 1.0		favors 0.5283216535747712 opposes 0.44875728090346056 __DUMMY__ 0.02292106552176828	true	1.0
N1311	favors 1.0	favors 1.0	favors 0.7503830606243886 opposes 0.24124751422438637 __DUMMY__ 0.008369425151224973	false	1.0
N1795	opposes 1.0	opposes 1.0	opposes 0.714758858360539 favors 0.2768838734736938 __DUMMY__ 0.008357268165767156	false	1.0
N1312	opposes 1.0	opposes 1.0	opposes 0.7131369992988853 favors 0.2786375377770479 __DUMMY__ 0.008225462924066831	false	1.0
N1796	opposes 1.0	opposes 1.0	opposes 0.7119899630578379 favors 0.2795614192223746 __DUMMY__ 0.008448617719787574	false	1.0
N938	favors 1.0	favors 1.0	favors 0.7490907881598443 opposes 0.24246914755228863 __DUMMY__ 0.00844006428786711	false	1.0
N1317	favors 1.0		favors 0.5214069313118468 opposes 0.45592012328531056 __DUMMY__ 0.022672945402842627	true	1.0
N939	favors 1.0	favors 1.0	favors 0.7517321264756268 opposes 0.2398615550035446 __DUMMY__ 0.008406318520828527	false	1.0
N1318	opposes 1.0		favors 0.5225149658888012 opposes 0.4547120218456301 __DUMMY__ 0.022773012265568646	true	0.5
N1315	favors 1.0	favors 1.0	favors 0.747068005198595 opposes 0.24475328510154315 __DUMMY__ 0.008178709699861942	false	1.0
N1799	opposes 1.0		favors 0.5220398162416091 opposes 0.4551210997527491 __DUMMY__ 0.022839084005641847	true	0.5
N1316	favors 1.0	favors 1.0	favors 0.7519057890437414 opposes 0.23984460322534482 __DUMMY__ 0.008249607730913803	false	1.0
N1319	favors 1.0	favors 1.0	favors 0.7531515505788261 opposes 0.238620271688533 __DUMMY__ 0.00822817773264097	false	1.0
N960	opposes 1.0		favors 0.5170715380492178 opposes 0.46013131663615126 __DUMMY__ 0.02279714531463101	true	0.5
N961	opposes 1.0		favors 0.5183917915191728 opposes 0.4588199208017972 __DUMMY__ 0.022788287679029913	true	0.5
N962	favors 1.0	favors 1.0	favors 0.7521133312944106 opposes 0.2395115942718612 __DUMMY__ 0.008375074433728213	false	1.0
N967	opposes 1.0		favors 0.5172968888800188 opposes 0.45969281613532753 __DUMMY__ 0.023010294984653734	true	0.5
N1382	opposes 1.0		favors 0.5174457797205861 opposes 0.45962461403065813 __DUMMY__ 0.02292960624875578	true	0.5
N1383	opposes 1.0	opposes 1.0	opposes 0.7148170592355579 favors 0.27686143271112457 __DUMMY__ 0.00832150805331743	false	1.0
N968	favors 1.0	favors 1.0	favors 0.7493638831969317 opposes 0.24221521014621294 __DUMMY__ 0.008420906656855322	false	1.0
N969	opposes 1.0	opposes 1.0	opposes 0.7167617518595821 favors 0.2748165052849301 __DUMMY__ 0.008421742855487772	false	1.0
N1380	favors 1.0		favors 0.5199018459773797 opposes 0.4572092681836116 __DUMMY__ 0.022888885839008746	true	1.0
N1381	favors 1.0	favors 1.0	favors 0.7533551033798745 opposes 0.23825568819279025 __DUMMY__ 0.008389208427335237	false	1.0
N963	favors 1.0		favors 0.5156630087052985 opposes 0.46160092822654564 __DUMMY__ 0.022736063068155912	true	1.0
N1386	favors 1.0		favors 0.5261857223687773 opposes 0.4509779092863945 __DUMMY__ 0.022836368344828266	true	1.0
N964	favors 1.0		favors 0.5174640252894191 opposes 0.45984520593570005 __DUMMY__ 0.02269076877488086	true	1.0
N1387	favors 1.0		favors 0.5302555199600139 opposes 0.4468857379312267 __DUMMY__ 0.02285874210875933	true	1.0
N965	opposes 1.0		favors 0.5254239074402244 opposes 0.4518638099943123 __DUMMY__ 0.022712282565463253	true	0.5
N1384	favors 1.0	favors 1.0	favors 0.7515929592737066 opposes 0.24004985604302517 __DUMMY__ 0.008357184683268192	false	1.0
N1385	opposes 1.0	opposes 1.0	opposes 0.7183876098283152 favors 0.2732994317881087 __DUMMY__ 0.008312958383576083	false	1.0
N966	favors 1.0	favors 1.0	favors 0.7427547029860542 opposes 0.24893743714432398 __DUMMY__ 0.008307859869621879	false	1.0
N1388	favors 1.0	favors 1.0	favors 0.7519622928402508 opposes 0.23971597036752637 __DUMMY__ 0.00832173679222278	false	1.0
N1389	opposes 1.0		favors 0.5277074409100418 opposes 0.44937625603481907 __DUMMY__ 0.022916303055139076	true	0.5
N950	favors 1.0		favors 0.5177569072827775 opposes 0.45942161339482657 __DUMMY__ 0.022821479322395987	true	1.0
N951	opposes 1.0		favors 0.5211316484050488 opposes 0.45601269554528234 __DUMMY__ 0.022855656049668892	true	0.5
N956	opposes 1.0		favors 0.5176897903640983 opposes 0.45953599164829007 __DUMMY__ 0.0227742179876115	true	0.5
N1371	opposes 1.0	opposes 1.0	opposes 0.717673792573481 favors 0.2740207414854205 __DUMMY__ 0.008305465941098582	false	1.0
N1372	favors 1.0		favors 0.5211355758549676 opposes 0.45588057223155676 __DUMMY__ 0.022983851913475586	true	1.0
N957	favors 1.0		favors 0.5188829345610269 opposes 0.4583255285114201 __DUMMY__ 0.02279153692755312	true	1.0
N958	favors 1.0		favors 0.5267736627212712 opposes 0.4504662518991151 __DUMMY__ 0.02276008537961374	true	1.0
N959	favors 1.0		favors 0.5170821815939094 opposes 0.46012739977862643 __DUMMY__ 0.022790418627464143	true	1.0
N1370	opposes 1.0	opposes 1.0	opposes 0.7138057458481053 favors 0.277867497856402 __DUMMY__ 0.008326756295492715	false	1.0
N952	favors 1.0	favors 1.0	favors 0.7460585326194492 opposes 0.24561624936848872 __DUMMY__ 0.008325218012062062	false	1.0
N1375	favors 1.0	favors 1.0	favors 0.7474523208766356 opposes 0.2441493627469723 __DUMMY__ 0.008398316376392174	false	1.0
N1376	opposes 1.0		favors 0.5207390626030645 opposes 0.4564041489738138 __DUMMY__ 0.022856788423121638	true	0.5
N953	opposes 1.0	opposes 1.0	opposes 0.7175063006001191 favors 0.27417260240212293 __DUMMY__ 0.008321096997757984	false	1.0
N954	opposes 1.0		favors 0.5137042640066231 opposes 0.4637739329403613 __DUMMY__ 0.022521803053015585	true	0.5
N1373	favors 1.0	favors 1.0	favors 0.7461888374782382 opposes 0.24551551183794235 __DUMMY__ 0.008295650683819478	false	1.0
N955	opposes 1.0	opposes 1.0	opposes 0.7112115839963051 favors 0.28039850730328547 __DUMMY__ 0.008389908700409333	false	1.0
N1374	favors 1.0		favors 0.5254101323321223 opposes 0.45175883310384457 __DUMMY__ 0.02283103456403306	true	1.0
N1379	favors 1.0		favors 0.517181072588385 opposes 0.45989920639279824 __DUMMY__ 0.022919721018816893	true	1.0
N1377	opposes 1.0	opposes 1.0	opposes 0.7100290997994044 favors 0.28160214794508936 __DUMMY__ 0.008368752255506252	false	1.0
N1378	favors 1.0	favors 1.0	favors 0.7460888539710582 opposes 0.24553586543094533 __DUMMY__ 0.00837528059799644	false	1.0
N981	opposes 1.0		favors 0.5154750000246942 opposes 0.4615011337135168 __DUMMY__ 0.023023866261789105	true	0.5
N982	opposes 1.0	opposes 1.0	opposes 0.7167337148197482 favors 0.27489632264860586 __DUMMY__ 0.00836996253164591	false	1.0
N983	favors 1.0		favors 0.5220038055330802 opposes 0.45503313478566604 __DUMMY__ 0.022963059681253752	true	1.0
N500	opposes 1.0	opposes 1.0	opposes 0.7150432220628453 favors 0.2765296187708534 __DUMMY__ 0.008427159166301233	false	1.0
N984	favors 1.0		favors 0.5127458262995641 opposes 0.4643482617341833 __DUMMY__ 0.02290591196625247	true	1.0
N980	favors 1.0	favors 1.0	favors 0.7469596310168796 opposes 0.2446048455147489 __DUMMY__ 0.008435523468371566	false	1.0
N505	favors 1.0	favors 1.0	favors 0.7504118791976763 opposes 0.24122161946473197 __DUMMY__ 0.008366501337591781	false	1.0
N989	opposes 1.0		favors 0.5170702115783726 opposes 0.45975843763463803 __DUMMY__ 0.02317135078698947	true	0.5
N1360	opposes 1.0		favors 0.5244172475106518 opposes 0.4527446192107024 __DUMMY__ 0.02283813327864566	true	0.5
N506	opposes 1.0		favors 0.5179858607785625 opposes 0.45902433008319454 __DUMMY__ 0.022989809138242914	true	0.5
N1361	favors 1.0		favors 0.529311868979639 opposes 0.4479238383137183 __DUMMY__ 0.022764292706642677	true	1.0
N507	opposes 1.0		favors 0.5176732405850485 opposes 0.45930735532365596 __DUMMY__ 0.023019404091295412	true	0.5
N508	opposes 1.0		favors 0.5188261925996314 opposes 0.45816581873549894 __DUMMY__ 0.02300798866486979	true	0.5
N501	opposes 1.0		favors 0.5177356105659646 opposes 0.4594066958433387 __DUMMY__ 0.022857693590696726	true	0.5
N985	opposes 1.0	opposes 1.0	opposes 0.716022238979377 favors 0.2754245947848944 __DUMMY__ 0.008553166235728663	false	1.0
N1364	favors 1.0		favors 0.5390567609999817 opposes 0.43844480083446324 __DUMMY__ 0.022498438165555038	true	1.0
N502	favors 1.0	favors 1.0	favors 0.7496151500651671 opposes 0.24200876667031315 __DUMMY__ 0.0083760832645197	false	1.0
N986	opposes 1.0	opposes 1.0	opposes 0.7138657321751529 favors 0.27757380576469237 __DUMMY__ 0.008560462060154754	false	1.0
N1365	favors 1.0	favors 1.0	favors 0.7473942200203244 opposes 0.2443077812872731 __DUMMY__ 0.008297998692402522	false	1.0
N503	opposes 1.0		favors 0.5186882042958104 opposes 0.45839012456479733 __DUMMY__ 0.022921671139392176	true	0.5
N987	opposes 1.0		favors 0.5159558211399343 opposes 0.4608356278358144 __DUMMY__ 0.023208551024251234	true	0.5
N1362	favors 1.0	favors 1.0	favors 0.7599342021353939 opposes 0.23171909560038634 __DUMMY__ 0.00834670226421977	false	1.0
N504	favors 1.0		favors 0.5197348491249156 opposes 0.45726287209226424 __DUMMY__ 0.023002278782820074	true	1.0
N988	favors 1.0	favors 1.0	favors 0.7475408052305188 opposes 0.2438734887121367 __DUMMY__ 0.008585706057344518	false	1.0
N1363	opposes 1.0	opposes 1.0	opposes 0.7107722644650077 favors 0.28078700609650326 __DUMMY__ 0.00844072943848901	false	1.0
N1368	opposes 1.0		favors 0.5206904884192225 opposes 0.4564841918441306 __DUMMY__ 0.02282531973664704	true	0.5
N1369	favors 1.0		favors 0.5220963113217921 opposes 0.45495001246714956 __DUMMY__ 0.022953676211058347	true	1.0
N1366	opposes 1.0		favors 0.52047395962606 opposes 0.4566296121780014 __DUMMY__ 0.02289642819593864	true	0.5
N1367	opposes 1.0	opposes 1.0	opposes 0.7108600325496436 favors 0.2807556483035975 __DUMMY__ 0.008384319146758938	false	1.0
N509	favors 1.0		favors 0.524899881244453 opposes 0.4521699459948078 __DUMMY__ 0.02293017276073926	true	1.0
N970	favors 1.0		favors 0.5195651976826808 opposes 0.4573435974941145 __DUMMY__ 0.023091204823204682	true	1.0
N971	opposes 1.0	opposes 1.0	opposes 0.7161231306844128 favors 0.27548714422544274 __DUMMY__ 0.008389725090144384	false	1.0
N972	favors 1.0		favors 0.5137217206046285 opposes 0.4633743350831445 __DUMMY__ 0.022903944312226962	true	1.0
N973	favors 1.0		favors 0.518786326399594 opposes 0.4581323291329227 __DUMMY__ 0.023081344467483323	true	1.0
N978	opposes 1.0	opposes 1.0	opposes 0.7133169322355992 favors 0.2782838666042422 __DUMMY__ 0.008399201160158538	false	1.0
N979	favors 1.0	favors 1.0	favors 0.746408722835266 opposes 0.24518938881320493 __DUMMY__ 0.008401888351528993	false	1.0
N1350	opposes 1.0		favors 0.5315135000905965 opposes 0.4456311348952093 __DUMMY__ 0.02285536501419427	true	0.5
N974	favors 1.0		favors 0.5143494007334756 opposes 0.46278130439283327 __DUMMY__ 0.022869294873691055	true	1.0
N1353	opposes 1.0	opposes 1.0	opposes 0.7079179869683581 favors 0.2836183410117179 __DUMMY__ 0.008463672019924021	false	1.0
N975	favors 1.0		favors 0.5213193896708107 opposes 0.45570447801047964 __DUMMY__ 0.02297613231870952	true	1.0
N1354	opposes 1.0		favors 0.5263712246313826 opposes 0.45121474771828823 __DUMMY__ 0.0224140276503292	true	0.5
N976	favors 1.0	favors 1.0	favors 0.7462082659364935 opposes 0.245385329256601 __DUMMY__ 0.00840640480690556	false	1.0
N1351	favors 1.0	favors 1.0	favors 0.7524560695948039 opposes 0.23928451472376294 __DUMMY__ 0.008259415681433043	false	1.0
N977	opposes 1.0		favors 0.518574893503003 opposes 0.4584048514317423 __DUMMY__ 0.02302025506525456	true	0.5
N1352	opposes 1.0	opposes 1.0	opposes 0.7117343177420289 favors 0.2799987647356316 __DUMMY__ 0.00826691752233955	false	1.0
N1357	favors 1.0	favors 1.0	favors 0.7519564561048576 opposes 0.23969155394398278 __DUMMY__ 0.008351989951159582	false	1.0
N1358	favors 1.0		favors 0.5402962964440489 opposes 0.4371571957648649 __DUMMY__ 0.022546507791086304	true	1.0
N1355	favors 1.0	favors 1.0	favors 0.7555726058428136 opposes 0.23611628700994383 __DUMMY__ 0.008311107147242501	false	1.0
N1356	opposes 1.0		favors 0.5292984280621783 opposes 0.44792387191642224 __DUMMY__ 0.022777700021399554	true	0.5
N1359	favors 1.0		favors 0.524744937944301 opposes 0.45250617383464553 __DUMMY__ 0.022748888221053472	true	1.0
N520	favors 1.0		favors 0.5248486706406789 opposes 0.45191884108344454 __DUMMY__ 0.023232488275876772	true	1.0
N521	favors 1.0	favors 1.0	favors 0.749714134403162 opposes 0.24183877936948386 __DUMMY__ 0.008447086227353967	false	1.0
N522	favors 1.0	favors 1.0	favors 0.7522503459834342 opposes 0.2392575074473469 __DUMMY__ 0.008492146569219016	false	1.0
N527	favors 1.0		favors 0.5238694977954942 opposes 0.4529685761616612 __DUMMY__ 0.02316192604284456	true	1.0
N528	favors 1.0		favors 0.5302593832256205 opposes 0.44661150174223563 __DUMMY__ 0.02312911503214371	true	1.0
N529	opposes 1.0	opposes 1.0	opposes 0.7135081949647266 favors 0.27797782102769875 __DUMMY__ 0.008513984007574572	false	1.0
N523	favors 1.0	favors 1.0	favors 0.7501619084965019 opposes 0.24134621858038396 __DUMMY__ 0.008491872923114048	false	1.0
N524	opposes 1.0		favors 0.5244945235142784 opposes 0.4523265627493735 __DUMMY__ 0.023178913736348124	true	0.5
N525	opposes 1.0		favors 0.5288989941672956 opposes 0.44798610115491705 __DUMMY__ 0.02311490467778743	true	0.5
N526	favors 1.0	favors 1.0	favors 0.7495485115095304 opposes 0.24193638636621684 __DUMMY__ 0.008515102124252855	false	1.0
N992	favors 1.0		favors 0.5139908025408166 opposes 0.4629208959873507 __DUMMY__ 0.023088301471832703	true	1.0
N993	favors 1.0	favors 1.0	favors 0.7481724242793405 opposes 0.24327816341060324 __DUMMY__ 0.008549412310056246	false	1.0
N510	favors 1.0		favors 0.5174538039901401 opposes 0.4595436673034245 __DUMMY__ 0.023002528706435304	true	1.0
N994	favors 1.0		favors 0.5154906757630603 opposes 0.46133767425515376 __DUMMY__ 0.023171649981786075	true	1.0
N511	favors 1.0		favors 0.5183156991290989 opposes 0.4587756694111428 __DUMMY__ 0.022908631459758338	true	1.0
N995	opposes 1.0		favors 0.5177577104891639 opposes 0.4590308664807321 __DUMMY__ 0.0232114230301039	true	0.5
N990	favors 1.0	favors 1.0	favors 0.7441842976885189 opposes 0.24730057498541824 __DUMMY__ 0.008515127326062832	false	1.0
N991	favors 1.0	favors 1.0	favors 0.7471411317984786 opposes 0.2442747581446755 __DUMMY__ 0.008584110056845909	false	1.0
N516	opposes 1.0		favors 0.5246048548606005 opposes 0.4522625978761377 __DUMMY__ 0.02313254726326172	true	0.5
N517	favors 1.0	favors 1.0	favors 0.7513768061721429 opposes 0.24008771880873023 __DUMMY__ 0.008535475019126932	false	1.0
N518	opposes 1.0	opposes 1.0	opposes 0.7119120763463823 favors 0.27959833516031085 __DUMMY__ 0.008489588493306832	false	1.0
N519	favors 1.0		favors 0.5214345296862258 opposes 0.4554460492142962 __DUMMY__ 0.02311942109947798	true	1.0
N512	opposes 1.0	opposes 1.0	opposes 0.7135071113871044 favors 0.2781386977029678 __DUMMY__ 0.008354190909927795	false	1.0
N996	opposes 1.0		favors 0.5219196704823439 opposes 0.45489668592228993 __DUMMY__ 0.023183643595366323	true	0.5
N513	favors 1.0	favors 1.0	favors 0.7462063188278351 opposes 0.24541209813864379 __DUMMY__ 0.00838158303352113	false	1.0
N997	favors 1.0	favors 1.0	favors 0.7458458621179231 opposes 0.24560248478793176 __DUMMY__ 0.008551653094145137	false	1.0
N514	opposes 1.0		favors 0.5241196530981488 opposes 0.4527314157917498 __DUMMY__ 0.023148931110101426	true	0.5
N998	favors 1.0	favors 1.0	favors 0.7461418673512457 opposes 0.24527819863828648 __DUMMY__ 0.00857993401046793	false	1.0
N515	opposes 1.0		favors 0.5274517274385372 opposes 0.4493690931531054 __DUMMY__ 0.023179179408357516	true	0.5
N999	opposes 1.0	opposes 1.0	opposes 0.7125824286551423 favors 0.278861268658049 __DUMMY__ 0.00855630268680874	false	1.0
N541	favors 1.0	favors 1.0	favors 0.7522197308807659 opposes 0.2393588945799606 __DUMMY__ 0.00842137453927348	false	1.0
N542	opposes 1.0	opposes 1.0	opposes 0.7128165086179947 favors 0.2787557690858487 __DUMMY__ 0.00842772229615654	false	1.0
N543	favors 1.0	favors 1.0	favors 0.7505114151723216 opposes 0.24103121594309604 __DUMMY__ 0.008457368884582485	false	1.0
N544	favors 1.0		favors 0.529423776505335 opposes 0.44763094506712187 __DUMMY__ 0.022945278427543216	true	1.0
N540	opposes 1.0	opposes 1.0	opposes 0.7134980444577775 favors 0.2781215834933207 __DUMMY__ 0.008380372048901737	false	1.0
N549	favors 1.0		favors 0.5214720182917754 opposes 0.4554807094260379 __DUMMY__ 0.023047272282186795	true	1.0
N545	favors 1.0	favors 1.0	favors 0.7494117447980402 opposes 0.24213228898160094 __DUMMY__ 0.008455966220358878	false	1.0
N546	opposes 1.0	opposes 1.0	opposes 0.7135183360047045 favors 0.27800931614556473 __DUMMY__ 0.008472347849730794	false	1.0
N547	opposes 1.0	opposes 1.0	opposes 0.7125607484289413 favors 0.2789866681011149 __DUMMY__ 0.008452583469943719	false	1.0
N548	favors 1.0		favors 0.5307383624907844 opposes 0.446296102515196 __DUMMY__ 0.022965534994019463	true	1.0
N530	opposes 1.0	opposes 1.0	opposes 0.7130310525437893 favors 0.2785011046641854 __DUMMY__ 0.008467842792025256	false	1.0
N531	opposes 1.0		favors 0.5280738305323107 opposes 0.4488425890479941 __DUMMY__ 0.02308358041969508	true	0.5
N532	opposes 1.0	opposes 1.0	opposes 0.7146487297099805 favors 0.27686740972762897 __DUMMY__ 0.008483860562390665	false	1.0
N533	favors 1.0	favors 1.0	favors 0.7499598302503768 opposes 0.2415946084315392 __DUMMY__ 0.008445561318083883	false	1.0
N1390	favors 1.0	favors 1.0	favors 0.7525176679207972 opposes 0.23918252196851925 __DUMMY__ 0.008299810110683618	false	1.0
N1393	opposes 1.0	opposes 1.0	opposes 0.7127213070125057 favors 0.27902024317958773 __DUMMY__ 0.008258449807906606	false	1.0
N538	opposes 1.0	opposes 1.0	opposes 0.7135535012721765 favors 0.278032758537927 __DUMMY__ 0.008413740189896468	false	1.0
N539	opposes 1.0		favors 0.5246889635447143 opposes 0.45219395531910495 __DUMMY__ 0.02311708113618082	true	0.5
N1394	opposes 1.0		favors 0.5304838492257855 opposes 0.4467311827744394 __DUMMY__ 0.022784967999775183	true	0.5
N1391	opposes 1.0	opposes 1.0	opposes 0.7134449539668193 favors 0.2782612783319606 __DUMMY__ 0.00829376770122004	false	1.0
N1392	opposes 1.0		favors 0.5267464847014702 opposes 0.4503222215971283 __DUMMY__ 0.022931293701401394	true	0.5
N1397	favors 1.0	favors 1.0	favors 0.7549975406576893 opposes 0.23671548559655498 __DUMMY__ 0.00828697374575558	false	1.0
N534	favors 1.0		favors 0.5272016798863121 opposes 0.4497666552143958 __DUMMY__ 0.02303166489929217	true	1.0
N535	favors 1.0		favors 0.5242681888330873 opposes 0.4527699202865873 __DUMMY__ 0.022961890880325474	true	1.0
N1398	favors 1.0		favors 0.5232164588997582 opposes 0.4539262470264983 __DUMMY__ 0.02285729407374351	true	1.0
N1395	opposes 1.0		favors 0.525673324768567 opposes 0.451537661030141 __DUMMY__ 0.022789014201292025	true	0.5
N536	opposes 1.0		favors 0.5257408477699853 opposes 0.4511668743985607 __DUMMY__ 0.02309227783145387	true	0.5
N537	favors 1.0		favors 0.5256859096869714 opposes 0.45135001916901607 __DUMMY__ 0.022964071144012582	true	1.0
N1396	favors 1.0	favors 1.0	favors 0.7518792456608069 opposes 0.2397819584822532 __DUMMY__ 0.008338795856939894	false	1.0
N1399	opposes 1.0		favors 0.5226936624702492 opposes 0.4544168631577123 __DUMMY__ 0.022889474372038445	true	0.5
N563	opposes 1.0		favors 0.5332080873543155 opposes 0.44377533767513083 __DUMMY__ 0.02301657497055366	true	0.5
N564	opposes 1.0		favors 0.5220062200507819 opposes 0.4549811980749832 __DUMMY__ 0.023012581874234946	true	0.5
N565	favors 1.0	favors 1.0	favors 0.7486361082466059 opposes 0.24287701980056386 __DUMMY__ 0.008486871952830252	false	1.0
