N1742	opposes 1.0		favors 0.5327512136405437 opposes 0.44438984329854614 __DUMMY__ 0.022858943060910294	true	0.5
N1743	opposes 1.0		favors 0.5154047702902123 opposes 0.46156376332626725 __DUMMY__ 0.02303146638352054	true	0.5
N1740	favors 1.0	favors 1.0	favors 0.7451411494730422 opposes 0.24650077928985986 __DUMMY__ 0.008358071237097928	false	1.0
N1741	opposes 1.0		favors 0.5212171087794351 opposes 0.4556987118644195 __DUMMY__ 0.023084179356145543	true	0.5
N1746	opposes 1.0		favors 0.5345536893729881 opposes 0.44260130933618264 __DUMMY__ 0.02284500129082942	true	0.5
N1747	opposes 1.0		favors 0.514151125152225 opposes 0.4627681737560158 __DUMMY__ 0.02308070109175913	true	0.5
N1744	favors 1.0		favors 0.5154643431480164 opposes 0.4614103768820057 __DUMMY__ 0.023125279969977926	true	1.0
N1745	favors 1.0	favors 1.0	favors 0.7468412539757086 opposes 0.24467460722935255 __DUMMY__ 0.008484138794938886	false	1.0
N1748	opposes 1.0	opposes 1.0	opposes 0.7170055793840028 favors 0.2746577920924748 __DUMMY__ 0.008336628523522406	false	1.0
N1749	favors 1.0	favors 1.0	favors 0.7529835480875721 opposes 0.23870274784864018 __DUMMY__ 0.00831370406378774	false	1.0
N1731	opposes 1.0	opposes 1.0	opposes 0.7160328102676444 favors 0.27557251951406575 __DUMMY__ 0.008394670218289836	false	1.0
N1732	opposes 1.0	opposes 1.0	opposes 0.7105245427970821 favors 0.2810260391349377 __DUMMY__ 0.008449418067980167	false	1.0
N1730	favors 1.0		favors 0.5107400276119892 opposes 0.46672965622010776 __DUMMY__ 0.022530316167903207	true	1.0
N1735	opposes 1.0	opposes 1.0	opposes 0.7143295542845015 favors 0.2773228514314579 __DUMMY__ 0.008347594284040558	false	1.0
N1736	favors 1.0	favors 1.0	favors 0.7437846861680286 opposes 0.2478846124603088 __DUMMY__ 0.008330701371662558	false	1.0
N1733	opposes 1.0		favors 0.5166877423659243 opposes 0.4605037317658684 __DUMMY__ 0.022808525868207398	true	0.5
N1734	favors 1.0	favors 1.0	favors 0.7503061467716029 opposes 0.24116269768472157 __DUMMY__ 0.00853115554367548	false	1.0
N1739	favors 1.0		favors 0.5280277045313979 opposes 0.4490664941653318 __DUMMY__ 0.022905801303270284	true	1.0
N1737	favors 1.0		favors 0.5222115424339504 opposes 0.45458243892340827 __DUMMY__ 0.023206018642641445	true	1.0
N1738	opposes 1.0	opposes 1.0	opposes 0.7191999713231226 favors 0.2725605872918866 __DUMMY__ 0.00823944138499085	false	1.0
N1720	opposes 1.0		favors 0.5234598802040543 opposes 0.45366309001311045 __DUMMY__ 0.022877029782835193	true	0.5
N1721	opposes 1.0	opposes 1.0	opposes 0.7094154820154331 favors 0.28211378156239564 __DUMMY__ 0.008470736422171195	false	1.0
N1724	favors 1.0	favors 1.0	favors 0.7461369823987124 opposes 0.24532854137987029 __DUMMY__ 0.008534476221417333	false	1.0
N1725	favors 1.0	favors 1.0	favors 0.748397172508345 opposes 0.24304348876593096 __DUMMY__ 0.008559338725723963	false	1.0
N1722	favors 1.0		favors 0.5495285709029506 opposes 0.42774345095573796 __DUMMY__ 0.022727978141311465	true	1.0
N1723	favors 1.0		favors 0.519805603312202 opposes 0.4572446563355497 __DUMMY__ 0.02294974035224833	true	1.0
N1728	opposes 1.0		favors 0.5247884261700629 opposes 0.4527237971559088 __DUMMY__ 0.02248777667402811	true	0.5
N1729	favors 1.0	favors 1.0	favors 0.7600971609851671 opposes 0.23150545482924775 __DUMMY__ 0.008397384185585027	false	1.0
N1726	favors 1.0	favors 1.0	favors 0.7655512934447966 opposes 0.2260200638254835 __DUMMY__ 0.008428642729720052	false	1.0
N1727	opposes 1.0		favors 0.5155602796288556 opposes 0.4614676631278904 __DUMMY__ 0.02297205724325391	true	0.5
N1710	favors 1.0		favors 0.5073572603522201 opposes 0.46991204612739534 __DUMMY__ 0.02273069352038459	true	1.0
N1713	opposes 1.0	opposes 1.0	opposes 0.7093126008954547 favors 0.28214170795264243 __DUMMY__ 0.00854569115190296	false	1.0
N1714	favors 1.0		favors 0.5285952934092775 opposes 0.44819518408745024 __DUMMY__ 0.023209522503272156	true	1.0
N1711	favors 1.0		favors 0.5233210899624987 opposes 0.45378100726648973 __DUMMY__ 0.0228979027710115	true	1.0
N1712	favors 1.0	favors 1.0	favors 0.7581142224366171 opposes 0.2333126187781748 __DUMMY__ 0.008573158785208134	false	1.0
N1717	favors 1.0	favors 1.0	favors 0.7522081225976485 opposes 0.23907235912194635 __DUMMY__ 0.008719518280405158	false	1.0
N1718	opposes 1.0		favors 0.5168749860128531 opposes 0.4609191776872918 __DUMMY__ 0.022205836299855144	true	0.5
N1715	favors 1.0	favors 1.0	favors 0.7511221586862867 opposes 0.24057741063708707 __DUMMY__ 0.008300430676626218	false	1.0
N1716	favors 1.0		favors 0.5146662553214291 opposes 0.46283180636564314 __DUMMY__ 0.022501938312927856	true	1.0
N1719	favors 1.0	favors 1.0	favors 0.7585882551266768 opposes 0.23298908528229867 __DUMMY__ 0.008422659591024534	false	1.0
N1782	favors 1.0	favors 1.0	favors 0.7455944594393077 opposes 0.24589820248511857 __DUMMY__ 0.00850733807557382	false	1.0
N1783	favors 1.0	favors 1.0	favors 0.7457971282395929 opposes 0.24564543014242934 __DUMMY__ 0.00855744161797779	false	1.0
N1780	opposes 1.0		favors 0.523272280538772 opposes 0.4536172095703445 __DUMMY__ 0.02311050989088355	true	0.5
N1781	opposes 1.0	opposes 1.0	opposes 0.7030171850285983 favors 0.2885527088168162 __DUMMY__ 0.008430106154585443	false	1.0
N1786	opposes 1.0	opposes 1.0	opposes 0.7166821357433758 favors 0.27475485697400137 __DUMMY__ 0.008563007282622855	false	1.0
N1302	favors 1.0	favors 1.0	favors 0.7496161153829167 opposes 0.24188638833683995 __DUMMY__ 0.008497496280243306	false	1.0
N1303	favors 1.0		favors 0.5485427482638001 opposes 0.42862012465788724 __DUMMY__ 0.02283712707831253	true	1.0
N1787	opposes 1.0		favors 0.5176459441782041 opposes 0.4595439343831988 __DUMMY__ 0.022810121438597127	true	0.5
N1300	favors 1.0	favors 1.0	favors 0.7471920539013828 opposes 0.24439088912433898 __DUMMY__ 0.008417056974278206	false	1.0
N1784	favors 1.0		favors 0.5195643811449444 opposes 0.45724051894343176 __DUMMY__ 0.02319509991162372	true	1.0
N1301	opposes 1.0	opposes 1.0	opposes 0.7149018496537414 favors 0.27660690779527963 __DUMMY__ 0.008491242550979062	false	1.0
N1785	opposes 1.0		favors 0.5467426694053913 opposes 0.43037432298357137 __DUMMY__ 0.02288300761103738	true	0.5
N1306	opposes 1.0	opposes 1.0	opposes 0.7021671419457104 favors 0.28951865906464075 __DUMMY__ 0.008314198989648825	false	1.0
N1307	favors 1.0		favors 0.5106140869207746 opposes 0.4667378129291996 __DUMMY__ 0.02264810015002576	true	1.0
N1304	favors 1.0	favors 1.0	favors 0.7472699602945474 opposes 0.24422590345939071 __DUMMY__ 0.008504136246061953	false	1.0
N1788	favors 1.0		favors 0.5391038346311974 opposes 0.4380928418975996 __DUMMY__ 0.022803323471202914	true	1.0
N1789	opposes 1.0	opposes 1.0	opposes 0.7207986689314322 favors 0.27083394878678774 __DUMMY__ 0.008367382281780035	false	1.0
N1305	favors 1.0		favors 0.5226393825684148 opposes 0.4547924851512395 __DUMMY__ 0.022568132280345817	true	1.0
N1308	opposes 1.0	opposes 1.0	opposes 0.7131347026661498 favors 0.2784760302043628 __DUMMY__ 0.008389267129487536	false	1.0
N1309	opposes 1.0		favors 0.5351029573751915 opposes 0.4419540422139158 __DUMMY__ 0.02294300041089268	true	0.5
N1771	favors 1.0		favors 0.53529767298041 opposes 0.44153067205363883 __DUMMY__ 0.023171654965951315	true	1.0
N1772	opposes 1.0		favors 0.5209690849948666 opposes 0.45607139108354167 __DUMMY__ 0.022959523921591722	true	0.5
N1770	opposes 1.0		favors 0.5207975801064917 opposes 0.4561159309371107 __DUMMY__ 0.023086488956397616	true	0.5
N1775	favors 1.0		favors 0.5112349043759812 opposes 0.4659435871468759 __DUMMY__ 0.022821508477142993	true	1.0
N1776	favors 1.0		favors 0.5248654006824214 opposes 0.451758090212123 __DUMMY__ 0.02337650910545565	true	1.0
N1773	favors 1.0		favors 0.5255047945946649 opposes 0.45116004941866794 __DUMMY__ 0.023335155986666967	true	1.0
N1774	opposes 1.0	opposes 1.0	opposes 0.711590863723625 favors 0.28005192394183775 __DUMMY__ 0.008357212334537224	false	1.0
N1779	favors 1.0		favors 0.5180579069028995 opposes 0.4589875671716519 __DUMMY__ 0.02295452592544848	true	1.0
N1777	favors 1.0	favors 1.0	favors 0.7428499712399859 opposes 0.24891868240082368 __DUMMY__ 0.008231346359190378	false	1.0
N1778	favors 1.0	favors 1.0	favors 0.7552515028433227 opposes 0.23629813349785111 __DUMMY__ 0.008450363658826248	false	1.0
N901	favors 1.0	favors 1.0	favors 0.744998901591688 opposes 0.2465146617616091 __DUMMY__ 0.008486436646702837	false	1.0
N902	favors 1.0		favors 0.5163563510880286 opposes 0.4606458157893016 __DUMMY__ 0.0229978331226698	true	1.0
N903	opposes 1.0	opposes 1.0	opposes 0.7058045188598875 favors 0.28593885845766337 __DUMMY__ 0.008256622682449203	false	1.0
N904	opposes 1.0		favors 0.512203525795727 opposes 0.46483479754256335 __DUMMY__ 0.022961676661709618	true	0.5
N1760	opposes 1.0		favors 0.5250640291285967 opposes 0.45181807661753676 __DUMMY__ 0.02311789425386658	true	0.5
N1761	opposes 1.0		favors 0.540738082163945 opposes 0.43629371792988675 __DUMMY__ 0.022968199906168205	true	0.5
N900	favors 1.0	favors 1.0	favors 0.7449995191093571 opposes 0.246568924944084 __DUMMY__ 0.008431555946558856	false	1.0
N909	favors 1.0		favors 0.5243731245277198 opposes 0.4525501657907602 __DUMMY__ 0.0230767096815199	true	1.0
N1764	favors 1.0	favors 1.0	favors 0.7481118075881528 opposes 0.24334096745559392 __DUMMY__ 0.008547224956253326	false	1.0
N1765	opposes 1.0		favors 0.5467719675520135 opposes 0.43023385032676636 __DUMMY__ 0.022994182121220168	true	0.5
N1762	favors 1.0	favors 1.0	favors 0.7460903425589006 opposes 0.24542168416587495 __DUMMY__ 0.008487973275224455	false	1.0
N1763	opposes 1.0		favors 0.5170476244804187 opposes 0.4598075116917723 __DUMMY__ 0.023144863827808868	true	0.5
N1768	favors 1.0		favors 0.539322953590339 opposes 0.43780519506037235 __DUMMY__ 0.022871851349288572	true	1.0
N905	opposes 1.0	opposes 1.0	opposes 0.7171483003035913 favors 0.2746000002043805 __DUMMY__ 0.008251699492028145	false	1.0
N906	favors 1.0		favors 0.5294644486928112 opposes 0.4480055874455912 __DUMMY__ 0.022529963861597665	true	1.0
N1769	opposes 1.0	opposes 1.0	opposes 0.7203872479902814 favors 0.271277869189096 __DUMMY__ 0.008334882820622535	false	1.0
N1766	opposes 1.0	opposes 1.0	opposes 0.7165075960518026 favors 0.2749636826271004 __DUMMY__ 0.008528721321096912	false	1.0
N907	opposes 1.0		favors 0.5065641365953403 opposes 0.47071302055713904 __DUMMY__ 0.022722842847520672	true	0.5
N908	opposes 1.0		favors 0.5131232807600347 opposes 0.4639045542766399 __DUMMY__ 0.022972164963325395	true	0.5
N1767	opposes 1.0		favors 0.5205820278927797 opposes 0.4565374626789901 __DUMMY__ 0.022880509428230146	true	0.5
N1750	opposes 1.0		favors 0.5090388811282015 opposes 0.4681250619672552 __DUMMY__ 0.02283605690454317	true	0.5
N1753	favors 1.0	favors 1.0	favors 0.7509822813513395 opposes 0.24042406709690323 __DUMMY__ 0.008593651551757224	false	1.0
N1754	opposes 1.0	opposes 1.0	opposes 0.7116214553516176 favors 0.2799809802957098 __DUMMY__ 0.00839756435267269	false	1.0
N1751	opposes 1.0		favors 0.5218999168391671 opposes 0.45501670869775074 __DUMMY__ 0.02308337446308222	true	0.5
N1752	opposes 1.0		favors 0.5216365791531706 opposes 0.45531252467277294 __DUMMY__ 0.02305089617405638	true	0.5
N1757	favors 1.0	favors 1.0	favors 0.7434600859832732 opposes 0.24826964433784504 __DUMMY__ 0.008270269678881765	false	1.0
N1758	favors 1.0		favors 0.5348041293029516 opposes 0.4421401955343536 __DUMMY__ 0.02305567516269483	true	1.0
N1755	favors 1.0		favors 0.511903362330948 opposes 0.46526637422405254 __DUMMY__ 0.02283026344499945	true	1.0
N1756	favors 1.0	favors 1.0	favors 0.7510316768507127 opposes 0.24032632038888868 __DUMMY__ 0.008642002760398662	false	1.0
N1759	favors 1.0	favors 1.0	favors 0.746676546815441 opposes 0.24482346852303133 __DUMMY__ 0.008499984661527587	false	1.0
N923	favors 1.0		favors 0.5332274990138529 opposes 0.4439258959409783 __DUMMY__ 0.022846605045168687	true	1.0
N924	opposes 1.0	opposes 1.0	opposes 0.7188719561827449 favors 0.27264175384641015 __DUMMY__ 0.008486289970844958	false	1.0
N925	opposes 1.0		favors 0.51164587944364 opposes 0.4655892316624012 __DUMMY__ 0.022764888893958744	true	0.5
N926	favors 1.0		favors 0.5277520247744562 opposes 0.4494678672895336 __DUMMY__ 0.02278010793601042	true	1.0
N1342	favors 1.0	favors 1.0	favors 0.7500467974413124 opposes 0.24150576545321048 __DUMMY__ 0.00844743710547708	false	1.0
N1343	favors 1.0	favors 1.0	favors 0.7607181669088622 opposes 0.23096969967995967 __DUMMY__ 0.00831213341117816	false	1.0
N920	favors 1.0		favors 0.5125128759901435 opposes 0.46448606201609216 __DUMMY__ 0.023001061993764383	true	1.0
N921	favors 1.0	favors 1.0	favors 0.7443291932116679 opposes 0.24716123951649516 __DUMMY__ 0.008509567271837019	false	1.0
N1340	favors 1.0	favors 1.0	favors 0.7481581404922041 opposes 0.2434190976655197 __DUMMY__ 0.008422761842276166	false	1.0
N1341	favors 1.0	favors 1.0	favors 0.7478404078946578 opposes 0.2436742934227038 __DUMMY__ 0.008485298682638445	false	1.0
N922	favors 1.0		favors 0.5130988770020617 opposes 0.46374806422246867 __DUMMY__ 0.023153058775469613	true	1.0
N1346	favors 1.0	favors 1.0	favors 0.7576201621651173 opposes 0.23412564041352604 __DUMMY__ 0.008254197421356625	false	1.0
N1347	opposes 1.0	opposes 1.0	opposes 0.7178842555684174 favors 0.27380569570626834 __DUMMY__ 0.008310048725314283	false	1.0
N1344	opposes 1.0		favors 0.5186141157600539 opposes 0.4583365524026821 __DUMMY__ 0.02304933183726399	true	0.5
N1345	opposes 1.0	opposes 1.0	opposes 0.7128696608019903 favors 0.2788772515030475 __DUMMY__ 0.00825308769496218	false	1.0
N927	opposes 1.0		favors 0.5049481539296522 opposes 0.4722874008483417 __DUMMY__ 0.022764445222005967	true	0.5
N928	favors 1.0	favors 1.0	favors 0.7476454685960373 opposes 0.243895414939519 __DUMMY__ 0.008459116464443648	false	1.0
N929	favors 1.0	favors 1.0	favors 0.7547074471928018 opposes 0.23680842379583494 __DUMMY__ 0.00848412901136327	false	1.0
N1348	favors 1.0		favors 0.5421225427832862 opposes 0.4348869210867732 __DUMMY__ 0.022990536129940696	true	1.0
N1349	favors 1.0		favors 0.5250615572852835 opposes 0.45215774592825886 __DUMMY__ 0.02278069678645761	true	1.0
N912	opposes 1.0	opposes 1.0	opposes 0.7167691125426398 favors 0.2748773071618679 __DUMMY__ 0.008353580295492363	false	1.0
N913	favors 1.0		favors 0.5071274128478843 opposes 0.4701492379467911 __DUMMY__ 0.022723349205324754	true	1.0
N914	favors 1.0	favors 1.0	favors 0.7472506023106223 opposes 0.24418378389957668 __DUMMY__ 0.008565613789800959	false	1.0
N915	favors 1.0	favors 1.0	favors 0.739288945285528 opposes 0.25247508234801563 __DUMMY__ 0.008235972366456366	false	1.0
N1331	favors 1.0		favors 0.5293911443300686 opposes 0.4474812094407138 __DUMMY__ 0.02312764622921747	true	1.0
N1332	favors 1.0		favors 0.5285588039650357 opposes 0.4487273698136294 __DUMMY__ 0.022713826221334863	true	1.0
N910	opposes 1.0	opposes 1.0	opposes 0.7175320063561947 favors 0.27403532533092845 __DUMMY__ 0.008432668312876746	false	1.0
N1330	opposes 1.0	opposes 1.0	opposes 0.7111713275885826 favors 0.28047678983817725 __DUMMY__ 0.008351882573240182	false	1.0
N911	favors 1.0		favors 0.5202505917594333 opposes 0.4565001226961606 __DUMMY__ 0.023249285544406043	true	1.0
N1335	opposes 1.0		favors 0.5196490818142986 opposes 0.4578149234074041 __DUMMY__ 0.022535994778297385	true	0.5
N1336	favors 1.0		favors 0.5357556359587697 opposes 0.4414796116068296 __DUMMY__ 0.022764752434400716	true	1.0
N1333	favors 1.0	favors 1.0	favors 0.7469653037754586 opposes 0.24474736512424203 __DUMMY__ 0.008287331100299552	false	1.0
N1334	favors 1.0	favors 1.0	favors 0.7523449609383627 opposes 0.23915050202050606 __DUMMY__ 0.00850453704113125	false	1.0
N1339	opposes 1.0		favors 0.5407445176742217 opposes 0.4365539974705343 __DUMMY__ 0.022701484855243922	true	0.5
N916	favors 1.0		favors 0.5253823749060321 opposes 0.45170440174650717 __DUMMY__ 0.022913223347460637	true	1.0
N917	favors 1.0		favors 0.5108582170308911 opposes 0.46626783000382677 __DUMMY__ 0.022873952965282267	true	1.0
N1337	favors 1.0		favors 0.5230606736423854 opposes 0.4541467372471095 __DUMMY__ 0.022792589110505145	true	1.0
N918	opposes 1.0		favors 0.5178098499020505 opposes 0.45910862483581016 __DUMMY__ 0.023081525262139538	true	0.5
N1338	opposes 1.0		favors 0.5269597206381252 opposes 0.4500492065221973 __DUMMY__ 0.022991072839677478	true	0.5
N919	opposes 1.0	opposes 1.0	opposes 0.7083096637584704 favors 0.28328831329822907 __DUMMY__ 0.008402022943300606	false	1.0
N940	opposes 1.0		favors 0.5170095284666946 opposes 0.459910520492691 __DUMMY__ 0.0230799510406144	true	0.5
N945	favors 1.0		favors 0.5172698871704515 opposes 0.4600001926978062 __DUMMY__ 0.02272992013174232	true	1.0
N946	opposes 1.0	opposes 1.0	opposes 0.7060909468135309 favors 0.28559353510953966 __DUMMY__ 0.008315518076929426	false	1.0
N947	favors 1.0		favors 0.5094582105279534 opposes 0.4677031456813085 __DUMMY__ 0.022838643790738203	true	1.0
N948	opposes 1.0	opposes 1.0	opposes 0.7145097862841842 favors 0.2770356380309661 __DUMMY__ 0.008454575684849799	false	1.0
N941	opposes 1.0		favors 0.5170273475052323 opposes 0.45978309952962126 __DUMMY__ 0.023189552965146378	true	0.5
N1320	opposes 1.0		favors 0.516009609755677 opposes 0.4610576609516834 __DUMMY__ 0.022932729292639755	true	0.5
N942	opposes 1.0	opposes 1.0	opposes 0.7140387528848227 favors 0.2774426727542289 __DUMMY__ 0.008518574360948394	false	1.0
N1321	favors 1.0	favors 1.0	favors 0.7462377550803936 opposes 0.2452690022858228 __DUMMY__ 0.008493242633783602	false	1.0
N943	favors 1.0		favors 0.5412432168632497 opposes 0.4358573787144016 __DUMMY__ 0.022899404422348734	true	1.0
N944	favors 1.0		favors 0.5150769190693901 opposes 0.4617724327266024 __DUMMY__ 0.02315064820400759	true	1.0
N1324	opposes 1.0		favors 0.515750672508006 opposes 0.4611775768458424 __DUMMY__ 0.023071750646151728	true	0.5
N1325	opposes 1.0	opposes 1.0	opposes 0.7148204082693426 favors 0.2769939563613911 __DUMMY__ 0.008185635369266359	false	1.0
N1322	favors 1.0		favors 0.5203578241234135 opposes 0.4566222332826073 __DUMMY__ 0.023019942593979194	true	1.0
N1323	favors 1.0	favors 1.0	favors 0.7617771244905749 opposes 0.22992868845624506 __DUMMY__ 0.00829418705318	false	1.0
N1328	opposes 1.0	opposes 1.0	opposes 0.7119409896003356 favors 0.27967086631039406 __DUMMY__ 0.008388144089270386	false	1.0
N949	favors 1.0	favors 1.0	favors 0.7551117839146378 opposes 0.23640505786138602 __DUMMY__ 0.008483158223976134	false	1.0
N1329	favors 1.0	favors 1.0	favors 0.7563708071796811 opposes 0.2352136986062004 __DUMMY__ 0.008415494214118552	false	1.0
N1326	favors 1.0	favors 1.0	favors 0.7576856192716864 opposes 0.23412575983235961 __DUMMY__ 0.008188620895954032	false	1.0
N1327	opposes 1.0	opposes 1.0	opposes 0.7207261530647214 favors 0.27101518847257083 __DUMMY__ 0.0082586584627077	false	1.0
N934	opposes 1.0		favors 0.5247700709994828 opposes 0.4519480660019874 __DUMMY__ 0.02328186299852983	true	0.5
N935	opposes 1.0	opposes 1.0	opposes 0.7182249768568094 favors 0.27352511853864175 __DUMMY__ 0.008249904604548889	false	1.0
N1790	favors 1.0		favors 0.5225780208763575 opposes 0.4544935478887669 __DUMMY__ 0.022928431234875566	true	1.0
N936	opposes 1.0		favors 0.5323161492212781 opposes 0.4447623532870141 __DUMMY__ 0.022921497491707764	true	0.5
N937	opposes 1.0		favors 0.5165338677433524 opposes 0.46056819956662476 __DUMMY__ 0.02289793269002278	true	0.5
N930	favors 1.0		favors 0.5187365537599211 opposes 0.4583717028101403 __DUMMY__ 0.02289174342993856	true	1.0
N1793	opposes 1.0	opposes 1.0	opposes 0.7102260775077621 favors 0.28124227896413734 __DUMMY__ 0.008531643528100477	false	1.0
N931	opposes 1.0		favors 0.5265644897240128 opposes 0.45017012916815097 __DUMMY__ 0.023265381107836214	true	0.5
N1310	opposes 1.0		favors 0.521688033087032 opposes 0.45563911766326914 __DUMMY__ 0.02267284924969887	true	0.5
N1794	favors 1.0	favors 1.0	favors 0.7513306548417108 opposes 0.24035558102066104 __DUMMY__ 0.008313764137628155	false	1.0
N932	favors 1.0		favors 0.5233010150337539 opposes 0.4538830493097071 __DUMMY__ 0.022815935656539027	true	1.0
N1791	favors 1.0	favors 1.0	favors 0.7569084910877272 opposes 0.2346525826824801 __DUMMY__ 0.008438926229792807	false	1.0
N933	opposes 1.0	opposes 1.0	opposes 0.7178088728988615 favors 0.2738755055228113 __DUMMY__ 0.008315621578327144	false	1.0
N1792	favors 1.0		favors 0.521238089003501 opposes 0.4559003295227451 __DUMMY__ 0.022861581473754083	true	1.0
N1313	favors 1.0	favors 1.0	favors 0.7434459902439732 opposes 0.24836060434610135 __DUMMY__ 0.008193405409925417	false	1.0
N1797	opposes 1.0	opposes 1.0	opposes 0.7173823979237551 favors 0.2744387640586664 __DUMMY__ 0.008178838017578464	false	1.0
N1314	favors 1.0		favors 0.5249829361854259 opposes 0.4518532106691624 __DUMMY__ 0.023163853145411594	true	1.0
N1798	favors 1.0		favors 0.5355862145575432 opposes 0.44154855613706095 __DUMMY__ 0.022865229305395838	true	1.0
N1311	favors 1.0	favors 1.0	favors 0.75149776315278 opposes 0.23998277261942091 __DUMMY__ 0.008519464227799057	false	1.0
N1795	opposes 1.0	opposes 1.0	opposes 0.7172517568990393 favors 0.27445172478371876 __DUMMY__ 0.00829651831724188	false	1.0
N1312	opposes 1.0	opposes 1.0	opposes 0.7117993567602177 favors 0.28001650383344934 __DUMMY__ 0.008184139406333042	false	1.0
N1796	opposes 1.0	opposes 1.0	opposes 0.7107387332143599 favors 0.2807116685560845 __DUMMY__ 0.008549598229555696	false	1.0
N1317	favors 1.0		favors 0.5198553511359763 opposes 0.4574153205778771 __DUMMY__ 0.022729328286146766	true	1.0
N938	favors 1.0	favors 1.0	favors 0.7496831363091777 opposes 0.24183587613714536 __DUMMY__ 0.008480987553676949	false	1.0
N939	favors 1.0	favors 1.0	favors 0.7576750916294153 opposes 0.2339517909331944 __DUMMY__ 0.008373117437390337	false	1.0
N1318	opposes 1.0		favors 0.5238015779772215 opposes 0.4532618967873979 __DUMMY__ 0.022936525235380655	true	0.5
N1315	favors 1.0	favors 1.0	favors 0.7436761141258552 opposes 0.24824230691170962 __DUMMY__ 0.008081578962435186	false	1.0
N1799	opposes 1.0		favors 0.5191064681305904 opposes 0.45810073568863036 __DUMMY__ 0.02279279618077923	true	0.5
N1316	favors 1.0	favors 1.0	favors 0.7558111082526578 opposes 0.2359455371755323 __DUMMY__ 0.00824335457180989	false	1.0
N1319	favors 1.0	favors 1.0	favors 0.7589950728901811 opposes 0.23279512036719952 __DUMMY__ 0.00820980674261937	false	1.0
N960	opposes 1.0		favors 0.515649365729528 opposes 0.46133267360224217 __DUMMY__ 0.023017960668229805	true	0.5
N961	opposes 1.0		favors 0.5184817461323163 opposes 0.4584984680764842 __DUMMY__ 0.02301978579119947	true	0.5
N962	favors 1.0	favors 1.0	favors 0.7612546151620389 opposes 0.23037252271553046 __DUMMY__ 0.00837286212243069	false	1.0
N967	opposes 1.0		favors 0.5186905268468878 opposes 0.4582868444592219 __DUMMY__ 0.02302262869389026	true	0.5
N1382	opposes 1.0		favors 0.5138687498865112 opposes 0.4630308128708511 __DUMMY__ 0.02310043724263757	true	0.5
N968	favors 1.0	favors 1.0	favors 0.7534760261166937 opposes 0.23804980897115446 __DUMMY__ 0.008474164912151794	false	1.0
N1383	opposes 1.0	opposes 1.0	opposes 0.7154732655801077 favors 0.2762714219938068 __DUMMY__ 0.008255312426085414	false	1.0
N969	opposes 1.0	opposes 1.0	opposes 0.7150690294462387 favors 0.27647701554104687 __DUMMY__ 0.00845395501271439	false	1.0
N1380	favors 1.0		favors 0.5189827869993263 opposes 0.457969534181576 __DUMMY__ 0.023047678819097597	true	1.0
N1381	favors 1.0	favors 1.0	favors 0.7614277918262667 opposes 0.23018900165519762 __DUMMY__ 0.008383206518535686	false	1.0
N963	favors 1.0		favors 0.5130699155303812 opposes 0.46402617820766284 __DUMMY__ 0.022903906261955948	true	1.0
N1386	favors 1.0		favors 0.5244009606717042 opposes 0.4526813340596283 __DUMMY__ 0.022917705268667612	true	1.0
N964	favors 1.0		favors 0.5156341388670128 opposes 0.461851807176451 __DUMMY__ 0.022514053956536186	true	1.0
N1387	favors 1.0		favors 0.5358681854162403 opposes 0.4411727807720808 __DUMMY__ 0.02295903381167903	true	1.0
N1384	favors 1.0	favors 1.0	favors 0.7572245810037623 opposes 0.2344757821765689 __DUMMY__ 0.00829963681966876	false	1.0
N965	opposes 1.0		favors 0.5374288414796216 opposes 0.439969351769383 __DUMMY__ 0.022601806750995507	true	0.5
N966	favors 1.0	favors 1.0	favors 0.739053965455709 opposes 0.25267900415442557 __DUMMY__ 0.008267030389865426	false	1.0
N1385	opposes 1.0	opposes 1.0	opposes 0.7222727379656113 favors 0.2694391564526091 __DUMMY__ 0.008288105581779646	false	1.0
N1388	favors 1.0	favors 1.0	favors 0.7505081006287383 opposes 0.24113826903179808 __DUMMY__ 0.008353630339463609	false	1.0
N1389	opposes 1.0		favors 0.5294827447986182 opposes 0.4474013100296048 __DUMMY__ 0.023115945171776956	true	0.5
N950	favors 1.0		favors 0.516982697836294 opposes 0.46013809823343194 __DUMMY__ 0.022879203930274112	true	1.0
N951	opposes 1.0		favors 0.5248898136955638 opposes 0.4519439256444792 __DUMMY__ 0.023166260659957014	true	0.5
N956	opposes 1.0		favors 0.5158179693061545 opposes 0.46135505040979824 __DUMMY__ 0.02282698028404726	true	0.5
N1371	opposes 1.0	opposes 1.0	opposes 0.7204946641404516 favors 0.271246662483118 __DUMMY__ 0.00825867337643043	false	1.0
N1372	favors 1.0		favors 0.523146596755007 opposes 0.45362358371312167 __DUMMY__ 0.02322981953187122	true	1.0
N957	favors 1.0		favors 0.5212400955246546 opposes 0.4558135265405469 __DUMMY__ 0.0229463779347986	true	1.0
N958	favors 1.0		favors 0.5411283966488599 opposes 0.43614044820891706 __DUMMY__ 0.02273115514222294	true	1.0
N1370	opposes 1.0	opposes 1.0	opposes 0.7124102582464887 favors 0.27931680506196865 __DUMMY__ 0.008272936691542544	false	1.0
N959	favors 1.0		favors 0.5151312567256888 opposes 0.46193871691494076 __DUMMY__ 0.02293002635937047	true	1.0
N952	favors 1.0	favors 1.0	favors 0.7472890808643653 opposes 0.24444284437788394 __DUMMY__ 0.00826807475775075	false	1.0
N1375	favors 1.0	favors 1.0	favors 0.7456182240552474 opposes 0.24595536216065525 __DUMMY__ 0.00842641378409736	false	1.0
N1376	opposes 1.0		favors 0.5223494000650237 opposes 0.45469050052849014 __DUMMY__ 0.02296009940648622	true	0.5
N953	opposes 1.0	opposes 1.0	opposes 0.7198374442395002 favors 0.2718998068488295 __DUMMY__ 0.008262748911670293	false	1.0
N954	opposes 1.0		favors 0.506361482302243 opposes 0.4713870287415213 __DUMMY__ 0.022251488956235573	true	0.5
N1373	favors 1.0	favors 1.0	favors 0.742492922333209 opposes 0.24934220918427125 __DUMMY__ 0.008164868482519896	false	1.0
N955	opposes 1.0	opposes 1.0	opposes 0.7063072892277595 favors 0.2853040695530811 __DUMMY__ 0.008388641219159377	false	1.0
N1374	favors 1.0		favors 0.5335676838560264 opposes 0.4436725350120344 __DUMMY__ 0.02275978113193908	true	1.0
N1379	favors 1.0		favors 0.5147426389881217 opposes 0.4621897558969551 __DUMMY__ 0.02306760511492309	true	1.0
N1377	opposes 1.0	opposes 1.0	opposes 0.7030836833718371 favors 0.28860215482011864 __DUMMY__ 0.008314161808044335	false	1.0
N1378	favors 1.0	favors 1.0	favors 0.7444943642390434 opposes 0.24707446476437 __DUMMY__ 0.008431170996586631	false	1.0
N981	opposes 1.0		favors 0.5141281981092497 opposes 0.4627999284766402 __DUMMY__ 0.023071873414110166	true	0.5
N982	opposes 1.0	opposes 1.0	opposes 0.7166973886308108 favors 0.27500326554197385 __DUMMY__ 0.008299345827215403	false	1.0
N983	favors 1.0		favors 0.5330570721620269 opposes 0.44411180746462164 __DUMMY__ 0.022831120373351502	true	1.0
N500	opposes 1.0	opposes 1.0	opposes 0.7136074546276457 favors 0.27786847991566294 __DUMMY__ 0.008524065456691248	false	1.0
N984	favors 1.0		favors 0.5066083811608163 opposes 0.47061474705756123 __DUMMY__ 0.022776871781622486	true	1.0
N980	favors 1.0	favors 1.0	favors 0.747052920492666 opposes 0.24445134438960503 __DUMMY__ 0.008495735117728954	false	1.0
N505	favors 1.0	favors 1.0	favors 0.7554181334705431 opposes 0.23624700091675693 __DUMMY__ 0.008334865612700075	false	1.0
N989	opposes 1.0		favors 0.5201331336808811 opposes 0.4568485082064076 __DUMMY__ 0.023018358112711253	true	0.5
N1360	opposes 1.0		favors 0.5178827777689814 opposes 0.4590589970740579 __DUMMY__ 0.023058225156960734	true	0.5
N506	opposes 1.0		favors 0.516171581880247 opposes 0.4607624517749308 __DUMMY__ 0.023065966344822074	true	0.5
N1361	favors 1.0		favors 0.5236732262649131 opposes 0.4532949579665218 __DUMMY__ 0.023031815768565122	true	1.0
N507	opposes 1.0		favors 0.5157980798540126 opposes 0.46103406198987457 __DUMMY__ 0.023167858156112883	true	0.5
N508	opposes 1.0		favors 0.5190597517800501 opposes 0.45784903128308463 __DUMMY__ 0.023091216936865257	true	0.5
N501	opposes 1.0		favors 0.5146162843974029 opposes 0.46271503534282554 __DUMMY__ 0.022668680259771607	true	0.5
N985	opposes 1.0	opposes 1.0	opposes 0.7152984971883438 favors 0.2761728884114318 __DUMMY__ 0.00852861440022448	false	1.0
N1364	favors 1.0		favors 0.5482204126778809 opposes 0.42934745200893276 __DUMMY__ 0.022432135313186403	true	1.0
N502	favors 1.0	favors 1.0	favors 0.753060751742207 opposes 0.2385852213460424 __DUMMY__ 0.008354026911750578	false	1.0
N986	opposes 1.0	opposes 1.0	opposes 0.7094497383512327 favors 0.2819810130499965 __DUMMY__ 0.008569248598770821	false	1.0
N1365	favors 1.0	favors 1.0	favors 0.7409588167005466 opposes 0.25077252153345087 __DUMMY__ 0.008268661766002541	false	1.0
N503	opposes 1.0		favors 0.5176821147738973 opposes 0.45944484682971 __DUMMY__ 0.022873038396392847	true	0.5
N987	opposes 1.0		favors 0.5170397229737655 opposes 0.459910560465484 __DUMMY__ 0.023049716560750264	true	0.5
N1362	favors 1.0	favors 1.0	favors 0.7667415857667805 opposes 0.22493873122723662 __DUMMY__ 0.008319683005982882	false	1.0
N1363	opposes 1.0	opposes 1.0	opposes 0.7155664736587061 favors 0.27591650350853464 __DUMMY__ 0.008517022832759354	false	1.0
N504	favors 1.0		favors 0.521536677004908 opposes 0.45540042223736493 __DUMMY__ 0.023062900757727003	true	1.0
N988	favors 1.0	favors 1.0	favors 0.7497182880430339 opposes 0.24164224640919332 __DUMMY__ 0.00863946554777284	false	1.0
N1368	opposes 1.0		favors 0.5195912644812238 opposes 0.45758825054865915 __DUMMY__ 0.022820484970116992	true	0.5
N1369	favors 1.0		favors 0.5244378351227137 opposes 0.45237494932099825 __DUMMY__ 0.023187215556288027	true	1.0
N1366	opposes 1.0		favors 0.5200093035222175 opposes 0.45701581753243853 __DUMMY__ 0.022974878945343852	true	0.5
N1367	opposes 1.0	opposes 1.0	opposes 0.7065089227233167 favors 0.28501787115430155 __DUMMY__ 0.008473206122381827	false	1.0
N509	favors 1.0		favors 0.5362156970553739 opposes 0.44090831890724175 __DUMMY__ 0.022875984037384233	true	1.0
N970	favors 1.0		favors 0.5236933201108871 opposes 0.4530621840478274 __DUMMY__ 0.023244495841285528	true	1.0
N971	opposes 1.0	opposes 1.0	opposes 0.7140264252565094 favors 0.27762071090561585 __DUMMY__ 0.008352863837874794	false	1.0
N972	favors 1.0		favors 0.5101944252472597 opposes 0.46706219919755954 __DUMMY__ 0.0227433755551808	true	1.0
N973	favors 1.0		favors 0.5221517528255093 opposes 0.45460687460070254 __DUMMY__ 0.023241372573788277	true	1.0
N978	opposes 1.0	opposes 1.0	opposes 0.7065117046225999 favors 0.28511569158956285 __DUMMY__ 0.008372603787837097	false	1.0
N979	favors 1.0	favors 1.0	favors 0.7454500950631159 opposes 0.2461159069536678 __DUMMY__ 0.008433997983216347	false	1.0
N1350	opposes 1.0		favors 0.5298866649804842 opposes 0.44689987773742895 __DUMMY__ 0.023213457282086878	true	0.5
N1353	opposes 1.0	opposes 1.0	opposes 0.709111962437873 favors 0.28226281781368007 __DUMMY__ 0.008625219748446876	false	1.0
N974	favors 1.0		favors 0.5106182349937558 opposes 0.46677128852989436 __DUMMY__ 0.02261047647634993	true	1.0
N975	favors 1.0		favors 0.5298022872303938 opposes 0.44728224667539357 __DUMMY__ 0.022915466094212564	true	1.0
N1354	opposes 1.0		favors 0.5152494041063694 opposes 0.46263107811782883 __DUMMY__ 0.02211951777580179	true	0.5
N976	favors 1.0	favors 1.0	favors 0.74551372622165 opposes 0.24605938912822262 __DUMMY__ 0.008426884650127364	false	1.0
N1351	favors 1.0	favors 1.0	favors 0.7518448787952663 opposes 0.239970937300705 __DUMMY__ 0.008184183904028723	false	1.0
N977	opposes 1.0		favors 0.5209623437780299 opposes 0.4559726051000508 __DUMMY__ 0.023065051121919266	true	0.5
N1352	opposes 1.0	opposes 1.0	opposes 0.7171565121729909 favors 0.2746413607923697 __DUMMY__ 0.008202127034639307	false	1.0
N1357	favors 1.0	favors 1.0	favors 0.750918442753192 opposes 0.24069160369155457 __DUMMY__ 0.0083899535552535	false	1.0
N1358	favors 1.0		favors 0.550419888971042 opposes 0.42704192933869417 __DUMMY__ 0.02253818169026381	true	1.0
N1355	favors 1.0	favors 1.0	favors 0.7590481774854584 opposes 0.23267371830619696 __DUMMY__ 0.00827810420834464	false	1.0
N1356	opposes 1.0		favors 0.5222672569900431 opposes 0.454895128746437 __DUMMY__ 0.022837614263519993	true	0.5
N1359	favors 1.0		favors 0.5177490489410866 opposes 0.4593285204737139 __DUMMY__ 0.022922430585199403	true	1.0
N520	favors 1.0		favors 0.5260928916754215 opposes 0.45054625577689683 __DUMMY__ 0.023360852547681735	true	1.0
N521	favors 1.0	favors 1.0	favors 0.7472611362402787 opposes 0.24439206618490986 __DUMMY__ 0.008346797574811498	false	1.0
N522	favors 1.0	favors 1.0	favors 0.7552137304826843 opposes 0.23633735671171202 __DUMMY__ 0.0084489128056038	false	1.0
N527	favors 1.0		favors 0.5226071154798215 opposes 0.45419249908777415 __DUMMY__ 0.0232003854324043	true	1.0
N528	favors 1.0		favors 0.5409886893388604 opposes 0.4359709206977277 __DUMMY__ 0.02304038996341186	true	1.0
N529	opposes 1.0	opposes 1.0	opposes 0.7157116291989939 favors 0.2757242202208891 __DUMMY__ 0.00856415058011702	false	1.0
N523	favors 1.0	favors 1.0	favors 0.7484634397920308 opposes 0.24305421313461742 __DUMMY__ 0.008482347073351798	false	1.0
N524	opposes 1.0		favors 0.5245708495973733 opposes 0.45224703954611395 __DUMMY__ 0.023182110856512648	true	0.5
N525	opposes 1.0		favors 0.5380756188034675 opposes 0.4389505959053302 __DUMMY__ 0.02297378529120219	true	0.5
N526	favors 1.0	favors 1.0	favors 0.7474841961119456 opposes 0.24394587588508915 __DUMMY__ 0.008569928002965332	false	1.0
N992	favors 1.0		favors 0.5095392942824778 opposes 0.46767817002680845 __DUMMY__ 0.022782535690713614	true	1.0
N993	favors 1.0	favors 1.0	favors 0.752831717821408 opposes 0.2386616864819513 __DUMMY__ 0.008506595696640674	false	1.0
N510	favors 1.0		favors 0.5146035340809932 opposes 0.46225211243150466 __DUMMY__ 0.02314435348750203	true	1.0
N994	favors 1.0		favors 0.5154094770640141 opposes 0.46155840514289714 __DUMMY__ 0.023032117793088707	true	1.0
N511	favors 1.0		favors 0.5175324179873232 opposes 0.4597022835824054 __DUMMY__ 0.022765298430271374	true	1.0
N995	opposes 1.0		favors 0.5210236486347382 opposes 0.4557845446879985 __DUMMY__ 0.023191806677263227	true	0.5
N990	favors 1.0	favors 1.0	favors 0.741827513391398 opposes 0.249766722916016 __DUMMY__ 0.00840576369258604	false	1.0
N991	favors 1.0	favors 1.0	favors 0.7489580402197608 opposes 0.24240235975190838 __DUMMY__ 0.008639600028330755	false	1.0
N516	opposes 1.0		favors 0.5241219577191908 opposes 0.45283924783747465 __DUMMY__ 0.02303879444333453	true	0.5
N517	favors 1.0	favors 1.0	favors 0.7523106877764298 opposes 0.23909266690354117 __DUMMY__ 0.008596645320028969	false	1.0
N518	opposes 1.0	opposes 1.0	opposes 0.710837568953427 favors 0.2807136996405903 __DUMMY__ 0.008448731405982655	false	1.0
N519	favors 1.0		favors 0.5169552570629499 opposes 0.4600973064173244 __DUMMY__ 0.022947436519725695	true	1.0
N512	opposes 1.0	opposes 1.0	opposes 0.7086247163194423 favors 0.28307863411324663 __DUMMY__ 0.008296649567311052	false	1.0
N996	opposes 1.0		favors 0.5342122410961896 opposes 0.4427370129724204 __DUMMY__ 0.023050745931390063	true	0.5
N513	favors 1.0	favors 1.0	favors 0.7429479388129729 opposes 0.2486855170905724 __DUMMY__ 0.008366544096454591	false	1.0
N997	favors 1.0	favors 1.0	favors 0.7452979682600571 opposes 0.2461436559388424 __DUMMY__ 0.008558375801100424	false	1.0
N514	opposes 1.0		favors 0.5230822800163533 opposes 0.45375307460060843 __DUMMY__ 0.023164645383038304	true	0.5
N998	favors 1.0	favors 1.0	favors 0.7461798540605691 opposes 0.24522443949881628 __DUMMY__ 0.008595706440614631	false	1.0
N515	opposes 1.0		favors 0.5326007616940845 opposes 0.444184030851279 __DUMMY__ 0.023215207454636455	true	0.5
N999	opposes 1.0	opposes 1.0	opposes 0.7048508000351157 favors 0.28666691835147623 __DUMMY__ 0.008482281613407984	false	1.0
N541	favors 1.0	favors 1.0	favors 0.7557609358097231 opposes 0.23585128847290066 __DUMMY__ 0.008387775717376252	false	1.0
N542	opposes 1.0	opposes 1.0	opposes 0.7142659019745627 favors 0.2773166910235311 __DUMMY__ 0.008417407001906123	false	1.0
N543	favors 1.0	favors 1.0	favors 0.7508003738312446 opposes 0.24071986135829393 __DUMMY__ 0.0084797648104614	false	1.0
N544	favors 1.0		favors 0.5398680629973595 opposes 0.4372917375810056 __DUMMY__ 0.02284019942163483	true	1.0
N540	opposes 1.0	opposes 1.0	opposes 0.7157442861322304 favors 0.27598649808566483 __DUMMY__ 0.008269215782104725	false	1.0
N549	favors 1.0		favors 0.5171213198485176 opposes 0.4597170723245046 __DUMMY__ 0.023161607826977796	true	1.0
N545	favors 1.0	favors 1.0	favors 0.7476078845077812 opposes 0.2439174855131333 __DUMMY__ 0.00847462997908556	false	1.0
N546	opposes 1.0	opposes 1.0	opposes 0.714984693731046 favors 0.2764811992074008 __DUMMY__ 0.008534107061553192	false	1.0
N547	opposes 1.0	opposes 1.0	opposes 0.7129872784019617 favors 0.27851957980159187 __DUMMY__ 0.008493141796446417	false	1.0
N548	favors 1.0		favors 0.5426844242351273 opposes 0.4344078261084701 __DUMMY__ 0.022907749656402583	true	1.0
N530	opposes 1.0	opposes 1.0	opposes 0.7141637750754704 favors 0.27745765603955036 __DUMMY__ 0.008378568884979336	false	1.0
N531	opposes 1.0		favors 0.5358205499303744 opposes 0.44128728804734974 __DUMMY__ 0.022892162022275734	true	0.5
N532	opposes 1.0	opposes 1.0	opposes 0.7181202566999294 favors 0.2734442448070598 __DUMMY__ 0.008435498493010693	false	1.0
N533	favors 1.0	favors 1.0	favors 0.7485788646368928 opposes 0.24295458239580597 __DUMMY__ 0.008466552967301262	false	1.0
N1390	favors 1.0	favors 1.0	favors 0.7533158566841701 opposes 0.23841851913306236 __DUMMY__ 0.00826562418276759	false	1.0
N1393	opposes 1.0	opposes 1.0	opposes 0.7151125358932909 favors 0.27670117702467045 __DUMMY__ 0.008186287082038514	false	1.0
N538	opposes 1.0	opposes 1.0	opposes 0.7158184559140555 favors 0.2758360228145511 __DUMMY__ 0.008345521271393314	false	1.0
N539	opposes 1.0		favors 0.5262710890617536 opposes 0.4504445784901554 __DUMMY__ 0.023284332448090996	true	0.5
N1394	opposes 1.0		favors 0.5372216664999199 opposes 0.44004529021980265 __DUMMY__ 0.022733043280277355	true	0.5
N1391	opposes 1.0	opposes 1.0	opposes 0.7159229404532934 favors 0.2758104809621141 __DUMMY__ 0.008266578584592545	false	1.0
N1392	opposes 1.0		favors 0.5275508664918498 opposes 0.4493123888708071 __DUMMY__ 0.0231367446373432	true	0.5
N534	favors 1.0		favors 0.532892136594479 opposes 0.44401559190309137 __DUMMY__ 0.02309227150242962	true	1.0
N1397	favors 1.0	favors 1.0	favors 0.7601416625829499 opposes 0.231599493407176 __DUMMY__ 0.00825884400987402	false	1.0
N535	favors 1.0		favors 0.5225163302520425 opposes 0.45456817038036046 __DUMMY__ 0.02291549936759702	true	1.0
N1398	favors 1.0		favors 0.5190152869510571 opposes 0.4580207592074065 __DUMMY__ 0.02296395384153636	true	1.0
N1395	opposes 1.0		favors 0.5218936297547395 opposes 0.4553187155083929 __DUMMY__ 0.022787654736867596	true	0.5
N536	opposes 1.0		favors 0.5278914120295548 opposes 0.44886868563515603 __DUMMY__ 0.023239902335289202	true	0.5
N537	favors 1.0		favors 0.5273268036862522 opposes 0.4498288915852976 __DUMMY__ 0.022844304728450147	true	1.0
N1396	favors 1.0	favors 1.0	favors 0.7516436989491863 opposes 0.23995384822245833 __DUMMY__ 0.008402452828355358	false	1.0
N1399	opposes 1.0		favors 0.5182991993636366 opposes 0.4585999631046056 __DUMMY__ 0.02310083753175776	true	0.5
N563	opposes 1.0		favors 0.544563119518072 opposes 0.4325465034014374 __DUMMY__ 0.022890377080490586	true	0.5
N564	opposes 1.0		favors 0.5183073481402762 opposes 0.4586574242119443 __DUMMY__ 0.023035227647779474	true	0.5
N565	favors 1.0	favors 1.0	favors 0.7465873566956334 opposes 0.2448896441370119 __DUMMY__ 0.008522999167354717	false	1.0
