N1742	opposes 1.0		favors 0.5242621935138901 opposes 0.44110787184891875 __DUMMY__ 0.03462993463719118	true	0.5
N1743	opposes 1.0		favors 0.48507171107942143 opposes 0.4793754813985388 __DUMMY__ 0.03555280752203983	true	0.5
N1740	favors 1.0	favors 1.0	favors 0.7203222021016864 opposes 0.2649446374303936 __DUMMY__ 0.014733160467919951	false	1.0
N1741	opposes 1.0		favors 0.49435724395502256 opposes 0.470214063441854 __DUMMY__ 0.035428692603123355	true	0.5
N1746	opposes 1.0		favors 0.5251559710921287 opposes 0.44059869732461576 __DUMMY__ 0.03424533158325543	true	0.5
N1747	opposes 1.0		opposes 0.4845241470142894 favors 0.4802254940906015 __DUMMY__ 0.03525035889510911	true	1.0
N1744	favors 1.0		favors 0.4868586862475826 opposes 0.47768483274680984 __DUMMY__ 0.03545648100560744	true	1.0
N1745	favors 1.0		favors 0.48916723713459126 opposes 0.47564516055954864 __DUMMY__ 0.035187602305860134	true	1.0
N1748	opposes 1.0		favors 0.4911317871978455 opposes 0.4739437573829778 __DUMMY__ 0.034924455419176825	true	0.5
N1749	favors 1.0		favors 0.51948671176269 opposes 0.44591419755955525 __DUMMY__ 0.034599090677754823	true	1.0
N1731	opposes 1.0	opposes 1.0	opposes 0.7299007491010173 favors 0.25517686264454686 __DUMMY__ 0.014922388254435853	false	1.0
N1732	opposes 1.0	opposes 1.0	opposes 0.7156342597101807 favors 0.2693923752062009 __DUMMY__ 0.014973365083618339	false	1.0
N1730	favors 1.0		opposes 0.48357542348792254 favors 0.4811320284933666 __DUMMY__ 0.03529254801871077	true	0.5
N1735	opposes 1.0	opposes 1.0	opposes 0.7240655122230205 favors 0.2612337994751251 __DUMMY__ 0.014700688301854423	false	1.0
N1736	favors 1.0	favors 1.0	favors 0.727804742394603 opposes 0.25712166505853057 __DUMMY__ 0.015073592546866398	false	1.0
N1733	opposes 1.0		opposes 0.49045445962783374 favors 0.4751032083157024 __DUMMY__ 0.034442332056463784	true	1.0
N1734	favors 1.0		favors 0.49608392464359136 opposes 0.4686114385787595 __DUMMY__ 0.035304636777649216	true	1.0
N1739	favors 1.0		favors 0.5101812997336977 opposes 0.4547200993566474 __DUMMY__ 0.03509860090965467	true	1.0
N1737	favors 1.0		favors 0.49212268686794564 opposes 0.47210066732952677 __DUMMY__ 0.035776645802527644	true	1.0
N1738	opposes 1.0	opposes 1.0	opposes 0.7375561114626803 favors 0.24842465479480114 __DUMMY__ 0.01401923374251862	false	1.0
N1720	opposes 1.0		opposes 0.4953931745623138 favors 0.47008799816004543 __DUMMY__ 0.034518827277640704	true	1.0
N1721	opposes 1.0	opposes 1.0	opposes 0.7211561277464491 favors 0.26377111351160504 __DUMMY__ 0.015072758741945785	false	1.0
N1724	favors 1.0		favors 0.4866860858360835 opposes 0.4779136796339282 __DUMMY__ 0.03540023452998818	true	1.0
N1725	favors 1.0	favors 1.0	favors 0.7306954509409614 opposes 0.2543099304378419 __DUMMY__ 0.014994618621196686	false	1.0
N1722	favors 1.0		favors 0.5278992902158919 opposes 0.43748650069407047 __DUMMY__ 0.034614209090037505	true	1.0
N1723	favors 1.0		favors 0.4852260420518811 opposes 0.4792292122397075 __DUMMY__ 0.03554474570841145	true	1.0
N1728	opposes 1.0		favors 0.4924468299381703 opposes 0.4726314440192306 __DUMMY__ 0.03492172604259911	true	0.5
N1729	favors 1.0		favors 0.525175654120555 opposes 0.4401589343142408 __DUMMY__ 0.0346654115652043	true	1.0
N1726	favors 1.0	favors 1.0	favors 0.7533647233244668 opposes 0.2321468680427206 __DUMMY__ 0.014488408632812613	false	1.0
N1727	opposes 1.0		opposes 0.4846780826559843 favors 0.4801225912337613 __DUMMY__ 0.035199326110254406	true	1.0
N1710	favors 1.0		opposes 0.48409636185529975 favors 0.48060212666397073 __DUMMY__ 0.035301511480729415	true	0.5
N1713	opposes 1.0		opposes 0.4921600199695278 favors 0.47340286914901497 __DUMMY__ 0.03443711088145732	true	1.0
N1714	favors 1.0		favors 0.4964345520840198 opposes 0.4683385669967192 __DUMMY__ 0.035226880919260926	true	1.0
N1711	favors 1.0		opposes 0.4887329794700196 favors 0.47626770222317627 __DUMMY__ 0.0349993183068041	true	0.5
N1712	favors 1.0		favors 0.5084052551480449 opposes 0.4563562968517034 __DUMMY__ 0.03523844800025168	true	1.0
N1717	favors 1.0		favors 0.49289355587618155 opposes 0.47133719048267997 __DUMMY__ 0.035769253641138414	true	1.0
N1718	opposes 1.0		opposes 0.5074919071238008 favors 0.45967072151861027 __DUMMY__ 0.03283737135758881	true	1.0
N1715	favors 1.0		favors 0.4885755354626026 opposes 0.47695049954298535 __DUMMY__ 0.03447396499441204	true	1.0
N1716	favors 1.0		favors 0.482514283507889 opposes 0.48209592240601945 __DUMMY__ 0.03538979408609157	true	1.0
N1719	favors 1.0		favors 0.5127875912447969 opposes 0.45205416072213783 __DUMMY__ 0.035158248033065324	true	1.0
N1782	favors 1.0	favors 1.0	favors 0.7290686847629476 opposes 0.2557860671810241 __DUMMY__ 0.0151452480560283	false	1.0
N1783	favors 1.0	favors 1.0	favors 0.7300457089719494 opposes 0.25488066381981306 __DUMMY__ 0.015073627208237553	false	1.0
N1780	opposes 1.0		favors 0.4949891108844285 opposes 0.4696033857001087 __DUMMY__ 0.03540750341546284	true	0.5
N1781	opposes 1.0		favors 0.5266485467642129 opposes 0.43872905699546105 __DUMMY__ 0.03462239624032608	true	0.5
N1786	opposes 1.0	opposes 1.0	opposes 0.7282233969327164 favors 0.2567674507493369 __DUMMY__ 0.01500915231794669	false	1.0
N1302	favors 1.0	favors 1.0	favors 0.7310283836968599 opposes 0.2540117654017207 __DUMMY__ 0.014959850901419398	false	1.0
N1303	favors 1.0		favors 0.5292638898727543 opposes 0.43652172685908447 __DUMMY__ 0.03421438326816125	true	1.0
N1787	opposes 1.0		favors 0.493541124943696 opposes 0.47151847544573566 __DUMMY__ 0.03494039961056836	true	0.5
N1300	favors 1.0	favors 1.0	favors 0.7291554122158459 opposes 0.25571615665352915 __DUMMY__ 0.01512843113062492	false	1.0
N1784	favors 1.0		favors 0.48979354221464905 opposes 0.47512607863405204 __DUMMY__ 0.03508037915129888	true	1.0
N1301	opposes 1.0	opposes 1.0	opposes 0.7250790962559577 favors 0.25985696340413095 __DUMMY__ 0.015063940339911352	false	1.0
N1785	opposes 1.0		favors 0.5293046039322022 opposes 0.436504010163186 __DUMMY__ 0.034191385904611724	true	0.5
N1306	opposes 1.0		favors 0.5228513921373859 opposes 0.4425241685456732 __DUMMY__ 0.03462443931694096	true	0.5
N1307	favors 1.0		opposes 0.48351256236556156 favors 0.4812467927372562 __DUMMY__ 0.03524064489718226	true	0.5
N1304	favors 1.0	favors 1.0	favors 0.7266917847843767 opposes 0.2583031411156408 __DUMMY__ 0.015005074099982519	false	1.0
N1788	favors 1.0		favors 0.5237909609735538 opposes 0.4415715660610652 __DUMMY__ 0.03463747296538097	true	1.0
N1789	opposes 1.0		opposes 0.48353847216985635 favors 0.48118522896756 __DUMMY__ 0.03527629886258355	true	1.0
N1305	favors 1.0		favors 0.4923350738101169 opposes 0.47276773817441103 __DUMMY__ 0.03489718801547221	true	1.0
N1308	opposes 1.0	opposes 1.0	opposes 0.7296300386494224 favors 0.25544779837019027 __DUMMY__ 0.014922162980387264	false	1.0
N1309	opposes 1.0		favors 0.5068626539832752 opposes 0.45802049791577404 __DUMMY__ 0.035116848100950636	true	0.5
N1771	favors 1.0		favors 0.5078750947287601 opposes 0.456957429242431 __DUMMY__ 0.03516747602880887	true	1.0
N1772	opposes 1.0		opposes 0.4902832594523023 favors 0.47528039325097404 __DUMMY__ 0.034436347296723645	true	1.0
N1770	opposes 1.0		opposes 0.48713771622503094 favors 0.47788658574589005 __DUMMY__ 0.03497569802907895	true	1.0
N1775	favors 1.0		favors 0.4836119021933848 opposes 0.4810309146475411 __DUMMY__ 0.03535718315907405	true	1.0
N1776	favors 1.0		favors 0.49251053008390755 opposes 0.4717552018721354 __DUMMY__ 0.0357342680439571	true	1.0
N1773	favors 1.0		favors 0.49626130082906 opposes 0.468517929169808 __DUMMY__ 0.03522077000113204	true	1.0
N1774	opposes 1.0	opposes 1.0	opposes 0.723187743388386 favors 0.2621091271403752 __DUMMY__ 0.014703129471238802	false	1.0
N1779	favors 1.0		opposes 0.49435437408169575 favors 0.47112920357415455 __DUMMY__ 0.034516422344149617	true	0.5
N1777	favors 1.0	favors 1.0	favors 0.7155310732046358 opposes 0.2705351667219029 __DUMMY__ 0.013933760073461214	false	1.0
N1778	favors 1.0	favors 1.0	favors 0.7431678570380812 opposes 0.2418718562133825 __DUMMY__ 0.014960286748536366	false	1.0
N901	favors 1.0		favors 0.48662443567459707 opposes 0.4779535920701727 __DUMMY__ 0.0354219722552303	true	1.0
N902	favors 1.0		favors 0.4889860562698689 opposes 0.47588532830908203 __DUMMY__ 0.03512861542104905	true	1.0
N903	opposes 1.0	opposes 1.0	opposes 0.7039897446293429 favors 0.2815797584040358 __DUMMY__ 0.014430496966621156	false	1.0
N904	opposes 1.0		opposes 0.4849221391310024 favors 0.47987155246967356 __DUMMY__ 0.035206308399323996	true	1.0
N1760	opposes 1.0		favors 0.49489524586725103 opposes 0.4696882159234719 __DUMMY__ 0.03541653820927697	true	0.5
N1761	opposes 1.0		favors 0.5262262571451115 opposes 0.4391226781048161 __DUMMY__ 0.03465106475007244	true	0.5
N900	favors 1.0	favors 1.0	favors 0.7290202588788336 opposes 0.25583209699161286 __DUMMY__ 0.015147644129553613	false	1.0
N909	favors 1.0		favors 0.5050858723742429 opposes 0.4597116001200044 __DUMMY__ 0.03520252750575291	true	1.0
N1764	favors 1.0	favors 1.0	favors 0.7309193406857325 opposes 0.2540988335656514 __DUMMY__ 0.014981825748615943	false	1.0
N1765	opposes 1.0		favors 0.5293152690286334 opposes 0.4364585581815961 __DUMMY__ 0.03422617278977071	true	0.5
N1762	favors 1.0		favors 0.4851926877223064 opposes 0.4792831641065045 __DUMMY__ 0.035524148171189034	true	1.0
N1763	opposes 1.0		favors 0.48695076979195745 opposes 0.47764470732559106 __DUMMY__ 0.035404522882451425	true	0.5
N1768	favors 1.0		favors 0.5237322221907459 opposes 0.44160179936443517 __DUMMY__ 0.03466597844481882	true	1.0
N905	opposes 1.0		favors 0.4916750630568981 opposes 0.47348494889725484 __DUMMY__ 0.03483998804584691	true	0.5
N906	favors 1.0		favors 0.5205650991686155 opposes 0.44492482412581585 __DUMMY__ 0.034510076705568764	true	1.0
N1769	opposes 1.0	opposes 1.0	opposes 0.7277174696049434 favors 0.25720500729153156 __DUMMY__ 0.015077523103525031	false	1.0
N1766	opposes 1.0		opposes 0.4840918936076517 favors 0.480691614438372 __DUMMY__ 0.03521649195397632	true	1.0
N907	opposes 1.0		opposes 0.48378093417291773 favors 0.48094807133235 __DUMMY__ 0.03527099449473212	true	1.0
N908	opposes 1.0		opposes 0.4889085809452053 favors 0.47609933217247974 __DUMMY__ 0.03499208688231495	true	1.0
N1767	opposes 1.0		favors 0.4933979687234818 opposes 0.47161282327442794 __DUMMY__ 0.03498920800209032	true	0.5
N1750	opposes 1.0		opposes 0.48356339981092794 favors 0.4811142997486496 __DUMMY__ 0.03532230044042239	true	1.0
N1753	favors 1.0		favors 0.49630262817627946 opposes 0.4684624277023949 __DUMMY__ 0.03523494412132555	true	1.0
N1754	opposes 1.0		favors 0.4893691102876397 opposes 0.4760464126606312 __DUMMY__ 0.034584477051729144	true	0.5
N1751	opposes 1.0		opposes 0.48727030105387964 favors 0.4777251317671734 __DUMMY__ 0.03500456717894689	true	1.0
N1752	opposes 1.0		opposes 0.4903162371686339 favors 0.4751966382817147 __DUMMY__ 0.03448712454965142	true	1.0
N1757	favors 1.0	favors 1.0	favors 0.7153799089116549 opposes 0.27065776232941025 __DUMMY__ 0.013962328758934816	false	1.0
N1758	favors 1.0		favors 0.5117392279261137 opposes 0.45310365424769433 __DUMMY__ 0.035157117826191936	true	1.0
N1755	favors 1.0		favors 0.4832515514927558 opposes 0.48136996634232093 __DUMMY__ 0.03537848216492317	true	1.0
N1756	favors 1.0		favors 0.49286326906519823 opposes 0.4713835881792889 __DUMMY__ 0.03575314275551298	true	1.0
N1759	favors 1.0	favors 1.0	favors 0.7202797988110369 opposes 0.2649590566926468 __DUMMY__ 0.0147611444963164	false	1.0
N923	favors 1.0		favors 0.5262096370977701 opposes 0.43956549051705124 __DUMMY__ 0.034224872385178656	true	1.0
N924	opposes 1.0	opposes 1.0	opposes 0.728623964484987 favors 0.2563468525641226 __DUMMY__ 0.015029182950890433	false	1.0
N925	opposes 1.0		favors 0.4909458370611978 opposes 0.47411637695203923 __DUMMY__ 0.03493778598676299	true	0.5
N926	favors 1.0		favors 0.520426791674167 opposes 0.44496876051097806 __DUMMY__ 0.034604447814854805	true	1.0
N1342	favors 1.0	favors 1.0	favors 0.7312477095321829 opposes 0.25381805901316185 __DUMMY__ 0.014934231454655184	false	1.0
N1343	favors 1.0		favors 0.5281969745409163 opposes 0.4376600156582252 __DUMMY__ 0.03414300980085842	true	1.0
N920	favors 1.0		favors 0.484778783542574 opposes 0.4796650672685397 __DUMMY__ 0.0355561491888863	true	1.0
N921	favors 1.0		favors 0.48662688971478996 opposes 0.4779188352944456 __DUMMY__ 0.035454274990764416	true	1.0
N1340	favors 1.0		favors 0.48546243705594744 opposes 0.4790627666114885 __DUMMY__ 0.03547479633256404	true	1.0
N1341	favors 1.0	favors 1.0	favors 0.7302307272060475 opposes 0.2547098724430843 __DUMMY__ 0.015059400350868129	false	1.0
N922	favors 1.0		favors 0.4886829610996093 opposes 0.476134071968965 __DUMMY__ 0.035182966931425655	true	1.0
N1346	favors 1.0	favors 1.0	favors 0.7479758594715061 opposes 0.23734238233948152 __DUMMY__ 0.014681758189012396	false	1.0
N1347	opposes 1.0	opposes 1.0	opposes 0.7276541537270212 favors 0.2573169841401591 __DUMMY__ 0.015028862132819638	false	1.0
N1344	opposes 1.0		opposes 0.48394936086769774 favors 0.4808804389727755 __DUMMY__ 0.035170200159526745	true	1.0
N1345	opposes 1.0	opposes 1.0	opposes 0.7212988747349651 favors 0.26388537563883485 __DUMMY__ 0.014815749626200065	false	1.0
N927	opposes 1.0		opposes 0.4838288007226065 favors 0.48086565266310566 __DUMMY__ 0.035305546614287794	true	1.0
N928	favors 1.0	favors 1.0	favors 0.7244222351048254 opposes 0.2606615698606828 __DUMMY__ 0.014916195034491807	false	1.0
N929	favors 1.0		favors 0.506311892703576 opposes 0.45853878786599345 __DUMMY__ 0.035149319430430453	true	1.0
N1348	favors 1.0		favors 0.5081849184997965 opposes 0.45663029411611866 __DUMMY__ 0.035184787384084905	true	1.0
N1349	favors 1.0		opposes 0.4910080337082253 favors 0.47458406364741984 __DUMMY__ 0.034407902644354754	true	0.5
N912	opposes 1.0		favors 0.4870521456900953 opposes 0.47838812455730156 __DUMMY__ 0.03455972975260323	true	0.5
N913	favors 1.0		favors 0.482698157869139 opposes 0.4819731029632013 __DUMMY__ 0.0353287391676598	true	1.0
N914	favors 1.0		favors 0.49175955145200806 opposes 0.47244895787368246 __DUMMY__ 0.035791490674309416	true	1.0
N915	favors 1.0	favors 1.0	favors 0.7145168136933189 opposes 0.2715019887768258 __DUMMY__ 0.013981197529855363	false	1.0
N1331	favors 1.0		favors 0.49694370467574317 opposes 0.467866183180546 __DUMMY__ 0.03519011214371088	true	1.0
N1332	favors 1.0		favors 0.4905895329945054 opposes 0.4749692575597503 __DUMMY__ 0.0344412094457442	true	1.0
N910	opposes 1.0	opposes 1.0	opposes 0.7315348951681653 favors 0.2537935257532569 __DUMMY__ 0.014671579078577806	false	1.0
N1330	opposes 1.0	opposes 1.0	opposes 0.7303304904196722 favors 0.255009221074619 __DUMMY__ 0.014660288505708753	false	1.0
N911	favors 1.0		favors 0.49581540270185126 opposes 0.46890381340900844 __DUMMY__ 0.03528078388914022	true	1.0
N1335	opposes 1.0		opposes 0.5018046287740285 favors 0.4651177985045616 __DUMMY__ 0.03307757272140988	true	1.0
N1336	favors 1.0		favors 0.5120946746067203 opposes 0.45291558398914095 __DUMMY__ 0.034989741404138755	true	1.0
N1333	favors 1.0		favors 0.4843069698061259 opposes 0.48046917549101903 __DUMMY__ 0.03522385470285502	true	1.0
N1334	favors 1.0	favors 1.0	favors 0.7334176866664809 opposes 0.2513611080940285 __DUMMY__ 0.015221205239490655	false	1.0
N916	favors 1.0		favors 0.5100897338227582 opposes 0.454788421254776 __DUMMY__ 0.035121844922465804	true	1.0
N1339	opposes 1.0		favors 0.5259634814878026 opposes 0.4395239059617929 __DUMMY__ 0.03451261255040462	true	0.5
N917	favors 1.0		opposes 0.49534455956483486 favors 0.4701104697735165 __DUMMY__ 0.034544970661648654	true	0.5
N1337	favors 1.0		opposes 0.49354822990575276 favors 0.47192640653653445 __DUMMY__ 0.03452536355771274	true	0.5
N918	opposes 1.0		favors 0.49380687261255896 opposes 0.4707542982178542 __DUMMY__ 0.03543882916958693	true	0.5
N919	opposes 1.0	opposes 1.0	opposes 0.7046904746556962 favors 0.28057585276901165 __DUMMY__ 0.014733672575292057	false	1.0
N1338	opposes 1.0		favors 0.4956303014028841 opposes 0.4690797937502481 __DUMMY__ 0.035289904846867746	true	0.5
N940	opposes 1.0		favors 0.48530139655137533 opposes 0.4791929502003916 __DUMMY__ 0.03550565324823298	true	0.5
N945	favors 1.0		favors 0.4919271260744924 opposes 0.4732633524925421 __DUMMY__ 0.03480952143296553	true	1.0
N946	opposes 1.0	opposes 1.0	opposes 0.7060806177465963 favors 0.279223548738423 __DUMMY__ 0.01469583351498083	false	1.0
N947	favors 1.0		opposes 0.483614201513582 favors 0.48109348873697566 __DUMMY__ 0.035292309749442294	true	0.5
N948	opposes 1.0	opposes 1.0	opposes 0.7300360272402714 favors 0.2550136010592217 __DUMMY__ 0.014950371700506847	false	1.0
N941	opposes 1.0		favors 0.4866420776079947 opposes 0.4779641547846025 __DUMMY__ 0.035393767607402836	true	0.5
N1320	opposes 1.0		favors 0.48463876106315745 opposes 0.4798687883041005 __DUMMY__ 0.03549245063274207	true	0.5
N1321	favors 1.0	favors 1.0	favors 0.7298756052401639 opposes 0.2550560742969912 __DUMMY__ 0.015068320462844965	false	1.0
N942	opposes 1.0	opposes 1.0	opposes 0.7234738994866828 favors 0.26156841341469805 __DUMMY__ 0.014957687098619051	false	1.0
N943	favors 1.0		favors 0.5269172985071602 opposes 0.43889010934908196 __DUMMY__ 0.03419259214375779	true	1.0
N944	favors 1.0		opposes 0.48448800510580375 favors 0.4803066332204547 __DUMMY__ 0.03520536167374149	true	0.5
N1324	opposes 1.0		opposes 0.4843477448206929 favors 0.4804299967741102 __DUMMY__ 0.03522225840519691	true	1.0
N1325	opposes 1.0	opposes 1.0	opposes 0.7218513857670767 favors 0.2632756238815925 __DUMMY__ 0.0148729903513308	false	1.0
N1322	favors 1.0		favors 0.48915878976429295 opposes 0.47576446288270857 __DUMMY__ 0.035076747352998414	true	1.0
N1323	favors 1.0	favors 1.0	favors 0.7517247855801596 opposes 0.23380364209272922 __DUMMY__ 0.014471572327111097	false	1.0
N1328	opposes 1.0	opposes 1.0	opposes 0.729000427632724 favors 0.2561078241544032 __DUMMY__ 0.014891748212872704	false	1.0
N949	favors 1.0	favors 1.0	favors 0.7406020147927723 opposes 0.2444111263507034 __DUMMY__ 0.014986858856524236	false	1.0
N1329	favors 1.0	favors 1.0	favors 0.7409933939981969 opposes 0.24409759992758112 __DUMMY__ 0.014909006074222105	false	1.0
N1326	favors 1.0		favors 0.5219919168982874 opposes 0.44346058804205724 __DUMMY__ 0.034547495059655535	true	1.0
N1327	opposes 1.0		opposes 0.4839930650235334 favors 0.48075215568713703 __DUMMY__ 0.03525477928932947	true	1.0
N934	opposes 1.0		favors 0.4924141922943262 opposes 0.4718568840673852 __DUMMY__ 0.03572892363828856	true	0.5
N935	opposes 1.0		opposes 0.5034116999442328 favors 0.4634996233918418 __DUMMY__ 0.03308867666392516	true	1.0
N1790	favors 1.0		opposes 0.4871445891298722 favors 0.47786259675899007 __DUMMY__ 0.034992814111137784	true	0.5
N936	opposes 1.0		favors 0.5116981020882878 opposes 0.4532320857829978 __DUMMY__ 0.035069812128714475	true	0.5
N937	opposes 1.0		opposes 0.49470901316268556 favors 0.4707805826727851 __DUMMY__ 0.03451040416452928	true	1.0
N930	favors 1.0		opposes 0.4905296878916247 favors 0.4750448748809113 __DUMMY__ 0.034425437227464044	true	0.5
N1793	opposes 1.0		favors 0.4966226070044191 opposes 0.4681429565382303 __DUMMY__ 0.03523443645735057	true	0.5
N1310	opposes 1.0		opposes 0.490594941195039 favors 0.4749781246329954 __DUMMY__ 0.03442693417196554	true	1.0
N931	opposes 1.0		favors 0.49642516194771436 opposes 0.468331439855302 __DUMMY__ 0.03524339819698354	true	0.5
N1794	favors 1.0	favors 1.0	favors 0.7305952678326696 opposes 0.2547135234847309 __DUMMY__ 0.014691208682599514	false	1.0
N932	favors 1.0		favors 0.4896621931849692 opposes 0.4758799271667247 __DUMMY__ 0.03445787964830615	true	1.0
N1791	favors 1.0	favors 1.0	favors 0.7409671188088499 opposes 0.24409039943401128 __DUMMY__ 0.014942481757138894	false	1.0
N1792	favors 1.0		opposes 0.4900894510671367 favors 0.4754411317826037 __DUMMY__ 0.03446941715025958	true	0.5
N933	opposes 1.0		favors 0.48430093272882724 opposes 0.4804011776306857 __DUMMY__ 0.03529788964048696	true	0.5
N1797	opposes 1.0		opposes 0.5030286199587214 favors 0.4639050651738281 __DUMMY__ 0.03306631486745055	true	1.0
N1313	favors 1.0		favors 0.4829420762417821 opposes 0.48179336663698785 __DUMMY__ 0.03526455712123003	true	1.0
N1314	favors 1.0		favors 0.4919819884153596 opposes 0.47230856912027447 __DUMMY__ 0.03570944246436592	true	1.0
N1798	favors 1.0		favors 0.5117334216451515 opposes 0.4531722165782659 __DUMMY__ 0.035094361776582775	true	1.0
N1311	favors 1.0		favors 0.4963595373482476 opposes 0.4684339879412666 __DUMMY__ 0.03520647471048582	true	1.0
N1795	opposes 1.0	opposes 1.0	opposes 0.7264694025463039 favors 0.25845857498297453 __DUMMY__ 0.015072022470721598	false	1.0
N1312	opposes 1.0		favors 0.48799187812054173 opposes 0.4775767071524379 __DUMMY__ 0.03443141472702032	true	0.5
N1796	opposes 1.0	opposes 1.0	opposes 0.7216981925379428 favors 0.2630448016087911 __DUMMY__ 0.015257005853266196	false	1.0
N1317	favors 1.0		opposes 0.494811879202331 favors 0.4706502364348057 __DUMMY__ 0.03453788436286338	true	0.5
N938	favors 1.0	favors 1.0	favors 0.734697189431011 opposes 0.2502882555798878 __DUMMY__ 0.015014554989101103	false	1.0
N939	favors 1.0		favors 0.5258853833330286 opposes 0.43953866904377786 __DUMMY__ 0.03457594762319358	true	1.0
N1318	opposes 1.0		favors 0.49451544848832274 opposes 0.47013740097630763 __DUMMY__ 0.03534715053536973	true	0.5
N1315	favors 1.0		opposes 0.5049244312427595 favors 0.4620735812732115 __DUMMY__ 0.03300198748402895	true	0.5
N1799	opposes 1.0		opposes 0.4942166318591214 favors 0.4712261077638127 __DUMMY__ 0.034557260377065906	true	1.0
N1316	favors 1.0		favors 0.5111647045470772 opposes 0.45381864835478486 __DUMMY__ 0.035016647098137996	true	1.0
N1319	favors 1.0	favors 1.0	favors 0.7500432236769048 opposes 0.2352819142390021 __DUMMY__ 0.01467486208409308	false	1.0
N960	opposes 1.0		favors 0.486559560231118 opposes 0.4780462968874504 __DUMMY__ 0.03539414288143162	true	0.5
N961	opposes 1.0		favors 0.48925929374702687 opposes 0.47566611997423625 __DUMMY__ 0.03507458627873696	true	0.5
N962	favors 1.0	favors 1.0	favors 0.7521227504345576 opposes 0.23340750929364482 __DUMMY__ 0.014469740271797624	false	1.0
N967	opposes 1.0		opposes 0.4876254898889357 favors 0.47736150071134753 __DUMMY__ 0.03501300939971682	true	1.0
N1382	opposes 1.0		opposes 0.48439934201531454 favors 0.4803782713020723 __DUMMY__ 0.035222386682613155	true	1.0
N968	favors 1.0	favors 1.0	favors 0.7399753476726776 opposes 0.2450838464382094 __DUMMY__ 0.014940805889112988	false	1.0
N1383	opposes 1.0	opposes 1.0	opposes 0.721708338390095 favors 0.26337695159269076 __DUMMY__ 0.014914710017214205	false	1.0
N969	opposes 1.0	opposes 1.0	opposes 0.7309983619750708 favors 0.2543148306013266 __DUMMY__ 0.014686807423602432	false	1.0
N1380	favors 1.0		favors 0.48923828167158284 opposes 0.4756839478665454 __DUMMY__ 0.03507777046187173	true	1.0
N1381	favors 1.0	favors 1.0	favors 0.7520987594000527 opposes 0.2334049550560914 __DUMMY__ 0.014496285543855984	false	1.0
N963	favors 1.0		opposes 0.4846498902365026 favors 0.4801516679815718 __DUMMY__ 0.0351984417819255	true	0.5
N1386	favors 1.0		opposes 0.48647855033934034 favors 0.4785685810847501 __DUMMY__ 0.034952868575909575	true	0.5
N1387	favors 1.0		favors 0.5073152051259757 opposes 0.4575850427217019 __DUMMY__ 0.03509975215232219	true	1.0
N964	favors 1.0		favors 0.4919623535202213 opposes 0.47314862416734327 __DUMMY__ 0.03488902231243548	true	1.0
N965	opposes 1.0		favors 0.523223565670996 opposes 0.44217168446810445 __DUMMY__ 0.03460474986089952	true	0.5
N1384	favors 1.0		favors 0.522823376913225 opposes 0.44258637174513815 __DUMMY__ 0.03459025134163689	true	1.0
N966	favors 1.0	favors 1.0	favors 0.7260032082383332 opposes 0.2589070691380476 __DUMMY__ 0.01508972262361919	false	1.0
N1385	opposes 1.0	opposes 1.0	opposes 0.7281650130322241 favors 0.2567710042390479 __DUMMY__ 0.015063982728727826	false	1.0
N1388	favors 1.0		opposes 0.4895652088353985 favors 0.4760248901526785 __DUMMY__ 0.034409901011923	true	0.5
N1389	opposes 1.0		favors 0.4968522864490558 opposes 0.4679455965248613 __DUMMY__ 0.03520211702608276	true	0.5
N950	favors 1.0		opposes 0.4922697018721856 favors 0.47332121094517277 __DUMMY__ 0.03440908718264163	true	0.5
N951	opposes 1.0		favors 0.49608779512254103 opposes 0.46870211770946246 __DUMMY__ 0.03521008716799657	true	0.5
N956	opposes 1.0		opposes 0.49572951064742843 favors 0.46976155577255396 __DUMMY__ 0.034508933580017644	true	1.0
N1371	opposes 1.0	opposes 1.0	opposes 0.7271873999846559 favors 0.2577359666636431 __DUMMY__ 0.0150766333517011	false	1.0
N1372	favors 1.0		favors 0.4919671890651623 opposes 0.47232494931727864 __DUMMY__ 0.03570786161755908	true	1.0
N957	favors 1.0		favors 0.4944306351444557 opposes 0.47016590438465283 __DUMMY__ 0.03540346047089141	true	1.0
N958	favors 1.0		favors 0.5266711738247002 opposes 0.4387339280321765 __DUMMY__ 0.03459489814312322	true	1.0
N1370	opposes 1.0	opposes 1.0	opposes 0.7240293756928713 favors 0.2612887002004755 __DUMMY__ 0.01468192410665304	false	1.0
N959	favors 1.0		favors 0.48480739578020254 opposes 0.4796617572927734 __DUMMY__ 0.0355308469270241	true	1.0
N952	favors 1.0		favors 0.4879349090264619 opposes 0.4776376580915668 __DUMMY__ 0.03442743288197136	true	1.0
N1375	favors 1.0	favors 1.0	favors 0.7199837862864682 opposes 0.2652712502170979 __DUMMY__ 0.014744963496433842	false	1.0
N1376	opposes 1.0		favors 0.49430434389783706 opposes 0.4703113610279421 __DUMMY__ 0.035384295074220876	true	0.5
N953	opposes 1.0		favors 0.48260702490969976 opposes 0.4820195247683001 __DUMMY__ 0.03537345032200011	true	0.5
N954	opposes 1.0		opposes 0.5073504438232281 favors 0.4597536769352036 __DUMMY__ 0.032895879241568345	true	1.0
N1373	favors 1.0		opposes 0.5059248594611928 favors 0.4610819199895068 __DUMMY__ 0.03299322054930052	true	0.5
N955	opposes 1.0	opposes 1.0	opposes 0.7115113084621663 favors 0.27351873314035635 __DUMMY__ 0.014969958397477447	false	1.0
N1374	favors 1.0		favors 0.5112560064299614 opposes 0.4536775587417907 __DUMMY__ 0.035066434828247985	true	1.0
N1379	favors 1.0		favors 0.4864234226603316 opposes 0.47819339884235196 __DUMMY__ 0.035383178497316384	true	1.0
N1377	opposes 1.0		favors 0.5256663438613219 opposes 0.4397778806405931 __DUMMY__ 0.03455577549808494	true	0.5
N1378	favors 1.0	favors 1.0	favors 0.7286911307473567 opposes 0.2561708683993441 __DUMMY__ 0.015138000853299126	false	1.0
N981	opposes 1.0		opposes 0.484326687900836 favors 0.48044427963468994 __DUMMY__ 0.03522903246447416	true	1.0
N982	opposes 1.0	opposes 1.0	opposes 0.7223009329696346 favors 0.26281283051894877 __DUMMY__ 0.014886236511416715	false	1.0
N983	favors 1.0		favors 0.5202103207236557 opposes 0.4451868845597847 __DUMMY__ 0.03460279471655958	true	1.0
N500	opposes 1.0	opposes 1.0	opposes 0.7222481831505616 favors 0.2625198382149036 __DUMMY__ 0.015231978634534706	false	1.0
N984	favors 1.0		opposes 0.48437723216224116 favors 0.4803527788460303 __DUMMY__ 0.035269988991728674	true	0.5
N980	favors 1.0		favors 0.4891552735085353 opposes 0.475728119028048 __DUMMY__ 0.035116607463416695	true	1.0
N1360	opposes 1.0		favors 0.48657063374203036 opposes 0.4780330122060351 __DUMMY__ 0.03539635405193446	true	0.5
N505	favors 1.0	favors 1.0	favors 0.749788717931212 opposes 0.23555002000905517 __DUMMY__ 0.014661262059732696	false	1.0
N989	opposes 1.0		favors 0.48787172976715704 opposes 0.4774788621041082 __DUMMY__ 0.03464940812873485	true	0.5
N506	opposes 1.0		favors 0.48511207825811425 opposes 0.47939288948889697 __DUMMY__ 0.035495032252988785	true	0.5
N1361	favors 1.0		favors 0.4895636476678449 opposes 0.4753568615638591 __DUMMY__ 0.03507949076829604	true	1.0
N507	opposes 1.0		favors 0.4864872014451616 opposes 0.478102133393722 __DUMMY__ 0.035410665161116475	true	0.5
N508	opposes 1.0		favors 0.4893674444481877 opposes 0.475532888041226 __DUMMY__ 0.03509966751058624	true	0.5
N501	opposes 1.0		opposes 0.5019378599810892 favors 0.4648855193630858 __DUMMY__ 0.033176620655824995	true	1.0
N985	opposes 1.0		opposes 0.48736620718867074 favors 0.47754412960086745 __DUMMY__ 0.03508966321046191	true	1.0
N1364	favors 1.0		favors 0.5251009437405141 opposes 0.44030608155006806 __DUMMY__ 0.03459297470941782	true	1.0
N502	favors 1.0	favors 1.0	favors 0.7428270264822295 opposes 0.2422977192036545 __DUMMY__ 0.014875254314116007	false	1.0
N986	opposes 1.0		favors 0.5060316881042631 opposes 0.4587475942703221 __DUMMY__ 0.03522071762541475	true	0.5
N1365	favors 1.0		opposes 0.48415318006659336 favors 0.4805804885862833 __DUMMY__ 0.03526633134712339	true	0.5
N503	opposes 1.0		opposes 0.4939687143378121 favors 0.4715104393182246 __DUMMY__ 0.03452084634396337	true	1.0
N987	opposes 1.0		opposes 0.4909574718137333 favors 0.4744921863991574 __DUMMY__ 0.03455034178710942	true	1.0
N1362	favors 1.0	favors 1.0	favors 0.7532530099210646 opposes 0.23227994514457062 __DUMMY__ 0.014467044934364768	false	1.0
N1363	opposes 1.0		opposes 0.4846133696457335 favors 0.4801713213521492 __DUMMY__ 0.0352153090021174	true	1.0
N504	favors 1.0		favors 0.49461298047293906 opposes 0.4700623823427497 __DUMMY__ 0.03532463718431116	true	1.0
N988	favors 1.0		favors 0.49624180274970636 opposes 0.4684773442009068 __DUMMY__ 0.035280853049386704	true	1.0
N1368	opposes 1.0		opposes 0.4909328768352399 favors 0.47460801312993034 __DUMMY__ 0.03445911003482968	true	1.0
N1369	favors 1.0		favors 0.4962213032941847 opposes 0.4685814577779171 __DUMMY__ 0.035197238927898146	true	1.0
N1366	opposes 1.0		opposes 0.488024383049177 favors 0.4769830905214327 __DUMMY__ 0.03499252642939024	true	1.0
N1367	opposes 1.0	opposes 1.0	opposes 0.7143108777730429 favors 0.27072308857200783 __DUMMY__ 0.014966033654949178	false	1.0
N509	favors 1.0		favors 0.5251243788271979 opposes 0.44066499324030634 __DUMMY__ 0.03421062793249575	true	1.0
N970	favors 1.0		favors 0.49607704408837144 opposes 0.4686935166482722 __DUMMY__ 0.03522943926335621	true	1.0
N971	opposes 1.0	opposes 1.0	opposes 0.7243817718056393 favors 0.2609403724472327 __DUMMY__ 0.014677855747127934	false	1.0
N972	favors 1.0		favors 0.48274486244487763 opposes 0.4819699073809397 __DUMMY__ 0.035285230174182676	true	1.0
N973	favors 1.0		favors 0.4919509421648265 opposes 0.47231924777194795 __DUMMY__ 0.0357298100632255	true	1.0
N978	opposes 1.0	opposes 1.0	opposes 0.7049800133701143 favors 0.28031061620030795 __DUMMY__ 0.01470937042957774	false	1.0
N979	favors 1.0		favors 0.4847909991425575 opposes 0.47970011221134273 __DUMMY__ 0.03550888864609974	true	1.0
N1350	opposes 1.0		favors 0.49678256614279526 opposes 0.46801788854212195 __DUMMY__ 0.035199545315082785	true	0.5
N974	favors 1.0		opposes 0.5042367954765162 favors 0.4625909338947756 __DUMMY__ 0.03317227062870817	true	0.5
N1353	opposes 1.0	opposes 1.0	opposes 0.7216801074083521 favors 0.2630354928170823 __DUMMY__ 0.015284399774565655	false	1.0
N975	favors 1.0		favors 0.5101471034123796 opposes 0.4547546609985388 __DUMMY__ 0.03509823558908161	true	1.0
N1354	opposes 1.0		opposes 0.506464940745234 favors 0.4606654419979425 __DUMMY__ 0.03286961725682357	true	1.0
N976	favors 1.0	favors 1.0	favors 0.7202801175140857 opposes 0.2649652204554811 __DUMMY__ 0.014754662030433215	false	1.0
N1351	favors 1.0	favors 1.0	favors 0.7301226355511603 opposes 0.25521342451684115 __DUMMY__ 0.014663939931998498	false	1.0
N977	opposes 1.0		favors 0.4939846050903298 opposes 0.4706461428742157 __DUMMY__ 0.03536925203545449	true	0.5
N1352	opposes 1.0		favors 0.4824890942427397 opposes 0.48216944361941766 __DUMMY__ 0.03534146213784263	true	0.5
N1357	favors 1.0	favors 1.0	favors 0.7345701743671199 opposes 0.2503835113732415 __DUMMY__ 0.015046314259638607	false	1.0
N1358	favors 1.0		favors 0.5277376826521039 opposes 0.4377085733709549 __DUMMY__ 0.03455374397694112	true	1.0
N1355	favors 1.0	favors 1.0	favors 0.7435554490235571 opposes 0.2414933967443197 __DUMMY__ 0.014951154232123143	false	1.0
N1356	opposes 1.0		opposes 0.4951466305627537 favors 0.47033336625669797 __DUMMY__ 0.03452000318054818	true	1.0
N1359	favors 1.0		favors 0.48472244354493466 opposes 0.47975966912687995 __DUMMY__ 0.03551788732818534	true	1.0
N520	favors 1.0		favors 0.4928223788035966 opposes 0.47146667488629546 __DUMMY__ 0.03571094631010793	true	1.0
N521	favors 1.0		opposes 0.5013443149847754 favors 0.465442776119139 __DUMMY__ 0.03321290889608561	true	0.5
N522	favors 1.0	favors 1.0	favors 0.7430047365302813 opposes 0.24206962807795118 __DUMMY__ 0.01492563539176752	false	1.0
N527	favors 1.0		favors 0.49019867206633805 opposes 0.47471906036547384 __DUMMY__ 0.035082267568188066	true	1.0
N528	favors 1.0		favors 0.5264315049297041 opposes 0.4392774065429583 __DUMMY__ 0.03429108852733751	true	1.0
N529	opposes 1.0		opposes 0.48414259979414725 favors 0.4806416283882374 __DUMMY__ 0.035215771817615406	true	1.0
N523	favors 1.0	favors 1.0	favors 0.7208612026973295 opposes 0.26441314290097473 __DUMMY__ 0.014725654401695836	false	1.0
N524	opposes 1.0		favors 0.4951150267191943 opposes 0.46952613361350914 __DUMMY__ 0.03535883966729661	true	0.5
N525	opposes 1.0		favors 0.5252803496995108 opposes 0.44011976785677154 __DUMMY__ 0.03459988244371773	true	0.5
N526	favors 1.0	favors 1.0	favors 0.7301365162983054 opposes 0.25479514819928484 __DUMMY__ 0.015068335502409779	false	1.0
N992	favors 1.0		opposes 0.5049929713117903 favors 0.46186417178689365 __DUMMY__ 0.033142856901315874	true	0.5
N993	favors 1.0	favors 1.0	favors 0.7423315726324486 opposes 0.24269620740245818 __DUMMY__ 0.0149722199650932	false	1.0
N510	favors 1.0		opposes 0.4848539435434754 favors 0.47992940263528583 __DUMMY__ 0.03521665382123876	true	0.5
N994	favors 1.0		opposes 0.4942668587428548 favors 0.4711198250706937 __DUMMY__ 0.03461331618645136	true	0.5
N511	favors 1.0		favors 0.49179244414819634 opposes 0.4734236088640636 __DUMMY__ 0.03478394698774002	true	1.0
N995	opposes 1.0		favors 0.4946126857824275 opposes 0.469977375722077 __DUMMY__ 0.03540993849549546	true	0.5
N990	favors 1.0	favors 1.0	favors 0.7276061080379618 opposes 0.25732172767678585 __DUMMY__ 0.015072164285252421	false	1.0
N991	favors 1.0	favors 1.0	favors 0.7330749719557366 opposes 0.25163145603048576 __DUMMY__ 0.015293572013777621	false	1.0
N516	opposes 1.0		opposes 0.48939725667213024 favors 0.4761251895120266 __DUMMY__ 0.034477553815843075	true	1.0
N517	favors 1.0		favors 0.4966537061715339 opposes 0.46810358824980236 __DUMMY__ 0.03524270557866373	true	1.0
N518	opposes 1.0	opposes 1.0	opposes 0.723181977370318 favors 0.26212403177329313 __DUMMY__ 0.014693990856388929	false	1.0
N519	favors 1.0		favors 0.48441607918117635 opposes 0.48031575695568807 __DUMMY__ 0.03526816386313562	true	1.0
N996	opposes 1.0		favors 0.524833526845471 opposes 0.44053903397223065 __DUMMY__ 0.034627439182298395	true	0.5
N512	opposes 1.0		favors 0.5200448984791372 opposes 0.445446679367615 __DUMMY__ 0.034508422153247856	true	0.5
N997	favors 1.0	favors 1.0	favors 0.7302144947655588 opposes 0.2546913374064305 __DUMMY__ 0.015094167828010758	false	1.0
N513	favors 1.0	favors 1.0	favors 0.7264989639868787 opposes 0.25845156861553464 __DUMMY__ 0.015049467397586516	false	1.0
N514	opposes 1.0		opposes 0.48620836512844245 favors 0.4787836226426299 __DUMMY__ 0.03500801222892757	true	1.0
N998	favors 1.0		favors 0.48949690413812424 opposes 0.47532804454708133 __DUMMY__ 0.035175051314794446	true	1.0
N999	opposes 1.0		favors 0.5274105314857543 opposes 0.43827069152580445 __DUMMY__ 0.03431877698844122	true	0.5
N515	opposes 1.0		favors 0.5065577293289126 opposes 0.45828277839882764 __DUMMY__ 0.03515949227225966	true	0.5
N541	favors 1.0		favors 0.5120452602786915 opposes 0.45287334634573045 __DUMMY__ 0.03508139337557807	true	1.0
N542	opposes 1.0	opposes 1.0	opposes 0.7326132040839993 favors 0.2526649055349827 __DUMMY__ 0.014721890381017936	false	1.0
N543	favors 1.0	favors 1.0	favors 0.7349289151556886 opposes 0.25005111983482375 __DUMMY__ 0.015019965009487678	false	1.0
N544	favors 1.0		favors 0.5261621549797956 opposes 0.43924670918516917 __DUMMY__ 0.034591135835035314	true	1.0
N540	opposes 1.0	opposes 1.0	opposes 0.7370189770090516 favors 0.24899112560452685 __DUMMY__ 0.013989897386421557	false	1.0
N549	favors 1.0		opposes 0.48429951405405536 favors 0.48049816078771806 __DUMMY__ 0.03520232515822658	true	0.5
N545	favors 1.0	favors 1.0	favors 0.7294015334394844 opposes 0.2554754205083531 __DUMMY__ 0.015123046052162423	false	1.0
N546	opposes 1.0		favors 0.48692815810463747 opposes 0.47768236488273047 __DUMMY__ 0.03538947701263212	true	0.5
N547	opposes 1.0		favors 0.490091728581723 opposes 0.47483167248511404 __DUMMY__ 0.035076598933162874	true	0.5
N548	favors 1.0		favors 0.5270738833359688 opposes 0.4386852286046206 __DUMMY__ 0.034240888059410585	true	1.0
N530	opposes 1.0	opposes 1.0	opposes 0.7216641723746994 favors 0.2634802297959784 __DUMMY__ 0.014855597829322161	false	1.0
N531	opposes 1.0		favors 0.5210821359378427 opposes 0.44434125090337484 __DUMMY__ 0.03457661315878246	true	0.5
N532	opposes 1.0	opposes 1.0	opposes 0.7277047865830434 favors 0.2572435438402702 __DUMMY__ 0.01505166957668644	false	1.0
N533	favors 1.0		opposes 0.4869235911437489 favors 0.47807801593207844 __DUMMY__ 0.03499839292417275	true	0.5
N1390	favors 1.0	favors 1.0	favors 0.731563898262319 opposes 0.25380463157646005 __DUMMY__ 0.014631470161221018	false	1.0
N1393	opposes 1.0	opposes 1.0	opposes 0.7369053149335054 favors 0.2491279366978543 __DUMMY__ 0.013966748368640314	false	1.0
N538	opposes 1.0	opposes 1.0	opposes 0.7261341231691493 favors 0.2588156499126704 __DUMMY__ 0.015050226918180237	false	1.0
N539	opposes 1.0		favors 0.4929377760213959 opposes 0.4713422124462105 __DUMMY__ 0.03572001153239366	true	0.5
N1394	opposes 1.0		favors 0.5123724658835415 opposes 0.45261915394134844 __DUMMY__ 0.0350083801751101	true	0.5
N1391	opposes 1.0	opposes 1.0	opposes 0.7262649300709124 favors 0.2587020125546342 __DUMMY__ 0.01503305737445345	false	1.0
N1392	opposes 1.0		favors 0.4927514677864867 opposes 0.4715737100786794 __DUMMY__ 0.035674822134833854	true	0.5
N534	favors 1.0		favors 0.5066867549155752 opposes 0.4581304311643446 __DUMMY__ 0.03518281392008011	true	1.0
N1397	favors 1.0	favors 1.0	favors 0.7505441239803372 opposes 0.23478325805556183 __DUMMY__ 0.014672617964100949	false	1.0
N535	favors 1.0		opposes 0.4900656944808719 favors 0.4754746428441135 __DUMMY__ 0.03445966267501471	true	0.5
N1398	favors 1.0		favors 0.48523391311041747 opposes 0.4792902365885561 __DUMMY__ 0.035475850301026506	true	1.0
N1395	opposes 1.0		opposes 0.4938306702899334 favors 0.471653350069675 __DUMMY__ 0.03451597964039152	true	1.0
N536	opposes 1.0		favors 0.49689256283233707 opposes 0.4678535684486645 __DUMMY__ 0.03525386871899835	true	0.5
N537	favors 1.0		favors 0.4903274094112552 opposes 0.475150806041199 __DUMMY__ 0.03452178454754572	true	1.0
N1396	favors 1.0	favors 1.0	favors 0.7350502863327837 opposes 0.24995775744498802 __DUMMY__ 0.01499195622222831	false	1.0
N1399	opposes 1.0		favors 0.48678724439412385 opposes 0.47783645012976816 __DUMMY__ 0.03537630547610797	true	0.5
N563	opposes 1.0		favors 0.5270772025796099 opposes 0.43832914328472894 __DUMMY__ 0.03459365413566122	true	0.5
N564	opposes 1.0		favors 0.48512984394269293 opposes 0.4793938064360341 __DUMMY__ 0.03547634962127299	true	0.5
N565	favors 1.0	favors 1.0	favors 0.7299314694694504 opposes 0.25501169283760233 __DUMMY__ 0.015056837692947175	false	1.0
N566	favors 1.0		favors 0.489837938332748 opposes 0.4751303609163998 __DUMMY__ 0.0350317007508523	true	1.0
N560	favors 1.0		favors 0.512208928262613 opposes 0.45267434828319647 __DUMMY__ 0.03511672345419051	true	1.0
N561	favors 1.0	favors 1.0	favors 0.7201340286624054 opposes 0.265136622906092 __DUMMY__ 0.014729348431502596	false	1.0
N562	favors 1.0	favors 1.0	favors 0.7346540949382738 opposes 0.25031186029134345 __DUMMY__ 0.015034044770382785	false	1.0
N567	favors 1.0	favors 1.0	favors 0.7521967341268175 opposes 0.23330203762015073 __DUMMY__ 0.014501228253031602	false	1.0
N568	favors 1.0		opposes 0.4844190554821101 favors 0.4804061535872114 __DUMMY__ 0.03517479093067854	true	0.5
N569	opposes 1.0		favors 0.4930854170316683 opposes 0.47202478702059936 __DUMMY__ 0.03488979594773222	true	0.5
