N1742	opposes 1.0	opposes 1.0	opposes 0.6848510907736599 favors 0.3144854041438392 __DUMMY__ 6.635050825009099E-4	false	1.0
N1743	opposes 1.0	opposes 1.0	opposes 0.7140756304305181 favors 0.2851934496167669 __DUMMY__ 7.309199527149219E-4	false	1.0
N1740	favors 1.0	favors 1.0	favors 0.7426000826257388 opposes 0.25679185187250575 __DUMMY__ 6.08065501755448E-4	false	1.0
N1741	opposes 1.0	opposes 1.0	opposes 0.7087158036234441 favors 0.29053945391517194 __DUMMY__ 7.447424613839118E-4	false	1.0
N1746	opposes 1.0	opposes 1.0	opposes 0.6790526548848119 favors 0.32032558774581854 __DUMMY__ 6.217573693695032E-4	false	1.0
N1747	opposes 1.0	opposes 1.0	opposes 0.7203701111633003 favors 0.27891815269655496 __DUMMY__ 7.117361401448567E-4	false	1.0
N1744	favors 1.0	favors 1.0	favors 0.7558276805787705 opposes 0.24344436984071452 __DUMMY__ 7.279495805149638E-4	false	1.0
N1745	favors 1.0	favors 1.0	favors 0.7591597816000248 opposes 0.24012287009853814 __DUMMY__ 7.173483014370973E-4	false	1.0
N1748	opposes 1.0	opposes 1.0	opposes 0.7099894915842518 favors 0.28932680119785464 __DUMMY__ 6.837072178935577E-4	false	1.0
N1749	favors 1.0	favors 1.0	favors 0.7836076239894065 opposes 0.2157568321530598 __DUMMY__ 6.355438575337539E-4	false	1.0
N1731	opposes 1.0	opposes 1.0	opposes 0.7224456369171938 favors 0.2769504389901838 __DUMMY__ 6.039240926223582E-4	false	1.0
N1732	opposes 1.0	opposes 1.0	opposes 0.693091983116873 favors 0.306221868456885 __DUMMY__ 6.861484262420028E-4	false	1.0
N1730	favors 1.0	favors 1.0	favors 0.7482446487385954 opposes 0.2510253703291664 __DUMMY__ 7.299809322383048E-4	false	1.0
N1735	opposes 1.0	opposes 1.0	opposes 0.7106546446282875 favors 0.2885584459164265 __DUMMY__ 7.869094552859747E-4	false	1.0
N1736	favors 1.0	favors 1.0	favors 0.7534472648528495 opposes 0.24580520600426672 __DUMMY__ 7.475291428837651E-4	false	1.0
N1733	opposes 1.0	opposes 1.0	opposes 0.7193877620462997 favors 0.2800180368094482 __DUMMY__ 5.942011442519322E-4	false	1.0
N1734	favors 1.0	favors 1.0	favors 0.7665153096145522 opposes 0.2327820560982801 __DUMMY__ 7.026342871677038E-4	false	1.0
N1739	favors 1.0	favors 1.0	favors 0.7757477305045867 opposes 0.22353241661887394 __DUMMY__ 7.198528765394509E-4	false	1.0
N1737	favors 1.0		favors 0.5511849285688278 opposes 0.44037219030983893 __DUMMY__ 0.008442881121333309	true	1.0
N1738	opposes 1.0	opposes 1.0	opposes 0.7298414418050151 favors 0.2695098737360581 __DUMMY__ 6.486844589269382E-4	false	1.0
N1720	opposes 1.0	opposes 1.0	opposes 0.7247993135051972 favors 0.27460051157135934 __DUMMY__ 6.001749234434039E-4	false	1.0
N1721	opposes 1.0	opposes 1.0	opposes 0.7077380915820163 favors 0.2915119650225388 __DUMMY__ 7.499433954448953E-4	false	1.0
N1724	favors 1.0	favors 1.0	favors 0.7562571895966825 opposes 0.24301601446609836 __DUMMY__ 7.267959372191379E-4	false	1.0
N1725	favors 1.0	favors 1.0	favors 0.7596459191470967 opposes 0.23964094820115106 __DUMMY__ 7.131326517523217E-4	false	1.0
N1722	favors 1.0	favors 1.0	favors 0.7862236028984094 opposes 0.21311115431810032 __DUMMY__ 6.652427834902757E-4	false	1.0
N1723	favors 1.0	favors 1.0	favors 0.7559490041762303 opposes 0.24332288301809127 __DUMMY__ 7.281128056784193E-4	false	1.0
N1728	opposes 1.0	opposes 1.0	opposes 0.7082907901236711 favors 0.29101524223683695 __DUMMY__ 6.939676394919391E-4	false	1.0
N1729	favors 1.0	favors 1.0	favors 0.7875461443319541 opposes 0.21180766492659436 __DUMMY__ 6.461907414515144E-4	false	1.0
N1726	favors 1.0	favors 1.0	favors 0.7962386347739188 opposes 0.20314896815183864 __DUMMY__ 6.123970742426177E-4	false	1.0
N1727	opposes 1.0	opposes 1.0	opposes 0.7196736917906904 favors 0.27961925015841516 __DUMMY__ 7.070580508944779E-4	false	1.0
N1710	favors 1.0	favors 1.0	favors 0.748502520554349 opposes 0.25075991025793765 __DUMMY__ 7.375691877134136E-4	false	1.0
N1713	opposes 1.0	opposes 1.0	opposes 0.7199042819574231 favors 0.2795169814716333 __DUMMY__ 5.787365709437053E-4	false	1.0
N1714	favors 1.0	favors 1.0	favors 0.7676788611445979 opposes 0.23162722358963336 __DUMMY__ 6.939152657686468E-4	false	1.0
N1711	favors 1.0	favors 1.0	favors 0.7446905529456467 opposes 0.2547300258002388 __DUMMY__ 5.794212541146331E-4	false	1.0
N1712	favors 1.0	favors 1.0	favors 0.7800784175403604 opposes 0.21924657812213824 __DUMMY__ 6.750043375011842E-4	false	1.0
N1717	favors 1.0	favors 1.0	favors 0.7662276323992258 opposes 0.2330813989104848 __DUMMY__ 6.909686902894314E-4	false	1.0
N1718	opposes 1.0	opposes 1.0	opposes 0.7330998109672281 favors 0.2662536094001803 __DUMMY__ 6.465796325915959E-4	false	1.0
N1715	favors 1.0	favors 1.0	favors 0.7574200594936075 opposes 0.24176772466659036 __DUMMY__ 8.122158398022139E-4	false	1.0
N1716	favors 1.0		favors 0.5317767617740375 opposes 0.45973050899494583 __DUMMY__ 0.008492729231016592	true	1.0
N1719	favors 1.0	favors 1.0	favors 0.7786962078148663 opposes 0.22057285079469002 __DUMMY__ 7.309413904436311E-4	false	1.0
N1782	favors 1.0	favors 1.0	favors 0.7553689148837407 opposes 0.24389904696168313 __DUMMY__ 7.320381545762222E-4	false	1.0
N1783	favors 1.0	favors 1.0	favors 0.7560645902238287 opposes 0.24320699811332183 __DUMMY__ 7.28411662849509E-4	false	1.0
N1780	opposes 1.0	opposes 1.0	opposes 0.708815109149745 favors 0.2904340078886354 __DUMMY__ 7.508829616196369E-4	false	1.0
N1781	opposes 1.0	opposes 1.0	opposes 0.6844680943764162 favors 0.3148628873230007 __DUMMY__ 6.690183005831263E-4	false	1.0
N1786	opposes 1.0	opposes 1.0	opposes 0.7197288939522665 favors 0.27956076749258735 __DUMMY__ 7.103385551462393E-4	false	1.0
N1302	favors 1.0	favors 1.0	favors 0.7596625500244166 opposes 0.2396170201759696 __DUMMY__ 7.204297996138616E-4	false	1.0
N1303	favors 1.0	favors 1.0	favors 0.7922911884231647 opposes 0.2070766614972735 __DUMMY__ 6.321500795616934E-4	false	1.0
N1787	opposes 1.0	opposes 1.0	opposes 0.7101946183781451 favors 0.2891071532855776 __DUMMY__ 6.982283362772703E-4	false	1.0
N1300	favors 1.0	favors 1.0	favors 0.7558335802810278 opposes 0.24343375702994002 __DUMMY__ 7.326626890320762E-4	false	1.0
N1784	favors 1.0		favors 0.5423225019937304 opposes 0.44924235165799375 __DUMMY__ 0.008435146348275928	true	1.0
N1301	opposes 1.0	opposes 1.0	opposes 0.7134261283434498 favors 0.28584781195997505 __DUMMY__ 7.260596965751511E-4	false	1.0
N1785	opposes 1.0	opposes 1.0	opposes 0.6766270797465072 favors 0.32274924093908 __DUMMY__ 6.236793144129587E-4	false	1.0
N1306	opposes 1.0	opposes 1.0	opposes 0.6816919346577578 favors 0.3176523690038238 __DUMMY__ 6.556963384184866E-4	false	1.0
N1307	favors 1.0		favors 0.5229266234100104 opposes 0.46860021884447634 __DUMMY__ 0.008473157745513236	true	1.0
N1304	favors 1.0	favors 1.0	favors 0.7495805972402843 opposes 0.2497077332516543 __DUMMY__ 7.116695080613671E-4	false	1.0
N1788	favors 1.0	favors 1.0	favors 0.7848122907466142 opposes 0.21453568892921276 __DUMMY__ 6.52020324173001E-4	false	1.0
N1789	opposes 1.0	opposes 1.0	opposes 0.7203270912774069 favors 0.27893593576098696 __DUMMY__ 7.369729616061433E-4	false	1.0
N1305	favors 1.0	favors 1.0	favors 0.7585140379804364 opposes 0.24078981218857468 __DUMMY__ 6.961498309889686E-4	false	1.0
N1308	opposes 1.0	opposes 1.0	opposes 0.7220501528091159 favors 0.27734977291890256 __DUMMY__ 6.000742719815672E-4	false	1.0
N1309	opposes 1.0	opposes 1.0	opposes 0.6912097084693087 favors 0.30810661651259996 __DUMMY__ 6.836750180913669E-4	false	1.0
N1771	favors 1.0	favors 1.0	favors 0.7781703393310246 opposes 0.22114268457472777 __DUMMY__ 6.869760942476426E-4	false	1.0
N1772	opposes 1.0	opposes 1.0	opposes 0.7194829870902928 favors 0.27992126754469393 __DUMMY__ 5.957453650133007E-4	false	1.0
N1770	opposes 1.0	opposes 1.0	opposes 0.7219457003438728 favors 0.2774541322534234 __DUMMY__ 6.001674027036562E-4	false	1.0
N1775	favors 1.0	favors 1.0	favors 0.7530857538010522 opposes 0.24616184694041318 __DUMMY__ 7.523992585345931E-4	false	1.0
N1776	favors 1.0	favors 1.0	favors 0.7646823173367441 opposes 0.23461650342230836 __DUMMY__ 7.011792409475231E-4	false	1.0
N1773	favors 1.0	favors 1.0	favors 0.7665939735840779 opposes 0.23270196930835244 __DUMMY__ 7.040571075696666E-4	false	1.0
N1774	opposes 1.0	opposes 1.0	opposes 0.7111363185252002 favors 0.28805435819273373 __DUMMY__ 8.093232820660576E-4	false	1.0
N1779	favors 1.0	favors 1.0	favors 0.7423792203266838 opposes 0.25700901656212705 __DUMMY__ 6.117631111891574E-4	false	1.0
N1777	favors 1.0	favors 1.0	favors 0.7341678498062906 opposes 0.2651837956176613 __DUMMY__ 6.483545760480257E-4	false	1.0
N1778	favors 1.0	favors 1.0	favors 0.7761432550121344 opposes 0.22312709741143477 __DUMMY__ 7.29647576430896E-4	false	1.0
N901	favors 1.0	favors 1.0	favors 0.7557967153755919 opposes 0.24347235318859736 __DUMMY__ 7.309314358107961E-4	false	1.0
N902	favors 1.0	favors 1.0	favors 0.759328884179002 opposes 0.23995012778908514 __DUMMY__ 7.209880319127643E-4	false	1.0
N903	opposes 1.0	opposes 1.0	opposes 0.6777088306921196 favors 0.32167579370170335 __DUMMY__ 6.153756061771038E-4	false	1.0
N904	opposes 1.0		favors 0.5223810882705249 opposes 0.4691717561547541 __DUMMY__ 0.008447155574720946	true	0.5
N1760	opposes 1.0	opposes 1.0	opposes 0.7084742866807455 favors 0.2907761045398597 __DUMMY__ 7.496087793948376E-4	false	1.0
N1761	opposes 1.0	opposes 1.0	opposes 0.6846344111756877 favors 0.31469787424041634 __DUMMY__ 6.677145838959565E-4	false	1.0
N900	favors 1.0	favors 1.0	favors 0.7555380603169536 opposes 0.2437292258706632 __DUMMY__ 7.327138123833306E-4	false	1.0
N909	favors 1.0		favors 0.5753070305937599 opposes 0.41628277067731684 __DUMMY__ 0.008410198728923391	true	1.0
N1764	favors 1.0	favors 1.0	favors 0.759158616294246 opposes 0.24012071096678445 __DUMMY__ 7.206727389695947E-4	false	1.0
N1765	opposes 1.0	opposes 1.0	opposes 0.6764451362511587 favors 0.32293539880521815 __DUMMY__ 6.194649436231783E-4	false	1.0
N1762	favors 1.0	favors 1.0	favors 0.7553938362722384 opposes 0.24387248381109275 __DUMMY__ 7.336799166687622E-4	false	1.0
N1763	opposes 1.0		favors 0.5356361610324352 opposes 0.45586492024364517 __DUMMY__ 0.008498918723919625	true	0.5
N1768	favors 1.0	favors 1.0	favors 0.7852673046968216 opposes 0.2140868074705796 __DUMMY__ 6.45887832598827E-4	false	1.0
N905	opposes 1.0	opposes 1.0	opposes 0.7105199394838827 favors 0.2887968135312271 __DUMMY__ 6.832469848901876E-4	false	1.0
N906	favors 1.0	favors 1.0	favors 0.7838783635407421 opposes 0.21548446705310084 __DUMMY__ 6.371694061569735E-4	false	1.0
N1769	opposes 1.0	opposes 1.0	opposes 0.7203396716834065 favors 0.27892052258969263 __DUMMY__ 7.398057269008429E-4	false	1.0
N1766	opposes 1.0	opposes 1.0	opposes 0.7195099806885829 favors 0.2797801611293573 __DUMMY__ 7.098581820598991E-4	false	1.0
N907	opposes 1.0	opposes 1.0	opposes 0.7200143916248595 favors 0.2792470892422596 __DUMMY__ 7.385191328810191E-4	false	1.0
N908	opposes 1.0	opposes 1.0	opposes 0.7229695235871691 favors 0.2764339725959525 __DUMMY__ 5.965038168783962E-4	false	1.0
N1767	opposes 1.0	opposes 1.0	opposes 0.7094330268525797 favors 0.28987160480159946 __DUMMY__ 6.953683458209206E-4	false	1.0
N1750	opposes 1.0	opposes 1.0	opposes 0.7200940466320953 favors 0.2791695827558803 __DUMMY__ 7.363706120244292E-4	false	1.0
N1753	favors 1.0	favors 1.0	favors 0.7666150074373159 opposes 0.2326802308382477 __DUMMY__ 7.047617244363141E-4	false	1.0
N1754	opposes 1.0	opposes 1.0	opposes 0.7114838917914905 favors 0.2877127792727596 __DUMMY__ 8.033289357499672E-4	false	1.0
N1751	opposes 1.0	opposes 1.0	opposes 0.7219471627180801 favors 0.27745687030038557 __DUMMY__ 5.959669815343477E-4	false	1.0
N1752	opposes 1.0	opposes 1.0	opposes 0.7197167368580568 favors 0.279689232741354 __DUMMY__ 5.940304005891952E-4	false	1.0
N1757	favors 1.0	favors 1.0	favors 0.7345051624747371 opposes 0.2648436712690156 __DUMMY__ 6.511662562472513E-4	false	1.0
N1758	favors 1.0		favors 0.57338508540935 opposes 0.4181407001781353 __DUMMY__ 0.008474214412514624	true	1.0
N1755	favors 1.0	favors 1.0	favors 0.7531219188831504 opposes 0.2461254029936571 __DUMMY__ 7.526781231924861E-4	false	1.0
N1756	favors 1.0	favors 1.0	favors 0.7650755169314346 opposes 0.23422616526451276 __DUMMY__ 6.983178040525956E-4	false	1.0
N1759	favors 1.0	favors 1.0	favors 0.7424080004572973 opposes 0.25698234919536816 __DUMMY__ 6.096503473345325E-4	false	1.0
N923	favors 1.0	favors 1.0	favors 0.7909690561439061 opposes 0.2084072548586951 __DUMMY__ 6.236889973986972E-4	false	1.0
N924	opposes 1.0	opposes 1.0	opposes 0.7202091562418106 favors 0.2790809457416686 __DUMMY__ 7.09898016520885E-4	false	1.0
N925	opposes 1.0	opposes 1.0	opposes 0.7098670799700361 favors 0.2894462008718344 __DUMMY__ 6.867191581294764E-4	false	1.0
N926	favors 1.0	favors 1.0	favors 0.7842575377333977 opposes 0.21509724075470738 __DUMMY__ 6.452215118949369E-4	false	1.0
N1342	favors 1.0	favors 1.0	favors 0.759917717439012 opposes 0.2393628543297773 __DUMMY__ 7.194282312105885E-4	false	1.0
N1343	favors 1.0	favors 1.0	favors 0.7915119159457229 opposes 0.20785789632786808 __DUMMY__ 6.301877264091619E-4	false	1.0
N920	favors 1.0	favors 1.0	favors 0.7554960566700107 opposes 0.24377215022063187 __DUMMY__ 7.317931093574887E-4	false	1.0
N921	favors 1.0	favors 1.0	favors 0.7558551659722473 opposes 0.2434181359929175 __DUMMY__ 7.266980348350996E-4	false	1.0
N1340	favors 1.0	favors 1.0	favors 0.7555513031116479 opposes 0.2437181330747491 __DUMMY__ 7.305638136029612E-4	false	1.0
N1341	favors 1.0	favors 1.0	favors 0.7558014957169464 opposes 0.24346987020377847 __DUMMY__ 7.286340792751476E-4	false	1.0
N922	favors 1.0	favors 1.0	favors 0.7589950690473324 opposes 0.24028572640815293 __DUMMY__ 7.192045445146959E-4	false	1.0
N1346	favors 1.0	favors 1.0	favors 0.7851505218305965 opposes 0.21419831358749622 __DUMMY__ 6.511645819073031E-4	false	1.0
N1347	opposes 1.0	opposes 1.0	opposes 0.7201044454967 favors 0.2791598955120205 __DUMMY__ 7.356589912796146E-4	false	1.0
N1344	opposes 1.0	opposes 1.0	opposes 0.7199532336635037 favors 0.2793294452509057 __DUMMY__ 7.173210855906833E-4	false	1.0
N1345	opposes 1.0	opposes 1.0	opposes 0.7097024505593157 favors 0.289611266712146 __DUMMY__ 6.862827285383135E-4	false	1.0
N927	opposes 1.0	opposes 1.0	opposes 0.719919581894342 favors 0.27934814881426007 __DUMMY__ 7.322692913978045E-4	false	1.0
N928	favors 1.0	favors 1.0	favors 0.7462688643515861 opposes 0.2531254941665467 __DUMMY__ 6.056414818672462E-4	false	1.0
N929	favors 1.0	favors 1.0	favors 0.7772726480659371 opposes 0.22204217150750896 __DUMMY__ 6.851804265539528E-4	false	1.0
N1348	favors 1.0	favors 1.0	favors 0.7797152198512255 opposes 0.21960783718666857 __DUMMY__ 6.76942962105899E-4	false	1.0
N1349	favors 1.0	favors 1.0	favors 0.7478205515833465 opposes 0.2515951757625108 __DUMMY__ 5.842726541427544E-4	false	1.0
N912	opposes 1.0	opposes 1.0	opposes 0.7118233271016604 favors 0.2873785795732728 __DUMMY__ 7.980933250667289E-4	false	1.0
N913	favors 1.0	favors 1.0	favors 0.7530726482600423 opposes 0.2461803439994075 __DUMMY__ 7.470077405503197E-4	false	1.0
N914	favors 1.0	favors 1.0	favors 0.7644262303824672 opposes 0.23487647955151952 __DUMMY__ 6.972900660132522E-4	false	1.0
N915	favors 1.0	favors 1.0	favors 0.7349251370849033 opposes 0.26442571744220467 __DUMMY__ 6.491454728919689E-4	false	1.0
N1331	favors 1.0	favors 1.0	favors 0.7672512653876172 opposes 0.23204443970143515 __DUMMY__ 7.042949109476465E-4	false	1.0
N1332	favors 1.0	favors 1.0	favors 0.7596868687635547 opposes 0.23951836782417582 __DUMMY__ 7.947634122694126E-4	false	1.0
N910	opposes 1.0	opposes 1.0	opposes 0.7201805340634538 favors 0.27923160899681915 __DUMMY__ 5.878569397269771E-4	false	1.0
N1330	opposes 1.0	opposes 1.0	opposes 0.7178581144623825 favors 0.2815320130895764 __DUMMY__ 6.098724480411171E-4	false	1.0
N911	favors 1.0	favors 1.0	favors 0.7664958477794148 opposes 0.23280289971339013 __DUMMY__ 7.012525071949435E-4	false	1.0
N1335	opposes 1.0		favors 0.5065165586509719 opposes 0.4851942829452189 __DUMMY__ 0.008289158403809161	true	0.5
N1336	favors 1.0	favors 1.0	favors 0.7771682686312948 opposes 0.2221108671036532 __DUMMY__ 7.208642650519884E-4	false	1.0
N1333	favors 1.0	favors 1.0	favors 0.753737040610663 opposes 0.24551485294315412 __DUMMY__ 7.481064461828131E-4	false	1.0
N1334	favors 1.0	favors 1.0	favors 0.7651044134895664 opposes 0.2341945031674048 __DUMMY__ 7.010833430288679E-4	false	1.0
N916	favors 1.0	favors 1.0	favors 0.7756480689807057 opposes 0.22362567635920264 __DUMMY__ 7.262546600916051E-4	false	1.0
N1339	opposes 1.0	opposes 1.0	opposes 0.6835485096592744 favors 0.31579029754189114 __DUMMY__ 6.611927988344935E-4	false	1.0
N917	favors 1.0	favors 1.0	favors 0.7420071214208581 opposes 0.25738780651577264 __DUMMY__ 6.050720633691539E-4	false	1.0
N1337	favors 1.0		favors 0.5148325777508763 opposes 0.4769620787237736 __DUMMY__ 0.008205343525349972	true	1.0
N918	opposes 1.0		favors 0.5452930738595257 opposes 0.4461441707984132 __DUMMY__ 0.008562755342061036	true	0.5
N919	opposes 1.0	opposes 1.0	opposes 0.6845561618418682 favors 0.31477587515570765 __DUMMY__ 6.679630024242283E-4	false	1.0
N1338	opposes 1.0		favors 0.5459149486332944 opposes 0.44552122325147203 __DUMMY__ 0.008563828115233584	true	0.5
N940	opposes 1.0		favors 0.5340134614220635 opposes 0.45749128301718744 __DUMMY__ 0.008495255560748965	true	0.5
N945	favors 1.0	favors 1.0	favors 0.7568352400850201 opposes 0.24248077310602673 __DUMMY__ 6.839868089530344E-4	false	1.0
N946	opposes 1.0	opposes 1.0	opposes 0.6829871351245214 favors 0.3163689711931322 __DUMMY__ 6.438936823464621E-4	false	1.0
N947	favors 1.0	favors 1.0	favors 0.7481190185107739 opposes 0.2511478252409995 __DUMMY__ 7.331562482266433E-4	false	1.0
N948	opposes 1.0	opposes 1.0	opposes 0.7228166110378571 favors 0.27659882932135926 __DUMMY__ 5.845596407834923E-4	false	1.0
N941	opposes 1.0	opposes 1.0	opposes 0.714230899499148 favors 0.2850463879523151 __DUMMY__ 7.227125485370035E-4	false	1.0
N1320	opposes 1.0	opposes 1.0	opposes 0.7140729545943781 favors 0.28519837068698994 __DUMMY__ 7.286747186319381E-4	false	1.0
N1321	favors 1.0	favors 1.0	favors 0.755853601625801 opposes 0.24342237108404643 __DUMMY__ 7.240272901526115E-4	false	1.0
N942	opposes 1.0	opposes 1.0	opposes 0.7095049005837796 favors 0.289778847868127 __DUMMY__ 7.162515480934394E-4	false	1.0
N943	favors 1.0	favors 1.0	favors 0.7909523004346706 opposes 0.20842437191159371 __DUMMY__ 6.233276537356406E-4	false	1.0
N944	favors 1.0	favors 1.0	favors 0.7488350285148311 opposes 0.25045849889439803 __DUMMY__ 7.064725907708914E-4	false	1.0
N1324	opposes 1.0	opposes 1.0	opposes 0.7201399278740546 favors 0.2791526771932309 __DUMMY__ 7.073949327145425E-4	false	1.0
N1325	opposes 1.0	opposes 1.0	opposes 0.7100124189369363 favors 0.28929731506842066 __DUMMY__ 6.902659946430278E-4	false	1.0
N1322	favors 1.0	favors 1.0	favors 0.7590252166519313 opposes 0.24025685725642687 __DUMMY__ 7.17926091641765E-4	false	1.0
N1323	favors 1.0	favors 1.0	favors 0.7920320142046274 opposes 0.20734518921465142 __DUMMY__ 6.227965807210769E-4	false	1.0
N1328	opposes 1.0	opposes 1.0	opposes 0.721116989894724 favors 0.2782684919408755 __DUMMY__ 6.145181644005635E-4	false	1.0
N949	favors 1.0	favors 1.0	favors 0.7790647979473475 opposes 0.2202566878393188 __DUMMY__ 6.785142133336892E-4	false	1.0
N1329	favors 1.0	favors 1.0	favors 0.7779876689878423 opposes 0.22131982508960868 __DUMMY__ 6.925059225490427E-4	false	1.0
N1326	favors 1.0	favors 1.0	favors 0.7851314415921359 opposes 0.21421859743168717 __DUMMY__ 6.499609761768999E-4	false	1.0
N1327	opposes 1.0	opposes 1.0	opposes 0.7200751274996485 favors 0.279194136569219 __DUMMY__ 7.307359311324219E-4	false	1.0
N934	opposes 1.0	opposes 1.0	opposes 0.7050449692274265 favors 0.2942606187565495 __DUMMY__ 6.944120160239206E-4	false	1.0
N935	opposes 1.0	opposes 1.0	opposes 0.728840826271949 favors 0.2705012339086591 __DUMMY__ 6.579398193918645E-4	false	1.0
N1790	favors 1.0	favors 1.0	favors 0.7461939722362995 opposes 0.2532035615958769 __DUMMY__ 6.024661678235503E-4	false	1.0
N936	opposes 1.0	opposes 1.0	opposes 0.692426491119098 favors 0.3068479606236672 __DUMMY__ 7.255482572347278E-4	false	1.0
N937	opposes 1.0	opposes 1.0	opposes 0.7241984865883665 favors 0.2751866565168174 __DUMMY__ 6.148568948161232E-4	false	1.0
N930	favors 1.0	favors 1.0	favors 0.7492843809248103 opposes 0.2501121532900178 __DUMMY__ 6.034657851718671E-4	false	1.0
N1793	opposes 1.0	opposes 1.0	opposes 0.7023385044341016 favors 0.29696066922701203 __DUMMY__ 7.008263388862555E-4	false	1.0
N1310	opposes 1.0	opposes 1.0	opposes 0.7193001365753438 favors 0.28010466531695816 __DUMMY__ 5.951981076980773E-4	false	1.0
N931	opposes 1.0	opposes 1.0	opposes 0.7024492615445452 favors 0.2968500509840126 __DUMMY__ 7.006874714421793E-4	false	1.0
N1794	favors 1.0	favors 1.0	favors 0.75758715407861 opposes 0.24161621478651718 __DUMMY__ 7.96631134872778E-4	false	1.0
N932	favors 1.0	favors 1.0	favors 0.7589330448691036 opposes 0.24027205226020004 __DUMMY__ 7.949028706962651E-4	false	1.0
N1791	favors 1.0	favors 1.0	favors 0.7783808563542651 opposes 0.22093479417376707 __DUMMY__ 6.843494719677761E-4	false	1.0
N1792	favors 1.0	favors 1.0	favors 0.7481965134684051 opposes 0.2512063440203823 __DUMMY__ 5.971425112126823E-4	false	1.0
N933	opposes 1.0	opposes 1.0	opposes 0.7152940677591546 favors 0.2839596385768812 __DUMMY__ 7.462936639641707E-4	false	1.0
N1797	opposes 1.0	opposes 1.0	opposes 0.7302848681316481 favors 0.269064613902048 __DUMMY__ 6.505179663040565E-4	false	1.0
N1313	favors 1.0	favors 1.0	favors 0.7533663972025064 opposes 0.2458864641196768 __DUMMY__ 7.471386778167012E-4	false	1.0
N1314	favors 1.0	favors 1.0	favors 0.7647474175930299 opposes 0.23455472134814742 __DUMMY__ 6.978610588227131E-4	false	1.0
N1798	favors 1.0	favors 1.0	favors 0.7766573690645603 opposes 0.22261919384486062 __DUMMY__ 7.23437090579181E-4	false	1.0
N1311	favors 1.0	favors 1.0	favors 0.7668545419818271 opposes 0.23244642960715645 __DUMMY__ 6.990284110164433E-4	false	1.0
N1795	opposes 1.0	opposes 1.0	opposes 0.7149243384860245 favors 0.28432698790284255 __DUMMY__ 7.486736111329401E-4	false	1.0
N1312	opposes 1.0	opposes 1.0	opposes 0.7108872935403514 favors 0.2883073943167084 __DUMMY__ 8.053121429402522E-4	false	1.0
N1796	opposes 1.0	opposes 1.0	opposes 0.7041893976927222 favors 0.295114833712643 __DUMMY__ 6.957685946348019E-4	false	1.0
N1317	favors 1.0	favors 1.0	favors 0.7422031807398459 opposes 0.2571850176909558 __DUMMY__ 6.118015691982618E-4	false	1.0
N938	favors 1.0	favors 1.0	favors 0.7612828624671274 opposes 0.23797494412641643 __DUMMY__ 7.421934064561762E-4	false	1.0
N939	favors 1.0	favors 1.0	favors 0.7847334403631584 opposes 0.21459947697360512 __DUMMY__ 6.670826632363482E-4	false	1.0
N1318	opposes 1.0	opposes 1.0	opposes 0.7085613853309468 favors 0.2906931307066155 __DUMMY__ 7.454839624377424E-4	false	1.0
N1315	favors 1.0	favors 1.0	favors 0.7352145260574567 opposes 0.2641377727538666 __DUMMY__ 6.477011886766756E-4	false	1.0
N1799	opposes 1.0	opposes 1.0	opposes 0.724856623694632 favors 0.2745327184612393 __DUMMY__ 6.106578441287846E-4	false	1.0
N1316	favors 1.0	favors 1.0	favors 0.7764674164271002 opposes 0.2228084841890421 __DUMMY__ 7.240993838577576E-4	false	1.0
N1319	favors 1.0	favors 1.0	favors 0.7843947794009272 opposes 0.21493904525574242 __DUMMY__ 6.661753433303639E-4	false	1.0
N960	opposes 1.0	opposes 1.0	opposes 0.7135255544775697 favors 0.28574788189465183 __DUMMY__ 7.265636277785388E-4	false	1.0
N961	opposes 1.0	opposes 1.0	opposes 0.7086345428008297 favors 0.29064879945804434 __DUMMY__ 7.166577411259133E-4	false	1.0
N962	favors 1.0	favors 1.0	favors 0.7935900909269786 opposes 0.20579290686870083 __DUMMY__ 6.170022043206672E-4	false	1.0
N967	opposes 1.0	opposes 1.0	opposes 0.7216555052490575 favors 0.27774883734515493 __DUMMY__ 5.956574057874971E-4	false	1.0
N1382	opposes 1.0	opposes 1.0	opposes 0.7197694555390249 favors 0.27951551166695676 __DUMMY__ 7.150327940182651E-4	false	1.0
N968	favors 1.0	favors 1.0	favors 0.777448679164086 opposes 0.22186932874114523 __DUMMY__ 6.819920947688406E-4	false	1.0
N1383	opposes 1.0	opposes 1.0	opposes 0.7096749366765844 favors 0.28962677133160203 __DUMMY__ 6.982919918134435E-4	false	1.0
N969	opposes 1.0	opposes 1.0	opposes 0.7192955763596287 favors 0.28011086990006223 __DUMMY__ 5.93553740309048E-4	false	1.0
N1380	favors 1.0	favors 1.0	favors 0.7592892079642076 opposes 0.23998755758018653 __DUMMY__ 7.232344556058301E-4	false	1.0
N1381	favors 1.0	favors 1.0	favors 0.7922791259160158 opposes 0.20709265137682176 __DUMMY__ 6.282227071624475E-4	false	1.0
N963	favors 1.0	favors 1.0	favors 0.7491378450669129 opposes 0.25015626357392934 __DUMMY__ 7.058913591577719E-4	false	1.0
N1386	favors 1.0		favors 0.5197434970395536 opposes 0.4720246912247313 __DUMMY__ 0.008231811735715187	true	1.0
N1387	favors 1.0	favors 1.0	favors 0.7779787894786224 opposes 0.22133021827691368 __DUMMY__ 6.909922444638638E-4	false	1.0
N964	favors 1.0	favors 1.0	favors 0.7574206614211283 opposes 0.2418864396951347 __DUMMY__ 6.928988837370352E-4	false	1.0
N965	opposes 1.0	opposes 1.0	opposes 0.6811129922371881 favors 0.3182403114253212 __DUMMY__ 6.46696337490512E-4	false	1.0
N1384	favors 1.0	favors 1.0	favors 0.7857282585986483 opposes 0.21361628048626663 __DUMMY__ 6.55460915085142E-4	false	1.0
N966	favors 1.0	favors 1.0	favors 0.748138845623373 opposes 0.25112725683967085 __DUMMY__ 7.338975369561315E-4	false	1.0
N1385	opposes 1.0	opposes 1.0	opposes 0.7203625683269905 favors 0.27889754808493267 __DUMMY__ 7.398835880767187E-4	false	1.0
N1388	favors 1.0	favors 1.0	favors 0.7496906694477511 opposes 0.24970175838483205 __DUMMY__ 6.075721674167907E-4	false	1.0
N1389	opposes 1.0	opposes 1.0	opposes 0.7022651858522175 favors 0.2970294679600193 __DUMMY__ 7.053461877632352E-4	false	1.0
N950	favors 1.0	favors 1.0	favors 0.7472087435634741 opposes 0.25220753578782185 __DUMMY__ 5.837206487041601E-4	false	1.0
N951	opposes 1.0	opposes 1.0	opposes 0.7020009531160091 favors 0.297301359504169 __DUMMY__ 6.976873798217816E-4	false	1.0
N956	opposes 1.0	opposes 1.0	opposes 0.7250474063503528 favors 0.2743484063943839 __DUMMY__ 6.041872552632092E-4	false	1.0
N1371	opposes 1.0	opposes 1.0	opposes 0.7155749649728743 favors 0.2836722526550078 __DUMMY__ 7.527823721179101E-4	false	1.0
N1372	favors 1.0	favors 1.0	favors 0.7648426296908367 opposes 0.2344552862825107 __DUMMY__ 7.020840266525799E-4	false	1.0
N957	favors 1.0	favors 1.0	favors 0.7619805613819292 opposes 0.23727105566083037 __DUMMY__ 7.483829572404719E-4	false	1.0
N958	favors 1.0	favors 1.0	favors 0.784929341857484 opposes 0.21440212747025872 __DUMMY__ 6.685306722572634E-4	false	1.0
N1370	opposes 1.0	opposes 1.0	opposes 0.7113690368657843 favors 0.2878156582854644 __DUMMY__ 8.153048487511984E-4	false	1.0
N959	favors 1.0	favors 1.0	favors 0.7555607219874767 opposes 0.24370802426411922 __DUMMY__ 7.312537484040876E-4	false	1.0
N952	favors 1.0	favors 1.0	favors 0.7565904363309055 opposes 0.24259802495249447 __DUMMY__ 8.115387166000555E-4	false	1.0
N1375	favors 1.0	favors 1.0	favors 0.7422675135089507 opposes 0.25712120760988577 __DUMMY__ 6.112788811636229E-4	false	1.0
N1376	opposes 1.0		favors 0.5458419675121621 opposes 0.4455895497282967 __DUMMY__ 0.008568482759541413	true	0.5
N953	opposes 1.0	opposes 1.0	opposes 0.7151618999531302 favors 0.2840871191101519 __DUMMY__ 7.509809367179307E-4	false	1.0
N954	opposes 1.0	opposes 1.0	opposes 0.7325061199197318 favors 0.2668493704256442 __DUMMY__ 6.445096546240064E-4	false	1.0
N1373	favors 1.0	favors 1.0	favors 0.7345298927648051 opposes 0.2648194737165877 __DUMMY__ 6.506335186071202E-4	false	1.0
N955	opposes 1.0	opposes 1.0	opposes 0.6915380759730451 favors 0.3077313717694277 __DUMMY__ 7.305522575271897E-4	false	1.0
N1374	favors 1.0	favors 1.0	favors 0.7762776956025861 opposes 0.22298972971427383 __DUMMY__ 7.325746831400271E-4	false	1.0
N1379	favors 1.0	favors 1.0	favors 0.7558515325890424 opposes 0.2434182769933719 __DUMMY__ 7.301904175857765E-4	false	1.0
N1377	opposes 1.0	opposes 1.0	opposes 0.6841334772036882 favors 0.3151952572677084 __DUMMY__ 6.712655286032739E-4	false	1.0
N1378	favors 1.0	favors 1.0	favors 0.755233924624586 opposes 0.24403146259954975 __DUMMY__ 7.346127758642378E-4	false	1.0
N981	opposes 1.0	opposes 1.0	opposes 0.719850342486741 favors 0.27944489556534935 __DUMMY__ 7.047619479096E-4	false	1.0
N982	opposes 1.0	opposes 1.0	opposes 0.7097098640189298 favors 0.2896047785289443 __DUMMY__ 6.853574521259579E-4	false	1.0
N983	favors 1.0	favors 1.0	favors 0.7845061162014294 opposes 0.21484967893327672 __DUMMY__ 6.442048652937815E-4	false	1.0
N500	opposes 1.0	opposes 1.0	opposes 0.7055657620665267 favors 0.2937378408660439 __DUMMY__ 6.96397067429543E-4	false	1.0
N984	favors 1.0	favors 1.0	favors 0.7483771247418992 opposes 0.25089102257801627 __DUMMY__ 7.318526800846022E-4	false	1.0
N980	favors 1.0	favors 1.0	favors 0.7593614716632885 opposes 0.23992317613170386 __DUMMY__ 7.153522050076744E-4	false	1.0
N1360	opposes 1.0	opposes 1.0	opposes 0.7133163486847734 favors 0.2859575270711316 __DUMMY__ 7.261242440949028E-4	false	1.0
N505	favors 1.0	favors 1.0	favors 0.7839102407202294 opposes 0.21542714919077643 __DUMMY__ 6.626100889941511E-4	false	1.0
N989	opposes 1.0	opposes 1.0	opposes 0.7111865064338545 favors 0.28801916170615355 __DUMMY__ 7.943318599919991E-4	false	1.0
N506	opposes 1.0	opposes 1.0	opposes 0.7145046025674415 favors 0.2847680357452754 __DUMMY__ 7.273616872830456E-4	false	1.0
N1361	favors 1.0	favors 1.0	favors 0.7594799649707221 opposes 0.23980485070848592 __DUMMY__ 7.151843207920473E-4	false	1.0
N507	opposes 1.0	opposes 1.0	opposes 0.7145022851137512 favors 0.28477218667304555 __DUMMY__ 7.25528213203276E-4	false	1.0
N508	opposes 1.0	opposes 1.0	opposes 0.7095404823981053 favors 0.2897432166707654 __DUMMY__ 7.163009311292898E-4	false	1.0
N501	opposes 1.0		favors 0.5066841398031058 opposes 0.4850260442063808 __DUMMY__ 0.0082898159905134	true	0.5
N985	opposes 1.0	opposes 1.0	opposes 0.7217951854071876 favors 0.2776130871740627 __DUMMY__ 5.917274187498558E-4	false	1.0
N1364	favors 1.0	favors 1.0	favors 0.7875373331723856 opposes 0.21181953399032272 __DUMMY__ 6.431328372918052E-4	false	1.0
N502	favors 1.0	favors 1.0	favors 0.7761110703821466 opposes 0.2231698232715682 __DUMMY__ 7.191063462851999E-4	false	1.0
N986	opposes 1.0	opposes 1.0	opposes 0.691980976364659 favors 0.30734025432598144 __DUMMY__ 6.78769309359449E-4	false	1.0
N1365	favors 1.0	favors 1.0	favors 0.7482536234163853 opposes 0.25101480407083054 __DUMMY__ 7.315725127840582E-4	false	1.0
N503	opposes 1.0	opposes 1.0	opposes 0.7239006501706473 favors 0.2754839663786952 __DUMMY__ 6.153834506574372E-4	false	1.0
N987	opposes 1.0	opposes 1.0	opposes 0.7196555260328404 favors 0.2797551891965317 __DUMMY__ 5.892847706278865E-4	false	1.0
N1362	favors 1.0	favors 1.0	favors 0.7955385489174384 opposes 0.20384527094017177 __DUMMY__ 6.16180142389852E-4	false	1.0
N1363	opposes 1.0	opposes 1.0	opposes 0.7197297143107507 favors 0.2795613934830347 __DUMMY__ 7.08892206214557E-4	false	1.0
N504	favors 1.0	favors 1.0	favors 0.7611504834990018 opposes 0.2381062259288145 __DUMMY__ 7.432905721836222E-4	false	1.0
N988	favors 1.0	favors 1.0	favors 0.7661365036465037 opposes 0.23316503335526292 __DUMMY__ 6.984629982333396E-4	false	1.0
N1368	opposes 1.0	opposes 1.0	opposes 0.719740114654766 favors 0.279665472521465 __DUMMY__ 5.944128237690649E-4	false	1.0
N1369	favors 1.0		favors 0.5559553414568825 opposes 0.43559659479566526 __DUMMY__ 0.008448063747452224	true	1.0
N1366	opposes 1.0	opposes 1.0	opposes 0.7222951531249403 favors 0.277106340627494 __DUMMY__ 5.985062475656679E-4	false	1.0
N1367	opposes 1.0	opposes 1.0	opposes 0.6906728300645815 favors 0.30863936843512046 __DUMMY__ 6.878015002979807E-4	false	1.0
N509	favors 1.0	favors 1.0	favors 0.7894081183250226 opposes 0.20996337423546774 __DUMMY__ 6.285074395096905E-4	false	1.0
N970	favors 1.0	favors 1.0	favors 0.766571998207687 opposes 0.23272880811636032 __DUMMY__ 6.991936759526595E-4	false	1.0
N971	opposes 1.0	opposes 1.0	opposes 0.7110348164057599 favors 0.28817419854861 __DUMMY__ 7.909850456299961E-4	false	1.0
N972	favors 1.0	favors 1.0	favors 0.7534672227642896 opposes 0.24578732458949173 __DUMMY__ 7.45452646218704E-4	false	1.0
N973	favors 1.0	favors 1.0	favors 0.7644183247038082 opposes 0.23488877803005795 __DUMMY__ 6.928972661337557E-4	false	1.0
N978	opposes 1.0	opposes 1.0	opposes 0.6846425303984056 favors 0.31469026719493176 __DUMMY__ 6.672024066626287E-4	false	1.0
N979	favors 1.0	favors 1.0	favors 0.7554655151487144 opposes 0.24380643344506428 __DUMMY__ 7.280514062214102E-4	false	1.0
N1350	opposes 1.0	opposes 1.0	opposes 0.7015872364672758 favors 0.29771658630195846 __DUMMY__ 6.961772307657295E-4	false	1.0
N974	favors 1.0	favors 1.0	favors 0.7372196969589543 opposes 0.2621312350731382 __DUMMY__ 6.490679679074886E-4	false	1.0
N1353	opposes 1.0	opposes 1.0	opposes 0.7034238984004352 favors 0.2958818716353602 __DUMMY__ 6.942299642045957E-4	false	1.0
N975	favors 1.0	favors 1.0	favors 0.7759195827205508 opposes 0.22335854429398708 __DUMMY__ 7.218729854620741E-4	false	1.0
N1354	opposes 1.0	opposes 1.0	opposes 0.7317280399013742 favors 0.26762187972850326 __DUMMY__ 6.500803701225777E-4	false	1.0
N976	favors 1.0	favors 1.0	favors 0.742732376549836 opposes 0.2566597584661106 __DUMMY__ 6.078649840534161E-4	false	1.0
N1351	favors 1.0	favors 1.0	favors 0.7582578647542811 opposes 0.24093442101993837 __DUMMY__ 8.077142257804567E-4	false	1.0
N977	opposes 1.0	opposes 1.0	opposes 0.7084653031597954 favors 0.29079192988636926 __DUMMY__ 7.427669538354751E-4	false	1.0
N1352	opposes 1.0	opposes 1.0	opposes 0.7147105615679112 favors 0.2845398099792396 __DUMMY__ 7.496284528491502E-4	false	1.0
N1357	favors 1.0	favors 1.0	favors 0.7624412874729739 opposes 0.23681079891609969 __DUMMY__ 7.47913610926491E-4	false	1.0
N1358	favors 1.0	favors 1.0	favors 0.7862601765487557 opposes 0.2130759222121316 __DUMMY__ 6.639012391127463E-4	false	1.0
N1355	favors 1.0	favors 1.0	favors 0.7787266426269388 opposes 0.22054355927051847 __DUMMY__ 7.29798102542691E-4	false	1.0
N1356	opposes 1.0	opposes 1.0	opposes 0.724982812855614 favors 0.27441139165902334 __DUMMY__ 6.057954853627564E-4	false	1.0
N1359	favors 1.0	favors 1.0	favors 0.7557586385036269 opposes 0.24351302033294012 __DUMMY__ 7.283411634329913E-4	false	1.0
N520	favors 1.0	favors 1.0	favors 0.7644192507688715 opposes 0.23489099539701447 __DUMMY__ 6.8975383411402E-4	false	1.0
N521	favors 1.0	favors 1.0	favors 0.7394571270671554 opposes 0.25987664299248525 __DUMMY__ 6.662299403593621E-4	false	1.0
N522	favors 1.0	favors 1.0	favors 0.7766096753339624 opposes 0.2226684149330559 __DUMMY__ 7.219097329816283E-4	false	1.0
N527	favors 1.0	favors 1.0	favors 0.7592856732419736 opposes 0.2400007438686047 __DUMMY__ 7.135828894217068E-4	false	1.0
N528	favors 1.0	favors 1.0	favors 0.7905751618805578 opposes 0.20879153612224122 __DUMMY__ 6.333019972010342E-4	false	1.0
N529	opposes 1.0	opposes 1.0	opposes 0.7204277815143254 favors 0.27886529461214 __DUMMY__ 7.069238735345726E-4	false	1.0
N523	favors 1.0	favors 1.0	favors 0.7435621224707023 opposes 0.25582568232510755 __DUMMY__ 6.121952041901429E-4	false	1.0
N524	opposes 1.0	opposes 1.0	opposes 0.70899545800512 favors 0.2902610697809842 __DUMMY__ 7.434722138958894E-4	false	1.0
N525	opposes 1.0	opposes 1.0	opposes 0.6841606256697595 favors 0.31517372192071635 __DUMMY__ 6.656524095241221E-4	false	1.0
N526	favors 1.0	favors 1.0	favors 0.7553955974689854 opposes 0.24388590210026326 __DUMMY__ 7.185004307513263E-4	false	1.0
N992	favors 1.0	favors 1.0	favors 0.7353181775528137 opposes 0.264031785785487 __DUMMY__ 6.500366616992104E-4	false	1.0
N993	favors 1.0	favors 1.0	favors 0.7757317259778794 opposes 0.2235481857155035 __DUMMY__ 7.200883066170399E-4	false	1.0
N510	favors 1.0		favors 0.5219644897900902 opposes 0.4695861633018128 __DUMMY__ 0.00844934690809685	true	1.0
N994	favors 1.0	favors 1.0	favors 0.7426710736844581 opposes 0.2567227134307283 __DUMMY__ 6.06212884813679E-4	false	1.0
N511	favors 1.0	favors 1.0	favors 0.7568279390847854 opposes 0.24248981662019858 __DUMMY__ 6.822442950159649E-4	false	1.0
N995	opposes 1.0	opposes 1.0	opposes 0.7086911357853387 favors 0.2905659222865627 __DUMMY__ 7.429419280985389E-4	false	1.0
N990	favors 1.0	favors 1.0	favors 0.75290075423819 opposes 0.24635629266024836 __DUMMY__ 7.429531015616427E-4	false	1.0
N991	favors 1.0	favors 1.0	favors 0.7644899837096372 opposes 0.23481961671979157 __DUMMY__ 6.90399570571243E-4	false	1.0
N516	opposes 1.0	opposes 1.0	opposes 0.7179987764274375 favors 0.2813964180826949 __DUMMY__ 6.048054898676823E-4	false	1.0
N517	favors 1.0	favors 1.0	favors 0.766632144123403 opposes 0.23267001990862185 __DUMMY__ 6.978359679752016E-4	false	1.0
N518	opposes 1.0	opposes 1.0	opposes 0.709429320405592 favors 0.2897813739851982 __DUMMY__ 7.893056092097188E-4	false	1.0
N519	favors 1.0	favors 1.0	favors 0.7535104733736839 opposes 0.24574605953887568 __DUMMY__ 7.434670874403117E-4	false	1.0
N996	opposes 1.0	opposes 1.0	opposes 0.6846458414336747 favors 0.3146926680647366 __DUMMY__ 6.614905015886607E-4	false	1.0
N512	opposes 1.0	opposes 1.0	opposes 0.684322262055163 favors 0.3150347139631835 __DUMMY__ 6.43023981653406E-4	false	1.0
N997	favors 1.0	favors 1.0	favors 0.7557711820170917 opposes 0.2435055790612505 __DUMMY__ 7.232389216577584E-4	false	1.0
N513	favors 1.0	favors 1.0	favors 0.7483895987704541 opposes 0.2508748200004739 __DUMMY__ 7.355812290720879E-4	false	1.0
N514	opposes 1.0	opposes 1.0	opposes 0.7213987049485147 favors 0.27799572383983767 __DUMMY__ 6.055712116476654E-4	false	1.0
N998	favors 1.0	favors 1.0	favors 0.7592628323240748 opposes 0.24002343339754703 __DUMMY__ 7.137342783781951E-4	false	1.0
N999	opposes 1.0	opposes 1.0	opposes 0.6769898958886371 favors 0.3223912138436148 __DUMMY__ 6.188902677481329E-4	false	1.0
N515	opposes 1.0	opposes 1.0	opposes 0.692655394914167 favors 0.3066560055351764 __DUMMY__ 6.885995506564842E-4	false	1.0
N541	favors 1.0	favors 1.0	favors 0.7776272303645982 opposes 0.22165151142811867 __DUMMY__ 7.212582072831154E-4	false	1.0
N542	opposes 1.0	opposes 1.0	opposes 0.7238222693864977 favors 0.2755666428435054 __DUMMY__ 6.1108776999682E-4	false	1.0
N543	favors 1.0	favors 1.0	favors 0.7616984867504676 opposes 0.2375608719006786 __DUMMY__ 7.406413488538925E-4	false	1.0
N544	favors 1.0	favors 1.0	favors 0.785419033293622 opposes 0.21391861825289205 __DUMMY__ 6.623484534860099E-4	false	1.0
N540	opposes 1.0	opposes 1.0	opposes 0.7275578193165914 favors 0.2717773878023113 __DUMMY__ 6.647928810973428E-4	false	1.0
N549	favors 1.0	favors 1.0	favors 0.7487939931429278 opposes 0.2504996880150131 __DUMMY__ 7.063188420591348E-4	false	1.0
N545	favors 1.0	favors 1.0	favors 0.7555612416002001 opposes 0.24371764409916735 __DUMMY__ 7.211143006324913E-4	false	1.0
N546	opposes 1.0	opposes 1.0	opposes 0.7140779708182156 favors 0.2852035241648244 __DUMMY__ 7.185050169599784E-4	false	1.0
N547	opposes 1.0	opposes 1.0	opposes 0.7091316912953116 favors 0.290157749946798 __DUMMY__ 7.10558757890368E-4	false	1.0
N548	favors 1.0	favors 1.0	favors 0.7917123384326894 opposes 0.20765884370035845 __DUMMY__ 6.2881786695226E-4	false	1.0
N530	opposes 1.0	opposes 1.0	opposes 0.7105745219318054 favors 0.2887394167422309 __DUMMY__ 6.86061325963687E-4	false	1.0
N531	opposes 1.0	opposes 1.0	opposes 0.6836216638842166 favors 0.31573078943536287 __DUMMY__ 6.475466804204537E-4	false	1.0
N532	opposes 1.0	opposes 1.0	opposes 0.720532362957891 favors 0.27873977702954644 __DUMMY__ 7.278600125624932E-4	false	1.0
N533	favors 1.0	favors 1.0	favors 0.7465472777666416 opposes 0.2528511617834995 __DUMMY__ 6.01560449858875E-4	false	1.0
N1390	favors 1.0	favors 1.0	favors 0.7601251595184837 opposes 0.23907778568647794 __DUMMY__ 7.97054795038437E-4	false	1.0
N1393	opposes 1.0	opposes 1.0	opposes 0.7279191503596049 favors 0.2714175432784104 __DUMMY__ 6.633063619847539E-4	false	1.0
N538	opposes 1.0	opposes 1.0	opposes 0.7148677421744314 favors 0.28439088704288085 __DUMMY__ 7.413707826877075E-4	false	1.0
