N1742	opposes 1.0		favors 0.485413284890936 opposes 0.47938743478572005 __DUMMY__ 0.03519928032334407	true	0.5
N1743	opposes 1.0		opposes 0.482394976068046 favors 0.48228243538657 __DUMMY__ 0.03532258854538387	true	1.0
N1740	favors 1.0	favors 1.0	favors 0.7277786538700223 opposes 0.25731928207150795 __DUMMY__ 0.014902064058469753	false	1.0
N1741	opposes 1.0		favors 0.48364823717494115 opposes 0.4810154992423451 __DUMMY__ 0.0353362635827137	true	0.5
N1746	opposes 1.0		favors 0.48612649822428083 opposes 0.47873242913774655 __DUMMY__ 0.03514107263797267	true	0.5
N1747	opposes 1.0		opposes 0.4826842573508957 favors 0.4820037506531135 __DUMMY__ 0.03531199199599069	true	1.0
N1744	favors 1.0		favors 0.48246876357588114 opposes 0.4821891683921148 __DUMMY__ 0.03534206803200404	true	1.0
N1745	favors 1.0		favors 0.4832107470475421 opposes 0.48151186634129906 __DUMMY__ 0.03527738661115883	true	1.0
N1748	opposes 1.0		opposes 0.48252098732488025 favors 0.48226051087260463 __DUMMY__ 0.0352185018025152	true	1.0
N1749	favors 1.0		favors 0.48443274365857175 opposes 0.48038783211191755 __DUMMY__ 0.03517942422951062	true	1.0
N1731	opposes 1.0	opposes 1.0	opposes 0.7283921290833051 favors 0.25667983239998926 __DUMMY__ 0.014928038516705584	false	1.0
N1732	opposes 1.0	opposes 1.0	opposes 0.7270970347780826 favors 0.25796415563771996 __DUMMY__ 0.014938809584197419	false	1.0
N1730	favors 1.0		favors 0.4868312896577954 opposes 0.4776573188187925 __DUMMY__ 0.035511391523412206	true	1.0
N1735	opposes 1.0	opposes 1.0	opposes 0.728330235529833 favors 0.2567440455815224 __DUMMY__ 0.014925718888644694	false	1.0
N1736	favors 1.0	favors 1.0	favors 0.72761380672028 opposes 0.2574248003519995 __DUMMY__ 0.014961392927720581	false	1.0
N1733	opposes 1.0		opposes 0.48333284140650296 favors 0.48151054610814226 __DUMMY__ 0.03515661248535475	true	1.0
N1734	favors 1.0		favors 0.48450911073755576 opposes 0.48018161950012805 __DUMMY__ 0.035309269762316055	true	1.0
N1739	favors 1.0		favors 0.48415971563943916 opposes 0.48058797513490253 __DUMMY__ 0.035252309225658404	true	1.0
N1737	favors 1.0		favors 0.4834762618961771 opposes 0.48117506760245327 __DUMMY__ 0.03534867050136966	true	1.0
N1738	opposes 1.0	opposes 1.0	opposes 0.729240787506481 favors 0.25589268051172503 __DUMMY__ 0.014866531981793914	false	1.0
N1720	opposes 1.0		favors 0.4873154311834958 opposes 0.4773614364474392 __DUMMY__ 0.03532313236906499	true	0.5
N1721	opposes 1.0	opposes 1.0	opposes 0.7215142733134526 favors 0.26321013413937283 __DUMMY__ 0.015275592547174522	false	1.0
N1724	favors 1.0		favors 0.4868150887217873 opposes 0.47780640404620867 __DUMMY__ 0.035378507232003954	true	1.0
N1725	favors 1.0	favors 1.0	favors 0.7297813247718354 opposes 0.255045974870278 __DUMMY__ 0.015172700357886619	false	1.0
N1722	favors 1.0		favors 0.4947741357934456 opposes 0.4698168616796825 __DUMMY__ 0.035409002526871965	true	1.0
N1723	favors 1.0		favors 0.4869302670281683 opposes 0.4775487489179436 __DUMMY__ 0.03552098405388807	true	1.0
N1728	opposes 1.0		favors 0.49069322951681943 opposes 0.4737480670549167 __DUMMY__ 0.03555870342826388	true	0.5
N1729	favors 1.0		favors 0.4932050856082138 opposes 0.47136848468241177 __DUMMY__ 0.035426429709374506	true	1.0
N1726	favors 1.0	favors 1.0	favors 0.7333039549141347 opposes 0.25151072379534667 __DUMMY__ 0.015185321290518658	false	1.0
N1727	opposes 1.0		favors 0.48542060796744646 opposes 0.47926326450913254 __DUMMY__ 0.03531612752342106	true	0.5
N1710	favors 1.0		opposes 0.48536137817487607 favors 0.47954208825609373 __DUMMY__ 0.035096533569030176	true	0.5
N1713	opposes 1.0		favors 0.48707774280789734 opposes 0.4774945628210193 __DUMMY__ 0.03542769437108349	true	0.5
N1714	favors 1.0		favors 0.4910267557090855 opposes 0.47364632950997637 __DUMMY__ 0.035326914780937996	true	1.0
N1711	favors 1.0		favors 0.487290491916245 opposes 0.4772908800306081 __DUMMY__ 0.03541862805314678	true	1.0
N1712	favors 1.0		favors 0.493347854506731 opposes 0.4712286499751248 __DUMMY__ 0.03542349551814421	true	1.0
N1717	favors 1.0		favors 0.4890884407245877 opposes 0.4753064057902825 __DUMMY__ 0.03560515348512986	true	1.0
N1718	opposes 1.0		favors 0.487887747808924 opposes 0.4769863413965116 __DUMMY__ 0.03512591079456431	true	0.5
N1715	favors 1.0		favors 0.48872905501626374 opposes 0.4758512839641242 __DUMMY__ 0.035419661019612095	true	1.0
N1716	favors 1.0		favors 0.48569057503189494 opposes 0.47871055830561465 __DUMMY__ 0.03559886666249042	true	1.0
N1719	favors 1.0		favors 0.49205563588211226 opposes 0.47241702833468097 __DUMMY__ 0.03552733578320679	true	1.0
N1782	favors 1.0	favors 1.0	favors 0.7310868483424812 opposes 0.25395243200399126 __DUMMY__ 0.014960719653527549	false	1.0
N1783	favors 1.0	favors 1.0	favors 0.7312953573125177 opposes 0.2537806584996593 __DUMMY__ 0.014923984187822962	false	1.0
N1780	opposes 1.0		favors 0.4911907508703533 opposes 0.47357532404116015 __DUMMY__ 0.03523392508848649	true	0.5
N1781	opposes 1.0		favors 0.49626336652742886 opposes 0.4686368350650228 __DUMMY__ 0.035099798407548205	true	0.5
N1302	favors 1.0	favors 1.0	favors 0.7325234585106564 opposes 0.25260983118331 __DUMMY__ 0.014866710306033657	false	1.0
N1786	opposes 1.0	opposes 1.0	opposes 0.7241877749513743 favors 0.260896610383568 __DUMMY__ 0.014915614665057671	false	1.0
N1303	favors 1.0		favors 0.4962977687198266 opposes 0.4687489484527679 __DUMMY__ 0.034953282827405646	true	1.0
N1787	opposes 1.0		favors 0.49108292250709284 opposes 0.473753528462324 __DUMMY__ 0.035163549030583136	true	0.5
N1300	favors 1.0	favors 1.0	favors 0.7311340415182039 opposes 0.2539837910621178 __DUMMY__ 0.014882167419678143	false	1.0
N1784	favors 1.0		favors 0.4908661942573667 opposes 0.47408142140426335 __DUMMY__ 0.03505238433836992	true	1.0
N1301	opposes 1.0	opposes 1.0	opposes 0.7250635707571801 favors 0.26004898014006544 __DUMMY__ 0.014887449102754496	false	1.0
N1785	opposes 1.0		favors 0.49790027341169213 opposes 0.4671475573726456 __DUMMY__ 0.03495216921566228	true	0.5
N1306	opposes 1.0		favors 0.49383782422307304 opposes 0.471111667927065 __DUMMY__ 0.03505050784986197	true	0.5
N1307	favors 1.0		favors 0.48649662677535965 opposes 0.47844848334630935 __DUMMY__ 0.03505488987833108	true	1.0
N1304	favors 1.0	favors 1.0	favors 0.7313111542031687 opposes 0.2537935509864794 __DUMMY__ 0.014895294810351878	false	1.0
N1788	favors 1.0		favors 0.49619953444660286 opposes 0.46872225120568156 __DUMMY__ 0.0350782143477155	true	1.0
N1305	favors 1.0		favors 0.4901480282018617 opposes 0.47479998256565026 __DUMMY__ 0.03505198923248809	true	1.0
N1789	opposes 1.0		favors 0.4874136529773645 opposes 0.4774007656186306 __DUMMY__ 0.03518558140400489	true	0.5
N1308	opposes 1.0	opposes 1.0	opposes 0.7276476536884496 favors 0.2576429332143767 __DUMMY__ 0.014709413097173607	false	1.0
N1309	opposes 1.0		favors 0.48766541607325936 opposes 0.47758715170883415 __DUMMY__ 0.0347474322179065	true	0.5
N1771	favors 1.0		favors 0.4941282884891423 opposes 0.4707807730917289 __DUMMY__ 0.03509093841912869	true	1.0
N1772	opposes 1.0		favors 0.49048294605816 opposes 0.47450705044174535 __DUMMY__ 0.035010003500094575	true	0.5
N1770	opposes 1.0		favors 0.4902581313442864 opposes 0.4746298679296977 __DUMMY__ 0.03511200072601586	true	0.5
N1775	favors 1.0		favors 0.48744122435324627 opposes 0.47728638561205206 __DUMMY__ 0.03527239003470174	true	1.0
N1776	favors 1.0		favors 0.49067435878382054 opposes 0.4740887716804535 __DUMMY__ 0.03523686953572596	true	1.0
N1773	favors 1.0		favors 0.49172596479194575 opposes 0.47318383597018193 __DUMMY__ 0.03509019923787239	true	1.0
N1774	opposes 1.0	opposes 1.0	opposes 0.7231284603525454 favors 0.261963195698806 __DUMMY__ 0.014908343948648631	false	1.0
N1779	favors 1.0		favors 0.4897929680300105 opposes 0.47519193046081376 __DUMMY__ 0.03501510150917584	true	1.0
N1777	favors 1.0	favors 1.0	favors 0.7310243789357244 opposes 0.2541714464224329 __DUMMY__ 0.014804174641842749	false	1.0
N1778	favors 1.0	favors 1.0	favors 0.7337285413404426 opposes 0.2513061856746199 __DUMMY__ 0.014965272984937586	false	1.0
N901	favors 1.0		opposes 0.48308958656275386 favors 0.4819920735165176 __DUMMY__ 0.034918339920728625	true	0.5
N902	favors 1.0		favors 0.4828475885562208 opposes 0.4823281812448661 __DUMMY__ 0.034824230198913064	true	1.0
N903	opposes 1.0	opposes 1.0	opposes 0.7260725851121499 favors 0.25928991747595953 __DUMMY__ 0.014637497411890577	false	1.0
N904	opposes 1.0		opposes 0.4840621124888441 favors 0.4810758855486213 __DUMMY__ 0.034862001962534396	true	1.0
N1760	opposes 1.0		favors 0.49056835604241306 opposes 0.47395547756394935 __DUMMY__ 0.03547616639363769	true	0.5
N1761	opposes 1.0		favors 0.49481944377314585 opposes 0.469765034056123 __DUMMY__ 0.03541552217073114	true	0.5
N900	favors 1.0	favors 1.0	favors 0.7279541114882383 opposes 0.2572768005295195 __DUMMY__ 0.014769087982242232	false	1.0
N1764	favors 1.0	favors 1.0	favors 0.7318965144948464 opposes 0.2530841014260747 __DUMMY__ 0.015019384079078909	false	1.0
N909	favors 1.0		opposes 0.48530540278119255 favors 0.479355193959609 __DUMMY__ 0.03533940325919837	true	0.5
N1765	opposes 1.0		favors 0.49542624732522217 opposes 0.46935171661960945 __DUMMY__ 0.03522203605516828	true	0.5
N1762	favors 1.0		favors 0.4877804909518657 opposes 0.4767413039711831 __DUMMY__ 0.03547820507695115	true	1.0
N1763	opposes 1.0		favors 0.4880118448571361 opposes 0.4765987758744034 __DUMMY__ 0.03538937926846046	true	0.5
N1768	favors 1.0		favors 0.49458259837678215 opposes 0.47005154180300035 __DUMMY__ 0.03536585982021741	true	1.0
N905	opposes 1.0		opposes 0.4828696976417622 favors 0.48248053408423563 __DUMMY__ 0.03464976827400217	true	1.0
N1769	opposes 1.0	opposes 1.0	opposes 0.7254000154361724 favors 0.2594959868636589 __DUMMY__ 0.01510399770016875	false	1.0
N906	favors 1.0		favors 0.48463674428024656 opposes 0.4807510553296532 __DUMMY__ 0.034612200390100295	true	1.0
N1766	opposes 1.0		favors 0.48707657087455813 opposes 0.4775748651433909 __DUMMY__ 0.03534856398205096	true	0.5
N907	opposes 1.0		opposes 0.48408953847202996 favors 0.4811151616145295 __DUMMY__ 0.034795299913440624	true	1.0
N908	opposes 1.0		opposes 0.48827389606692706 favors 0.4764213102747633 __DUMMY__ 0.03530479365830963	true	1.0
N1767	opposes 1.0		favors 0.4904355031956985 opposes 0.4740549496787374 __DUMMY__ 0.035509547125564096	true	0.5
N1750	opposes 1.0		opposes 0.48343374886611495 favors 0.48129454265354354 __DUMMY__ 0.03527170848034143	true	1.0
N1753	favors 1.0		favors 0.49084158593352534 opposes 0.47384106399426495 __DUMMY__ 0.03531735007220978	true	1.0
N1754	opposes 1.0		favors 0.48951593706870283 opposes 0.4751144604071894 __DUMMY__ 0.03536960252410778	true	0.5
N1751	opposes 1.0		favors 0.48889061225341524 opposes 0.4757387412213756 __DUMMY__ 0.035370646525209146	true	0.5
N1752	opposes 1.0		favors 0.48895349102665037 opposes 0.4757318631931772 __DUMMY__ 0.03531464578017247	true	0.5
N1757	favors 1.0	favors 1.0	favors 0.7303710653481459 opposes 0.25466765875695563 __DUMMY__ 0.014961275894898405	false	1.0
N1758	favors 1.0		favors 0.49239380297302604 opposes 0.4721000230629876 __DUMMY__ 0.03550617396398627	true	1.0
N1755	favors 1.0		favors 0.48629495620384744 opposes 0.4781299140379712 __DUMMY__ 0.03557512975818125	true	1.0
N1756	favors 1.0		favors 0.4898980399759451 opposes 0.47460024359548497 __DUMMY__ 0.03550171642856995	true	1.0
N1759	favors 1.0	favors 1.0	favors 0.7307580278239829 opposes 0.25421051125171934 __DUMMY__ 0.015031460924297755	false	1.0
N923	favors 1.0		opposes 0.48370300643799646 favors 0.4810748050279242 __DUMMY__ 0.03522218853407935	true	0.5
N924	opposes 1.0	opposes 1.0	opposes 0.7308196941321462 favors 0.25414757537263927 __DUMMY__ 0.015032730495214463	false	1.0
N925	opposes 1.0		opposes 0.4878342464969648 favors 0.4769049265725685 __DUMMY__ 0.0352608269304667	true	1.0
N926	favors 1.0		opposes 0.4854956787003374 favors 0.4792387920682696 __DUMMY__ 0.03526552923139306	true	0.5
N1342	favors 1.0	favors 1.0	favors 0.7327581882787361 opposes 0.2526110915467769 __DUMMY__ 0.01463072017448699	false	1.0
N1343	favors 1.0		favors 0.4950126781645752 opposes 0.4704571302398297 __DUMMY__ 0.034530191595594964	true	1.0
N920	favors 1.0		opposes 0.4868229063139436 favors 0.47781907154526504 __DUMMY__ 0.035358022140791374	true	0.5
N1340	favors 1.0		favors 0.4894362890093661 opposes 0.47583469333700845 __DUMMY__ 0.034729017653625405	true	1.0
N921	favors 1.0		opposes 0.4866463745987537 favors 0.4779669426467401 __DUMMY__ 0.035386682754506286	true	0.5
N1341	favors 1.0	favors 1.0	favors 0.7320565085132202 opposes 0.2532756363762543 __DUMMY__ 0.01466785511052551	false	1.0
N922	favors 1.0		opposes 0.4867370614087389 favors 0.47788472838558643 __DUMMY__ 0.03537821020567463	true	0.5
N1346	favors 1.0	favors 1.0	favors 0.7340379470221569 opposes 0.2513690307934254 __DUMMY__ 0.014593022184417763	false	1.0
N1347	opposes 1.0	opposes 1.0	opposes 0.7251419303061852 favors 0.26021468490963534 __DUMMY__ 0.014643384784179368	false	1.0
N1344	opposes 1.0		favors 0.48934140172006896 opposes 0.47597335115003236 __DUMMY__ 0.03468524712989868	true	0.5
N1345	opposes 1.0	opposes 1.0	opposes 0.7239138546555232 favors 0.26147398621154994 __DUMMY__ 0.01461215913292691	false	1.0
N927	opposes 1.0		opposes 0.4883031265952728 favors 0.4763946679031728 __DUMMY__ 0.03530220550155443	true	1.0
N928	favors 1.0	favors 1.0	favors 0.7298616668292609 opposes 0.2554039346634982 __DUMMY__ 0.014734398507240995	false	1.0
N929	favors 1.0		favors 0.4892435105358733 opposes 0.475905932514943 __DUMMY__ 0.034850556949183764	true	1.0
N1348	favors 1.0		favors 0.49438585321945544 opposes 0.4704913688708904 __DUMMY__ 0.03512277790965417	true	1.0
N1349	favors 1.0		favors 0.4872247652208304 opposes 0.4777376824461914 __DUMMY__ 0.03503755233297812	true	1.0
N912	opposes 1.0		opposes 0.48829551554070555 favors 0.4764086563794417 __DUMMY__ 0.0352958280798529	true	1.0
N913	favors 1.0		opposes 0.48895847127929853 favors 0.4757284984315024 __DUMMY__ 0.035313030289199125	true	0.5
N914	favors 1.0		opposes 0.48623059791712986 favors 0.47834597514708727 __DUMMY__ 0.035423426935782897	true	0.5
N915	favors 1.0	favors 1.0	favors 0.7235766147152193 opposes 0.2615103618184629 __DUMMY__ 0.014913023466317874	false	1.0
N1331	favors 1.0		favors 0.49205358066691324 opposes 0.4732586754645256 __DUMMY__ 0.03468774386856106	true	1.0
N1332	favors 1.0		favors 0.49083408856570493 opposes 0.4745674743259149 __DUMMY__ 0.034598437108380245	true	1.0
N910	opposes 1.0	opposes 1.0	opposes 0.7313288699950716 favors 0.2536817714523532 __DUMMY__ 0.014989358552575107	false	1.0
N1330	opposes 1.0	opposes 1.0	opposes 0.7240671143212414 favors 0.2613364497016 __DUMMY__ 0.014596435977158585	false	1.0
N911	favors 1.0		opposes 0.48508924831829336 favors 0.479518349740923 __DUMMY__ 0.035392401940783524	true	0.5
N1335	opposes 1.0		favors 0.4894103895537758 opposes 0.4761021890684945 __DUMMY__ 0.034487421377729824	true	0.5
N1336	favors 1.0		favors 0.4927370692695839 opposes 0.47260346564975886 __DUMMY__ 0.034659465080657224	true	1.0
N1333	favors 1.0		favors 0.488953517236852 opposes 0.47636020175771265 __DUMMY__ 0.03468628100543543	true	1.0
N1334	favors 1.0	favors 1.0	favors 0.7327879250913482 opposes 0.25253434286105153 __DUMMY__ 0.014677732047600336	false	1.0
N1339	opposes 1.0		favors 0.4943826136872538 opposes 0.4710403535642176 __DUMMY__ 0.03457703274852855	true	0.5
N916	favors 1.0		opposes 0.48571272614678346 favors 0.4789356439219953 __DUMMY__ 0.03535162993122122	true	0.5
N917	favors 1.0		opposes 0.48919387363190153 favors 0.4755648013927302 __DUMMY__ 0.03524132497536829	true	0.5
N1337	favors 1.0		favors 0.49002315669818086 opposes 0.4753939626612869 __DUMMY__ 0.03458288064053213	true	1.0
N918	opposes 1.0		opposes 0.486065768085108 favors 0.4785246530003072 __DUMMY__ 0.03540957891458484	true	1.0
N1338	opposes 1.0		favors 0.4916503360949283 opposes 0.47364802244662607 __DUMMY__ 0.034701641458445655	true	0.5
N919	opposes 1.0	opposes 1.0	opposes 0.7287315595460803 favors 0.256282874136004 __DUMMY__ 0.014985566317915741	false	1.0
N940	opposes 1.0		favors 0.48610453399925374 opposes 0.4789279452863743 __DUMMY__ 0.03496752071437211	true	0.5
N945	favors 1.0		favors 0.4869085812535948 opposes 0.47829902249309103 __DUMMY__ 0.03479239625331426	true	1.0
N946	opposes 1.0	opposes 1.0	opposes 0.724317298297392 favors 0.260996846144593 __DUMMY__ 0.014685855558014991	false	1.0
N947	favors 1.0		favors 0.48482770671011577 opposes 0.4802773686818155 __DUMMY__ 0.03489492460806886	true	1.0
N948	opposes 1.0	opposes 1.0	opposes 0.7283037412964883 favors 0.25675256184231027 __DUMMY__ 0.01494369686120146	false	1.0
N941	opposes 1.0		favors 0.4860023949724158 opposes 0.47904391480305575 __DUMMY__ 0.03495369022452848	true	0.5
N1320	opposes 1.0		favors 0.4828478739145253 opposes 0.48223134308577653 __DUMMY__ 0.03492078299969816	true	0.5
N942	opposes 1.0	opposes 1.0	opposes 0.7258026646115245 favors 0.25947439574498277 __DUMMY__ 0.01472293964349258	false	1.0
N1321	favors 1.0	favors 1.0	favors 0.7285132475877522 opposes 0.25668781521260714 __DUMMY__ 0.014798937199640741	false	1.0
N943	favors 1.0		favors 0.491692665416759 opposes 0.4736030942184151 __DUMMY__ 0.034704240364825924	true	1.0
N944	favors 1.0		favors 0.48480166047947626 opposes 0.4803015425006327 __DUMMY__ 0.03489679701989113	true	1.0
N1324	opposes 1.0		favors 0.48268160705074054 opposes 0.48242059230270046 __DUMMY__ 0.03489780064655906	true	0.5
N1325	opposes 1.0	opposes 1.0	opposes 0.7274133755795468 favors 0.2578956875037696 __DUMMY__ 0.014690936916683606	false	1.0
N1322	favors 1.0		favors 0.485076492855791 opposes 0.4800979768906743 __DUMMY__ 0.03482553025353463	true	1.0
N1323	favors 1.0	favors 1.0	favors 0.7328773220863587 opposes 0.252512437817249 __DUMMY__ 0.014610240096392314	false	1.0
N1328	opposes 1.0	opposes 1.0	opposes 0.7242540688539145 favors 0.26111924153249577 __DUMMY__ 0.014626689613589735	false	1.0
N949	favors 1.0	favors 1.0	favors 0.7284569587943112 opposes 0.2565859313813583 __DUMMY__ 0.014957109824330567	false	1.0
N1329	favors 1.0	favors 1.0	favors 0.7337989296224808 opposes 0.25158179632190086 __DUMMY__ 0.014619274055618395	false	1.0
N1326	favors 1.0		favors 0.48890667641940116 opposes 0.47645295163339624 __DUMMY__ 0.03464037194720265	true	1.0
N1327	opposes 1.0		opposes 0.4841571916136259 favors 0.4810212329468271 __DUMMY__ 0.03482157543954693	true	1.0
N934	opposes 1.0		favors 0.4872731677768702 opposes 0.4777368907543615 __DUMMY__ 0.034989941468768215	true	0.5
N935	opposes 1.0		favors 0.4846890446886184 opposes 0.48068591043628783 __DUMMY__ 0.03462504487509381	true	0.5
N1790	favors 1.0		favors 0.4879505950830714 opposes 0.4769860431854768 __DUMMY__ 0.03506336173145169	true	1.0
N936	opposes 1.0		favors 0.4890062624875085 opposes 0.4761358755853539 __DUMMY__ 0.03485786192713754	true	0.5
N937	opposes 1.0		favors 0.4846926153424995 opposes 0.4805269691441995 __DUMMY__ 0.03478041551330109	true	0.5
N930	favors 1.0		favors 0.4853932215571534 opposes 0.4798577974493422 __DUMMY__ 0.03474898099350442	true	1.0
N1793	opposes 1.0		favors 0.4901377143215474 opposes 0.47474883167715065 __DUMMY__ 0.035113454001302155	true	0.5
N931	opposes 1.0		favors 0.48846421738878 opposes 0.4766229739308282 __DUMMY__ 0.03491280868039178	true	0.5
N1310	opposes 1.0		favors 0.4834994320343122 opposes 0.48188948031319684 __DUMMY__ 0.03461108765249088	true	0.5
N1794	favors 1.0	favors 1.0	favors 0.7313658428196163 opposes 0.2537846951642451 __DUMMY__ 0.014849462016138668	false	1.0
N932	favors 1.0		favors 0.4865305897889206 opposes 0.4786823334183965 __DUMMY__ 0.034787076792682885	true	1.0
N1791	favors 1.0	favors 1.0	favors 0.7330314383943927 opposes 0.25212580289664527 __DUMMY__ 0.014842758708962137	false	1.0
N933	opposes 1.0		favors 0.4847471017145203 opposes 0.48035608747392605 __DUMMY__ 0.03489681081155364	true	0.5
N1792	favors 1.0		favors 0.4878000543723699 opposes 0.4772411805710113 __DUMMY__ 0.034958765056618844	true	1.0
N1313	favors 1.0		opposes 0.4842504681023023 favors 0.4809283739662786 __DUMMY__ 0.03482115793141918	true	0.5
N1797	opposes 1.0		favors 0.4864214767070133 opposes 0.4787025957464908 __DUMMY__ 0.03487592754649595	true	0.5
N1314	favors 1.0		favors 0.4847410561712916 opposes 0.48032792836591576 __DUMMY__ 0.034931015462792654	true	1.0
N1798	favors 1.0		favors 0.4908311971811621 opposes 0.474054416965278 __DUMMY__ 0.035114385853559915	true	1.0
N1311	favors 1.0		favors 0.4865849935073604 opposes 0.4785609602781038 __DUMMY__ 0.03485404621453587	true	1.0
N1795	opposes 1.0	opposes 1.0	opposes 0.7263560310033519 favors 0.2587338313490178 __DUMMY__ 0.014910137647630443	false	1.0
N1312	opposes 1.0		favors 0.48411103376134207 opposes 0.48124767496102755 __DUMMY__ 0.034641291277630326	true	0.5
N1796	opposes 1.0	opposes 1.0	opposes 0.7249197537313187 favors 0.26015991612448586 __DUMMY__ 0.014920330144195474	false	1.0
N938	favors 1.0	favors 1.0	favors 0.7311383733101365 opposes 0.25408365573906416 __DUMMY__ 0.014777970950799213	false	1.0
N1317	favors 1.0		favors 0.4830982245297834 opposes 0.48221213742211744 __DUMMY__ 0.03468963804809909	true	1.0
N939	favors 1.0		favors 0.49089881028259674 opposes 0.47431385038085916 __DUMMY__ 0.03478733933654414	true	1.0
N1318	opposes 1.0		favors 0.48515488291511016 opposes 0.47998128529721895 __DUMMY__ 0.03486383178767075	true	0.5
N1315	favors 1.0		opposes 0.4840845518583872 favors 0.4814498085435069 __DUMMY__ 0.03446563959810577	true	0.5
N1799	opposes 1.0		favors 0.48740128095954416 opposes 0.4776180137843109 __DUMMY__ 0.03498070525614488	true	0.5
N1316	favors 1.0		favors 0.48725405386938575 opposes 0.47799678629535497 __DUMMY__ 0.03474915983525922	true	1.0
N1319	favors 1.0	favors 1.0	favors 0.7320092275768335 opposes 0.25334850468717196 __DUMMY__ 0.014642267735994568	false	1.0
N960	opposes 1.0		opposes 0.4843139633960575 favors 0.4805086550678716 __DUMMY__ 0.03517738153607099	true	1.0
N961	opposes 1.0		opposes 0.4833223129739068 favors 0.4816576397517317 __DUMMY__ 0.03502004727436152	true	1.0
N962	favors 1.0	favors 1.0	favors 0.7299825903114895 opposes 0.25518309735489575 __DUMMY__ 0.014834312333614725	false	1.0
N967	opposes 1.0		opposes 0.48368507114697123 favors 0.4810890876984537 __DUMMY__ 0.03522584115457509	true	1.0
N1382	opposes 1.0		opposes 0.48285112902419214 favors 0.4820927525398058 __DUMMY__ 0.03505611843600208	true	1.0
N1383	opposes 1.0	opposes 1.0	opposes 0.7268544109765604 favors 0.2582455101213638 __DUMMY__ 0.014900078902075784	false	1.0
N968	favors 1.0	favors 1.0	favors 0.7294536611906091 opposes 0.2556513599962727 __DUMMY__ 0.014894978813118182	false	1.0
N969	opposes 1.0	opposes 1.0	opposes 0.7296907031113359 favors 0.255399698814599 __DUMMY__ 0.01490959807406515	false	1.0
N1380	favors 1.0		favors 0.48485123343683734 opposes 0.4802024427859199 __DUMMY__ 0.03494632377724271	true	1.0
N1381	favors 1.0	favors 1.0	favors 0.7320834380966076 opposes 0.25310041554825835 __DUMMY__ 0.01481614635513423	false	1.0
N963	favors 1.0		opposes 0.48593365921274384 favors 0.4790295640126756 __DUMMY__ 0.03503677677458051	true	0.5
N1386	favors 1.0		favors 0.48977946008072293 opposes 0.4755132520977055 __DUMMY__ 0.03470728782157171	true	1.0
N964	favors 1.0		opposes 0.4831081758377766 favors 0.48170977348389804 __DUMMY__ 0.03518205067832527	true	0.5
N1387	favors 1.0		favors 0.49261834192061676 opposes 0.4726866055592855 __DUMMY__ 0.034695052520097754	true	1.0
N965	opposes 1.0		favors 0.4859634160435941 opposes 0.47904790106672657 __DUMMY__ 0.03498868288967939	true	0.5
N1384	favors 1.0		favors 0.48839449669163426 opposes 0.4765950667370423 __DUMMY__ 0.03501043657132343	true	1.0
N1385	opposes 1.0	opposes 1.0	opposes 0.7289468252897198 favors 0.2561419158450798 __DUMMY__ 0.014911258865200469	false	1.0
N966	favors 1.0	favors 1.0	favors 0.725322676183201 opposes 0.2596683044240781 __DUMMY__ 0.015009019392720814	false	1.0
N1388	favors 1.0		favors 0.490316848816877 opposes 0.47506851913574044 __DUMMY__ 0.03461463204738253	true	1.0
N1389	opposes 1.0		favors 0.4915944051483359 opposes 0.47367512165777437 __DUMMY__ 0.034730473193889826	true	0.5
N950	favors 1.0		opposes 0.4855021916338915 favors 0.47955829755301393 __DUMMY__ 0.03493951081309458	true	0.5
N951	opposes 1.0		favors 0.48326456166260445 opposes 0.4816696202948441 __DUMMY__ 0.03506581804255127	true	0.5
N956	opposes 1.0		opposes 0.485696762624554 favors 0.47932905005530957 __DUMMY__ 0.03497418732013631	true	1.0
N1371	opposes 1.0	opposes 1.0	opposes 0.7292591645471208 favors 0.25578319399547245 __DUMMY__ 0.014957641457406683	false	1.0
N1372	favors 1.0		favors 0.4842911816310831 opposes 0.4805358855829147 __DUMMY__ 0.035172932786002135	true	1.0
N957	favors 1.0		opposes 0.48240568325501576 favors 0.4824045904650865 __DUMMY__ 0.035189726279897734	true	0.5
N958	favors 1.0		favors 0.4876120457617353 opposes 0.47735369767190056 __DUMMY__ 0.03503425656636424	true	1.0
N959	favors 1.0		opposes 0.48409307278078134 favors 0.48064373404226524 __DUMMY__ 0.03526319317695345	true	0.5
N1370	opposes 1.0	opposes 1.0	opposes 0.7272961376164355 favors 0.2578269050109098 __DUMMY__ 0.014876957372654672	false	1.0
N952	favors 1.0		opposes 0.4850021030887134 favors 0.48009134620976657 __DUMMY__ 0.03490655070152012	true	0.5
N1375	favors 1.0	favors 1.0	favors 0.7271747398782499 opposes 0.257952490396281 __DUMMY__ 0.01487276972546915	false	1.0
N1376	opposes 1.0		favors 0.48492596283257744 opposes 0.4799382401196735 __DUMMY__ 0.035135797047749044	true	0.5
N953	opposes 1.0		opposes 0.486300722466506 favors 0.4784917891793344 __DUMMY__ 0.0352074883541595	true	1.0
N954	opposes 1.0		opposes 0.4879346901309769 favors 0.47732909659239664 __DUMMY__ 0.03473621327662638	true	1.0
N1373	favors 1.0		opposes 0.4843037758093064 favors 0.4808763765812401 __DUMMY__ 0.034819847609453544	true	0.5
N955	opposes 1.0	opposes 1.0	opposes 0.7258010829339278 favors 0.259200990634623 __DUMMY__ 0.014997926431449236	false	1.0
N1374	favors 1.0		favors 0.48681977768961765 opposes 0.47804191848557215 __DUMMY__ 0.03513830382481027	true	1.0
N1379	favors 1.0		favors 0.48259028126039005 opposes 0.4823360230452087 __DUMMY__ 0.03507369569440134	true	1.0
N1377	opposes 1.0		favors 0.4895799825790492 opposes 0.47536614290018264 __DUMMY__ 0.035053874520768066	true	0.5
N1378	favors 1.0	favors 1.0	favors 0.7275795389343885 opposes 0.2575011740584164 __DUMMY__ 0.014919287007195138	false	1.0
N981	opposes 1.0		opposes 0.48396745963818966 favors 0.48081453714680805 __DUMMY__ 0.03521800321500248	true	1.0
N982	opposes 1.0	opposes 1.0	opposes 0.7289667645011932 favors 0.2561483002941073 __DUMMY__ 0.014884935204699542	false	1.0
N983	favors 1.0		favors 0.4846935008960981 opposes 0.48015418773920604 __DUMMY__ 0.03515231136469592	true	1.0
N500	opposes 1.0	opposes 1.0	opposes 0.7270666155614315 favors 0.25815922150558185 __DUMMY__ 0.014774162932986659	false	1.0
N984	favors 1.0		opposes 0.48554061898872686 favors 0.4792615644282224 __DUMMY__ 0.03519781658305077	true	0.5
N980	favors 1.0		opposes 0.4824057016134244 favors 0.4823870407315295 __DUMMY__ 0.035207257655046176	true	0.5
N505	favors 1.0	favors 1.0	favors 0.731572077702121 opposes 0.25372370509182346 __DUMMY__ 0.014704217206055631	false	1.0
N989	opposes 1.0		favors 0.4833543006683437 opposes 0.4810423441387526 __DUMMY__ 0.03560335519290377	true	0.5
N1360	opposes 1.0		favors 0.48628180876970073 opposes 0.47856808610585694 __DUMMY__ 0.03515010512444234	true	0.5
N506	opposes 1.0		favors 0.48461685973369717 opposes 0.48042849572230767 __DUMMY__ 0.034954644543995154	true	0.5
N1361	favors 1.0		favors 0.48992729640964044 opposes 0.4750586423582934 __DUMMY__ 0.035014061232066004	true	1.0
N507	opposes 1.0		favors 0.4845637887682073 opposes 0.48047655632113556 __DUMMY__ 0.03495965491065704	true	0.5
N508	opposes 1.0		favors 0.48543943492587854 opposes 0.47965660923729925 __DUMMY__ 0.03490395583682222	true	0.5
N501	opposes 1.0		favors 0.4839517555851412 opposes 0.48129755119726064 __DUMMY__ 0.034750693217598085	true	0.5
N985	opposes 1.0		favors 0.4838873982652688 opposes 0.4805126305795399 __DUMMY__ 0.03559997115519115	true	0.5
N1364	favors 1.0		favors 0.4946072508041147 opposes 0.4703856331743459 __DUMMY__ 0.03500711602153945	true	1.0
N502	favors 1.0	favors 1.0	favors 0.7308743541458265 opposes 0.254391977217811 __DUMMY__ 0.014733668636362482	false	1.0
N986	opposes 1.0		favors 0.48664227545576405 opposes 0.47777371448490635 __DUMMY__ 0.03558401005932954	true	0.5
N1365	favors 1.0		favors 0.4845767970050477 opposes 0.4802372908685598 __DUMMY__ 0.03518591212639237	true	1.0
N503	opposes 1.0		favors 0.4842408064505808 opposes 0.4809445746761817 __DUMMY__ 0.03481461887323751	true	0.5
N987	opposes 1.0		favors 0.48299008957064044 opposes 0.481414213858305 __DUMMY__ 0.035595696571054596	true	0.5
N1362	favors 1.0	favors 1.0	favors 0.7354401507018145 opposes 0.2496415031994493 __DUMMY__ 0.014918346098736157	false	1.0
N504	favors 1.0		favors 0.48611309779935974 opposes 0.4789380567467416 __DUMMY__ 0.03494884545389856	true	1.0
N988	favors 1.0		favors 0.48625069434508655 opposes 0.4781581861203855 __DUMMY__ 0.03559111953452807	true	1.0
N1363	opposes 1.0		favors 0.48586832172581157 opposes 0.4790186856612643 __DUMMY__ 0.03511299261292418	true	0.5
N1368	opposes 1.0		opposes 0.4830915997326616 favors 0.481946565870863 __DUMMY__ 0.034961834396475516	true	1.0
N1369	favors 1.0		favors 0.4863518493643143 opposes 0.4786586312154975 __DUMMY__ 0.03498951942018826	true	1.0
N1366	opposes 1.0		favors 0.48291372196255444 opposes 0.4820207729649843 __DUMMY__ 0.03506550507246126	true	0.5
N1367	opposes 1.0	opposes 1.0	opposes 0.7249562514102917 favors 0.2601983342905349 __DUMMY__ 0.014845414299173377	false	1.0
N509	favors 1.0		favors 0.4885870844130746 opposes 0.4766194175951226 __DUMMY__ 0.03479349799180275	true	1.0
N970	favors 1.0		favors 0.4836632221083581 opposes 0.4811049194756687 __DUMMY__ 0.03523185841597335	true	1.0
N971	opposes 1.0	opposes 1.0	opposes 0.7291819830673824 favors 0.25592605613575503 __DUMMY__ 0.014891960796862594	false	1.0
N972	favors 1.0		opposes 0.4858202088691978 favors 0.47894808115225945 __DUMMY__ 0.03523170997854278	true	0.5
N973	favors 1.0		favors 0.48247565917019214 opposes 0.48224353630259825 __DUMMY__ 0.035280804527209525	true	1.0
N978	opposes 1.0	opposes 1.0	opposes 0.7268014319500116 favors 0.2583181932221846 __DUMMY__ 0.014880374827803869	false	1.0
N979	favors 1.0		opposes 0.4837589168218395 favors 0.48100072548128026 __DUMMY__ 0.03524035769688033	true	0.5
N1350	opposes 1.0		favors 0.49169120023017737 opposes 0.47324927976002124 __DUMMY__ 0.03505952000980143	true	0.5
N974	favors 1.0		opposes 0.4858691932988566 favors 0.4790881792902648 __DUMMY__ 0.03504262741087864	true	0.5
N1353	opposes 1.0	opposes 1.0	opposes 0.723444319947792 favors 0.26145629755279953 __DUMMY__ 0.015099382499408424	false	1.0
N975	favors 1.0		favors 0.4837817289787942 opposes 0.48100458843791066 __DUMMY__ 0.035213682583295186	true	1.0
N1354	opposes 1.0		favors 0.4854059197374691 opposes 0.4798007687654578 __DUMMY__ 0.03479331149707308	true	0.5
N976	favors 1.0	favors 1.0	favors 0.7270222996307025 opposes 0.25807444432928317 __DUMMY__ 0.014903256040014334	false	1.0
N1351	favors 1.0	favors 1.0	favors 0.729364883451559 opposes 0.25567440545118014 __DUMMY__ 0.014960711097260795	false	1.0
N977	opposes 1.0		opposes 0.48242631842331707 favors 0.48232867409192176 __DUMMY__ 0.03524500748476121	true	1.0
N1352	opposes 1.0		favors 0.48344676154669475 opposes 0.48131956847087504 __DUMMY__ 0.03523366998243018	true	0.5
N1357	favors 1.0	favors 1.0	favors 0.7307542247436442 opposes 0.254194005489411 __DUMMY__ 0.01505176976694496	false	1.0
N1358	favors 1.0		favors 0.4958139254501796 opposes 0.4691825392495994 __DUMMY__ 0.035003535300221	true	1.0
N1355	favors 1.0	favors 1.0	favors 0.7315670960947191 opposes 0.25339168974906406 __DUMMY__ 0.015041214156216811	false	1.0
N1356	opposes 1.0		favors 0.4864851969946104 opposes 0.47843967937386833 __DUMMY__ 0.03507512363152123	true	0.5
N1359	favors 1.0		favors 0.4854916006067299 opposes 0.4792989906644917 __DUMMY__ 0.0352094087287782	true	1.0
N520	favors 1.0		favors 0.4893683591058618 opposes 0.4754961211436709 __DUMMY__ 0.035135519750467165	true	1.0
N521	favors 1.0		favors 0.4882095272123667 opposes 0.47687088689018586 __DUMMY__ 0.03491958589744736	true	1.0
N522	favors 1.0	favors 1.0	favors 0.7329601465068605 opposes 0.2521923028518456 __DUMMY__ 0.014847550641293951	false	1.0
N527	favors 1.0		favors 0.4897803031345699 opposes 0.4752034351878507 __DUMMY__ 0.035016261677579555	true	1.0
N528	favors 1.0		favors 0.49328512931729207 opposes 0.47175513789441476 __DUMMY__ 0.03495973278829315	true	1.0
N529	opposes 1.0		favors 0.48822102748703045 opposes 0.4767086008259947 __DUMMY__ 0.035070371686974876	true	0.5
N523	favors 1.0	favors 1.0	favors 0.7314342458819566 opposes 0.2537487709547196 __DUMMY__ 0.014816983163323858	false	1.0
N524	opposes 1.0		favors 0.4899469440137005 opposes 0.47497338452203003 __DUMMY__ 0.03507967146426952	true	0.5
N525	opposes 1.0		favors 0.49248162620511543 opposes 0.4725037240575592 __DUMMY__ 0.035014649737325314	true	0.5
N526	favors 1.0	favors 1.0	favors 0.7314777230768976 opposes 0.2536746787025299 __DUMMY__ 0.014847598220572448	false	1.0
N992	favors 1.0		favors 0.48234371158007733 opposes 0.48218496972842845 __DUMMY__ 0.03547131869149427	true	1.0
N993	favors 1.0	favors 1.0	favors 0.7297961754238742 opposes 0.25504232325136467 __DUMMY__ 0.015161501324761016	false	1.0
N510	favors 1.0		favors 0.48411325242301156 opposes 0.4809652916126157 __DUMMY__ 0.034921455964372676	true	1.0
N994	favors 1.0		favors 0.48318900936038867 opposes 0.48122207444944315 __DUMMY__ 0.035588916190168136	true	1.0
N511	favors 1.0		favors 0.4852403089750907 opposes 0.4799222436771978 __DUMMY__ 0.03483744734771148	true	1.0
N995	opposes 1.0		favors 0.484770767433602 opposes 0.47961791148185007 __DUMMY__ 0.035611321084547946	true	0.5
N990	favors 1.0	favors 1.0	favors 0.7274630576369727 opposes 0.25736482181376114 __DUMMY__ 0.015172120549266185	false	1.0
N991	favors 1.0	favors 1.0	favors 0.7293893360081594 opposes 0.25542228062864625 __DUMMY__ 0.015188383363194372	false	1.0
N516	opposes 1.0		favors 0.4889572118989936 opposes 0.47602938444881016 __DUMMY__ 0.03501340365219612	true	0.5
N517	favors 1.0		favors 0.49040392542775973 opposes 0.47451996356813114 __DUMMY__ 0.03507611100410903	true	1.0
N518	opposes 1.0	opposes 1.0	opposes 0.7245424489443942 favors 0.26062713372904694 __DUMMY__ 0.014830417326558858	false	1.0
N519	favors 1.0		favors 0.48769859439355967 opposes 0.47721469705835384 __DUMMY__ 0.03508670854808648	true	1.0
N512	opposes 1.0		favors 0.48740780308692405 opposes 0.477783349473411 __DUMMY__ 0.03480884743966496	true	0.5
N996	opposes 1.0		favors 0.4875535765131906 opposes 0.4769357522603387 __DUMMY__ 0.03551067122647076	true	0.5
N513	favors 1.0	favors 1.0	favors 0.7291817796574619 opposes 0.2560726995030369 __DUMMY__ 0.014745520839501203	false	1.0
N997	favors 1.0	favors 1.0	favors 0.729048627039074 opposes 0.25579011049532024 __DUMMY__ 0.015161262465605674	false	1.0
N514	opposes 1.0		favors 0.4888215500648066 opposes 0.47612185425573744 __DUMMY__ 0.03505659567945601	true	0.5
N998	favors 1.0		favors 0.48517205973389244 opposes 0.4792226007421077 __DUMMY__ 0.03560533952399985	true	1.0
N515	opposes 1.0		favors 0.4910349083653171 opposes 0.47392960948422197 __DUMMY__ 0.03503548215046084	true	0.5
N999	opposes 1.0		favors 0.48818443206829565 opposes 0.4762926291481241 __DUMMY__ 0.03552293878358036	true	0.5
N541	favors 1.0		favors 0.4910299649784859 opposes 0.47408933656685126 __DUMMY__ 0.03488069845466268	true	1.0
N542	opposes 1.0	opposes 1.0	opposes 0.7251566422514187 favors 0.26007330340499585 __DUMMY__ 0.01477005434358544	false	1.0
N543	favors 1.0	favors 1.0	favors 0.7320043789889086 opposes 0.25320346636140956 __DUMMY__ 0.014792154649681876	false	1.0
N544	favors 1.0		favors 0.49246100287888567 opposes 0.4727140435965948 __DUMMY__ 0.034824953524519586	true	1.0
N540	opposes 1.0	opposes 1.0	opposes 0.7253244625723217 favors 0.2599812099738991 __DUMMY__ 0.01469432745377917	false	1.0
N549	favors 1.0		favors 0.4873800618214737 opposes 0.47768135406704165 __DUMMY__ 0.03493858411148466	true	1.0
N545	favors 1.0	favors 1.0	favors 0.7310845145657997 opposes 0.25411115459903105 __DUMMY__ 0.014804330835169337	false	1.0
N546	opposes 1.0		favors 0.4879616744955151 opposes 0.4770753882651226 __DUMMY__ 0.03496293723936239	true	0.5
N547	opposes 1.0		favors 0.4896012639411099 opposes 0.4755280791502072 __DUMMY__ 0.03487065690868286	true	0.5
N548	favors 1.0		favors 0.493259978977351 opposes 0.4719507825789159 __DUMMY__ 0.03478923844373318	true	1.0
N530	opposes 1.0	opposes 1.0	opposes 0.7247731983145032 favors 0.26042737720948556 __DUMMY__ 0.014799424476011258	false	1.0
N531	opposes 1.0		favors 0.4919161925446262 opposes 0.47308002477383737 __DUMMY__ 0.035003782681536345	true	0.5
N532	opposes 1.0	opposes 1.0	opposes 0.725716714618452 favors 0.2594452980876751 __DUMMY__ 0.014837987293872845	false	1.0
N533	favors 1.0		favors 0.48807916313386923 opposes 0.4770001500862261 __DUMMY__ 0.03492068677990474	true	1.0
N1390	favors 1.0	favors 1.0	favors 0.7327176259044565 opposes 0.25265442826685264 __DUMMY__ 0.014627945828690796	false	1.0
N1393	opposes 1.0	opposes 1.0	opposes 0.7254172216206421 favors 0.2600155592944818 __DUMMY__ 0.014567219084875994	false	1.0
N538	opposes 1.0	opposes 1.0	opposes 0.7252957855807297 favors 0.259915310611883 __DUMMY__ 0.014788903807387302	false	1.0
N539	opposes 1.0		favors 0.4889146588741631 opposes 0.47607535613707697 __DUMMY__ 0.035009984988760096	true	0.5
N1394	opposes 1.0		favors 0.49265146205807003 opposes 0.4726292643439282 __DUMMY__ 0.034719273598001844	true	0.5
N1391	opposes 1.0	opposes 1.0	opposes 0.7255098008711419 favors 0.2598036837411836 __DUMMY__ 0.014686515387674457	false	1.0
N1392	opposes 1.0		favors 0.4902645875444035 opposes 0.4749190298463048 __DUMMY__ 0.03481638260929165	true	0.5
N1397	favors 1.0	favors 1.0	favors 0.734765677761393 opposes 0.2506186913000499 __DUMMY__ 0.014615630938557148	false	1.0
N534	favors 1.0		favors 0.4908087122300156 opposes 0.4742938876324496 __DUMMY__ 0.03489740013753489	true	1.0
N535	favors 1.0		favors 0.48879440649922845 opposes 0.47635221626478735 __DUMMY__ 0.03485337723598417	true	1.0
N1398	favors 1.0		favors 0.48840602206912864 opposes 0.47679307393353476 __DUMMY__ 0.034800903997336416	true	1.0
N1395	opposes 1.0		favors 0.4894092416576154 opposes 0.47595273676342226 __DUMMY__ 0.03463802157896235	true	0.5
N536	opposes 1.0		favors 0.4902455260414587 opposes 0.474819200209271 __DUMMY__ 0.03493527374927038	true	0.5
N537	favors 1.0		favors 0.4896394540555158 opposes 0.4754948070933529 __DUMMY__ 0.03486573885113142	true	1.0
N1396	favors 1.0	favors 1.0	favors 0.7328881730928681 opposes 0.25243596279908315 __DUMMY__ 0.014675864108048631	false	1.0
N1399	opposes 1.0		favors 0.48820461825531675 opposes 0.4770153917388781 __DUMMY__ 0.03477999000580512	true	0.5
N563	opposes 1.0		favors 0.4962055510929499 opposes 0.46894268830217 __DUMMY__ 0.034851760604880086	true	0.5
N564	opposes 1.0		favors 0.4879824309783326 opposes 0.4771053960424195 __DUMMY__ 0.034912172979247855	true	0.5
N565	favors 1.0	favors 1.0	favors 0.7307780184155214 opposes 0.25443506060150023 __DUMMY__ 0.01478692098297849	false	1.0
N566	favors 1.0		favors 0.491147472364366 opposes 0.47412061001572536 __DUMMY__ 0.03473191761990871	true	1.0
N560	favors 1.0		favors 0.4933475260637215 opposes 0.47170579372486876 __DUMMY__ 0.034946680211409675	true	1.0
N561	favors 1.0	favors 1.0	favors 0.7309334303553523 opposes 0.2542898793919038 __DUMMY__ 0.01477669025274387	false	1.0
N562	favors 1.0	favors 1.0	favors 0.7321586099597568 opposes 0.2530157445487029 __DUMMY__ 0.014825645491540272	false	1.0
N567	favors 1.0	favors 1.0	favors 0.7356511978975117 opposes 0.2496271767331295 __DUMMY__ 0.01472162536935892	false	1.0
N568	favors 1.0		favors 0.48715457875316154 opposes 0.4780257846953229 __DUMMY__ 0.03481963655151569	true	1.0
