N1742	opposes 1.0	opposes 1.0	opposes 0.7020866552062265 favors 0.2972611478945834 __DUMMY__ 6.521968991901279E-4	false	1.0
N1743	opposes 1.0	opposes 1.0	opposes 0.7143777086447866 favors 0.28491539781030967 __DUMMY__ 7.068935449037769E-4	false	1.0
N1740	favors 1.0	favors 1.0	favors 0.7529204006704846 opposes 0.2464313041313665 __DUMMY__ 6.482951981488171E-4	false	1.0
N1741	opposes 1.0	opposes 1.0	opposes 0.710792331057772 favors 0.28848954715192815 __DUMMY__ 7.181217902998994E-4	false	1.0
N1746	opposes 1.0	opposes 1.0	opposes 0.7010276352819401 favors 0.2983216859855589 __DUMMY__ 6.506787325009272E-4	false	1.0
N1747	opposes 1.0	opposes 1.0	opposes 0.7172187594087593 favors 0.28207636585634915 __DUMMY__ 7.0487473489141E-4	false	1.0
N1744	favors 1.0	favors 1.0	favors 0.7558488173768256 opposes 0.24344140722436966 __DUMMY__ 7.097753988046828E-4	false	1.0
N1745	favors 1.0	favors 1.0	favors 0.7592521429621771 opposes 0.24005261239165615 __DUMMY__ 6.952446461666621E-4	false	1.0
N1748	opposes 1.0	opposes 1.0	opposes 0.7110798926439579 favors 0.2882529104233193 __DUMMY__ 6.67196932722859E-4	false	1.0
N1749	favors 1.0	favors 1.0	favors 0.7678269481449057 opposes 0.2315296771169207 __DUMMY__ 6.433747381735606E-4	false	1.0
N1731	opposes 1.0	opposes 1.0	opposes 0.7165050736486985 favors 0.2828469320946812 __DUMMY__ 6.479942566203049E-4	false	1.0
N1732	opposes 1.0	opposes 1.0	opposes 0.705257719416125 favors 0.2940561175132064 __DUMMY__ 6.86163070668541E-4	false	1.0
N1730	favors 1.0	favors 1.0	favors 0.754563973060368 opposes 0.24473305924154468 __DUMMY__ 7.029676980871719E-4	false	1.0
N1735	opposes 1.0	opposes 1.0	opposes 0.712492776577137 favors 0.28680203748852057 __DUMMY__ 7.051859343424168E-4	false	1.0
N1736	favors 1.0	favors 1.0	favors 0.7541230934737787 opposes 0.24516729214272204 __DUMMY__ 7.096143834993171E-4	false	1.0
N1733	opposes 1.0	opposes 1.0	opposes 0.7154985931569852 favors 0.28386144327266427 __DUMMY__ 6.399635703505863E-4	false	1.0
N1734	favors 1.0	favors 1.0	favors 0.7625230828480213 opposes 0.2367831631680727 __DUMMY__ 6.937539839059538E-4	false	1.0
N1739	favors 1.0	favors 1.0	favors 0.7651221592303633 opposes 0.23419818202466472 __DUMMY__ 6.796587449719488E-4	false	1.0
N1737	favors 1.0		favors 0.5433885131462491 opposes 0.4481351429819629 __DUMMY__ 0.008476343871788066	true	1.0
N1738	opposes 1.0	opposes 1.0	opposes 0.7170081797621659 favors 0.28232312531567816 __DUMMY__ 6.686949221558723E-4	false	1.0
N1720	opposes 1.0	opposes 1.0	opposes 0.7103738908759781 favors 0.2890315388539667 __DUMMY__ 5.945702700551277E-4	false	1.0
N1721	opposes 1.0	opposes 1.0	opposes 0.7034786476078507 favors 0.2958033310686999 __DUMMY__ 7.18021323449421E-4	false	1.0
N1724	favors 1.0	favors 1.0	favors 0.759195648306082 opposes 0.2401010047794097 __DUMMY__ 7.033469145083669E-4	false	1.0
N1725	favors 1.0	favors 1.0	favors 0.7643592695987731 opposes 0.23496880181562488 __DUMMY__ 6.719285856020777E-4	false	1.0
N1722	favors 1.0	favors 1.0	favors 0.7802551986331087 opposes 0.21909493434433255 __DUMMY__ 6.498670225588076E-4	false	1.0
N1723	favors 1.0	favors 1.0	favors 0.7609680116050556 opposes 0.23833231945687075 __DUMMY__ 6.996689380737535E-4	false	1.0
N1728	opposes 1.0	opposes 1.0	opposes 0.7010918744648699 favors 0.29823182388598407 __DUMMY__ 6.763016491460665E-4	false	1.0
N1729	favors 1.0	favors 1.0	favors 0.7794231119654436 opposes 0.21993488512713225 __DUMMY__ 6.420029074241775E-4	false	1.0
N1726	favors 1.0	favors 1.0	favors 0.7856512689618366 opposes 0.21374127151604544 __DUMMY__ 6.074595221180217E-4	false	1.0
N1727	opposes 1.0	opposes 1.0	opposes 0.7132560121605989 favors 0.28606469440316884 __DUMMY__ 6.79293436232154E-4	false	1.0
N1710	favors 1.0	favors 1.0	favors 0.7519431272040287 opposes 0.24733515508589868 __DUMMY__ 7.217177100726363E-4	false	1.0
N1713	opposes 1.0	opposes 1.0	opposes 0.7087586415565009 favors 0.29064332470760057 __DUMMY__ 5.980337358984848E-4	false	1.0
N1714	favors 1.0	favors 1.0	favors 0.7688141615005968 opposes 0.23051543739552785 __DUMMY__ 6.704011038753321E-4	false	1.0
N1711	favors 1.0	favors 1.0	favors 0.7563968920367784 opposes 0.24302214594449512 __DUMMY__ 5.809620187265487E-4	false	1.0
N1712	favors 1.0	favors 1.0	favors 0.7756697396258824 opposes 0.22366572476931224 __DUMMY__ 6.645356048054231E-4	false	1.0
N1717	favors 1.0	favors 1.0	favors 0.7682188046066478 opposes 0.23111479177314417 __DUMMY__ 6.66403620207966E-4	false	1.0
N1718	opposes 1.0	opposes 1.0	opposes 0.7129931493347241 favors 0.28639191520676477 __DUMMY__ 6.149354585110263E-4	false	1.0
N1715	favors 1.0	favors 1.0	favors 0.7628050047573633 opposes 0.23648657268621612 __DUMMY__ 7.084225564205521E-4	false	1.0
N1716	favors 1.0		favors 0.5397799242303795 opposes 0.4518386526711519 __DUMMY__ 0.008381423098468514	true	1.0
N1719	favors 1.0	favors 1.0	favors 0.7765653728458458 opposes 0.22274536001540376 __DUMMY__ 6.892671387504597E-4	false	1.0
N1782	favors 1.0	favors 1.0	favors 0.7560885078157569 opposes 0.24318886462911973 __DUMMY__ 7.226275551233722E-4	false	1.0
N1783	favors 1.0	favors 1.0	favors 0.7559089983952835 opposes 0.24336953703918013 __DUMMY__ 7.214645655364848E-4	false	1.0
N1780	opposes 1.0	opposes 1.0	opposes 0.7106125146508401 favors 0.2886439333695494 __DUMMY__ 7.435519796105031E-4	false	1.0
N1781	opposes 1.0	opposes 1.0	opposes 0.6992293616990588 favors 0.30008519336780676 __DUMMY__ 6.854449331344046E-4	false	1.0
N1786	opposes 1.0	opposes 1.0	opposes 0.717012245029265 favors 0.2822694327283665 __DUMMY__ 7.183222423684925E-4	false	1.0
N1302	favors 1.0	favors 1.0	favors 0.7627198294023292 opposes 0.23655422738899948 __DUMMY__ 7.259432086713721E-4	false	1.0
N1303	favors 1.0	favors 1.0	favors 0.7777628170140805 opposes 0.22155618387441178 __DUMMY__ 6.809991115077827E-4	false	1.0
N1787	opposes 1.0	opposes 1.0	opposes 0.7117226936778471 favors 0.28756621793106685 __DUMMY__ 7.110883910860077E-4	false	1.0
N1300	favors 1.0	favors 1.0	favors 0.7588069479824188 opposes 0.24046440284250348 __DUMMY__ 7.286491750778117E-4	false	1.0
N1784	favors 1.0		favors 0.5411725451329686 opposes 0.4503502628635621 __DUMMY__ 0.008477192003469181	true	1.0
N1301	opposes 1.0	opposes 1.0	opposes 0.7114952982098446 favors 0.28777736864231585 __DUMMY__ 7.273331478395473E-4	false	1.0
N1785	opposes 1.0	opposes 1.0	opposes 0.6942618204298902 favors 0.3050842504837416 __DUMMY__ 6.53929086368191E-4	false	1.0
N1306	opposes 1.0	opposes 1.0	opposes 0.6944964298137698 favors 0.3048070029324061 __DUMMY__ 6.965672538241994E-4	false	1.0
N1307	favors 1.0		favors 0.531290056823156 opposes 0.46019719276553084 __DUMMY__ 0.00851275041131324	true	1.0
N1304	favors 1.0	favors 1.0	favors 0.7560274040593711 opposes 0.2432462413748267 __DUMMY__ 7.263545658021639E-4	false	1.0
N1788	favors 1.0	favors 1.0	favors 0.7700325743777768 opposes 0.2292991378804849 __DUMMY__ 6.682877417383477E-4	false	1.0
N1789	opposes 1.0	opposes 1.0	opposes 0.7180331841964108 favors 0.2812354124384748 __DUMMY__ 7.314033651143865E-4	false	1.0
N1305	favors 1.0	favors 1.0	favors 0.7643870697400871 opposes 0.2348995955673356 __DUMMY__ 7.133346925772729E-4	false	1.0
N1308	opposes 1.0	opposes 1.0	opposes 0.7152432210357077 favors 0.28410564768790286 __DUMMY__ 6.511312763893884E-4	false	1.0
N1309	opposes 1.0	opposes 1.0	opposes 0.7003928053706261 favors 0.2989119629096575 __DUMMY__ 6.952317197164105E-4	false	1.0
N1771	favors 1.0	favors 1.0	favors 0.7688790025423415 opposes 0.23041574618135474 __DUMMY__ 7.052512763037048E-4	false	1.0
N1772	opposes 1.0	opposes 1.0	opposes 0.7148626678672021 favors 0.2844795698335759 __DUMMY__ 6.577622992220264E-4	false	1.0
N1770	opposes 1.0	opposes 1.0	opposes 0.7154704871181525 favors 0.2838608410528355 __DUMMY__ 6.686718290118891E-4	false	1.0
N1775	favors 1.0	favors 1.0	favors 0.752864301927185 opposes 0.2464023076837725 __DUMMY__ 7.3339038904245E-4	false	1.0
N1776	favors 1.0	favors 1.0	favors 0.761826110433032 opposes 0.23746430244967084 __DUMMY__ 7.095871172971748E-4	false	1.0
N1773	favors 1.0	favors 1.0	favors 0.7631750469868201 opposes 0.23611174506575752 __DUMMY__ 7.132079474224182E-4	false	1.0
N1774	opposes 1.0	opposes 1.0	opposes 0.7128509396014817 favors 0.286388777455845 __DUMMY__ 7.602829426732941E-4	false	1.0
N1779	favors 1.0	favors 1.0	favors 0.7513221430960757 opposes 0.2480081009250918 __DUMMY__ 6.69755978832481E-4	false	1.0
N1777	favors 1.0	favors 1.0	favors 0.7476984433042531 opposes 0.25161538405346245 __DUMMY__ 6.861726422844387E-4	false	1.0
N1778	favors 1.0	favors 1.0	favors 0.766377210216022 opposes 0.2329040574497142 __DUMMY__ 7.187323342637861E-4	false	1.0
N901	favors 1.0	favors 1.0	favors 0.7561523507735198 opposes 0.24311955835750346 __DUMMY__ 7.280908689766928E-4	false	1.0
N902	favors 1.0	favors 1.0	favors 0.7601213215716986 opposes 0.23916866691924338 __DUMMY__ 7.10011509057882E-4	false	1.0
N903	opposes 1.0	opposes 1.0	opposes 0.6981481247559201 favors 0.30120070783520975 __DUMMY__ 6.511674088700892E-4	false	1.0
N904	opposes 1.0		favors 0.5304671040328431 opposes 0.4610323121242139 __DUMMY__ 0.008500583842942881	true	0.5
N1760	opposes 1.0	opposes 1.0	opposes 0.7091515796818051 favors 0.29011075480743864 __DUMMY__ 7.37665510756298E-4	false	1.0
N1761	opposes 1.0	opposes 1.0	opposes 0.6988449861923886 favors 0.3004783754721631 __DUMMY__ 6.766383354482753E-4	false	1.0
N900	favors 1.0	favors 1.0	favors 0.7565421302110211 opposes 0.24273598321103304 __DUMMY__ 7.218865779458301E-4	false	1.0
N909	favors 1.0		favors 0.5517703806388408 opposes 0.43977750359270107 __DUMMY__ 0.00845211576845807	true	1.0
N1764	favors 1.0	favors 1.0	favors 0.7598018067799088 opposes 0.23947744275911811 __DUMMY__ 7.207504609730601E-4	false	1.0
N1765	opposes 1.0	opposes 1.0	opposes 0.6935290216985444 favors 0.3058257020589021 __DUMMY__ 6.452762425534642E-4	false	1.0
N1762	favors 1.0	favors 1.0	favors 0.7570269636844983 opposes 0.24225100752309398 __DUMMY__ 7.220287924077349E-4	false	1.0
N1763	opposes 1.0		favors 0.5363606347563197 opposes 0.4551421932913224 __DUMMY__ 0.008497171952357826	true	0.5
N1768	favors 1.0	favors 1.0	favors 0.7712426889949006 opposes 0.22810240144688906 __DUMMY__ 6.549095582103803E-4	false	1.0
N905	opposes 1.0	opposes 1.0	opposes 0.7107057415345165 favors 0.2886168740863538 __DUMMY__ 6.77384379129781E-4	false	1.0
N906	favors 1.0	favors 1.0	favors 0.7689734473441153 opposes 0.23037530014895502 __DUMMY__ 6.512525069296459E-4	false	1.0
N1769	opposes 1.0	opposes 1.0	opposes 0.7177560445628342 favors 0.2815115656807603 __DUMMY__ 7.323897564056041E-4	false	1.0
N1766	opposes 1.0	opposes 1.0	opposes 0.7161642244151476 favors 0.28312441402636135 __DUMMY__ 7.113615584910737E-4	false	1.0
N907	opposes 1.0	opposes 1.0	opposes 0.7179166202650066 favors 0.28136001999135374 __DUMMY__ 7.233597436397119E-4	false	1.0
N908	opposes 1.0	opposes 1.0	opposes 0.7178464862019956 favors 0.28150814384064204 __DUMMY__ 6.453699573623805E-4	false	1.0
N1767	opposes 1.0	opposes 1.0	opposes 0.7083857281723163 favors 0.2909093498098971 __DUMMY__ 7.049220177866403E-4	false	1.0
N1750	opposes 1.0	opposes 1.0	opposes 0.7177208759355329 favors 0.28156873723528897 __DUMMY__ 7.103868291781053E-4	false	1.0
N1753	favors 1.0	favors 1.0	favors 0.7630021215972012 opposes 0.23628899915489557 __DUMMY__ 7.088792479033149E-4	false	1.0
N1754	opposes 1.0	opposes 1.0	opposes 0.7121921808894588 favors 0.2870716385791329 __DUMMY__ 7.361805314083954E-4	false	1.0
N1751	opposes 1.0	opposes 1.0	opposes 0.7138246520394101 favors 0.2855294655632069 __DUMMY__ 6.458823973828168E-4	false	1.0
N1752	opposes 1.0	opposes 1.0	opposes 0.7141603639891682 favors 0.28519847046270674 __DUMMY__ 6.411655481251021E-4	false	1.0
N1757	favors 1.0	favors 1.0	favors 0.7493356438806996 opposes 0.2499806858205187 __DUMMY__ 6.836702987816859E-4	false	1.0
N1758	favors 1.0		favors 0.5568704019646256 opposes 0.4346686188867757 __DUMMY__ 0.008460979148598807	true	1.0
N1755	favors 1.0	favors 1.0	favors 0.7531128698995282 opposes 0.24615674595843245 __DUMMY__ 7.303841420393511E-4	false	1.0
N1756	favors 1.0	favors 1.0	favors 0.7625821980025943 opposes 0.23672050281170096 __DUMMY__ 6.972991857047409E-4	false	1.0
N1759	favors 1.0	favors 1.0	favors 0.7529798246734922 opposes 0.24636398709205423 __DUMMY__ 6.561882344534405E-4	false	1.0
N923	favors 1.0	favors 1.0	favors 0.7700166620591194 opposes 0.22932808356971324 __DUMMY__ 6.552543711673659E-4	false	1.0
N924	opposes 1.0	opposes 1.0	opposes 0.7180301882492337 favors 0.2812665692861946 __DUMMY__ 7.032424645715894E-4	false	1.0
N925	opposes 1.0	opposes 1.0	opposes 0.7107746106745687 favors 0.2885441143834197 __DUMMY__ 6.812749420115031E-4	false	1.0
N926	favors 1.0	favors 1.0	favors 0.7680374122703313 opposes 0.23130099984684607 __DUMMY__ 6.615878828227392E-4	false	1.0
N1342	favors 1.0	favors 1.0	favors 0.7628789013354745 opposes 0.23639731564650543 __DUMMY__ 7.237830180200683E-4	false	1.0
N1343	favors 1.0	favors 1.0	favors 0.7749168270661358 opposes 0.22439896113898145 __DUMMY__ 6.842117948826736E-4	false	1.0
N920	favors 1.0	favors 1.0	favors 0.7554876188761214 opposes 0.2438016245122028 __DUMMY__ 7.107566116758145E-4	false	1.0
N921	favors 1.0	favors 1.0	favors 0.7552425809509713 opposes 0.2440462642601188 __DUMMY__ 7.111547889099012E-4	false	1.0
N1340	favors 1.0	favors 1.0	favors 0.7587549448255854 opposes 0.24051846838766716 __DUMMY__ 7.265867867475125E-4	false	1.0
N1341	favors 1.0	favors 1.0	favors 0.757981620469339 opposes 0.24128661232586515 __DUMMY__ 7.317672047957924E-4	false	1.0
N922	favors 1.0	favors 1.0	favors 0.7578959298514376 opposes 0.2413993757738131 __DUMMY__ 7.046943747492504E-4	false	1.0
N1346	favors 1.0	favors 1.0	favors 0.772883594064984 opposes 0.22643720993324704 __DUMMY__ 6.79196001768912E-4	false	1.0
N1347	opposes 1.0	opposes 1.0	opposes 0.7151485706121964 favors 0.2841196478418234 __DUMMY__ 7.317815459802487E-4	false	1.0
N1344	opposes 1.0	opposes 1.0	opposes 0.7140263784244478 favors 0.2852422044623877 __DUMMY__ 7.31417113164477E-4	false	1.0
N1345	opposes 1.0	opposes 1.0	opposes 0.7077245683281059 favors 0.2915789945018402 __DUMMY__ 6.964371700538944E-4	false	1.0
N927	opposes 1.0	opposes 1.0	opposes 0.7182315954025668 favors 0.28105453557398474 __DUMMY__ 7.138690234485378E-4	false	1.0
N928	favors 1.0	favors 1.0	favors 0.7547625420497285 opposes 0.24458664824019452 __DUMMY__ 6.508097100769989E-4	false	1.0
N929	favors 1.0	favors 1.0	favors 0.7679997684289037 opposes 0.23131221926565987 __DUMMY__ 6.880123054364504E-4	false	1.0
N1348	favors 1.0	favors 1.0	favors 0.7762465386802264 opposes 0.22308358857989638 __DUMMY__ 6.698727398772228E-4	false	1.0
N1349	favors 1.0	favors 1.0	favors 0.75680512210045 opposes 0.24257565298816616 __DUMMY__ 6.192249113837612E-4	false	1.0
N912	opposes 1.0	opposes 1.0	opposes 0.71399352074633 favors 0.2852862389152951 __DUMMY__ 7.202403383747645E-4	false	1.0
N913	favors 1.0	favors 1.0	favors 0.752266891144902 opposes 0.24701372117278442 __DUMMY__ 7.193876823135832E-4	false	1.0
N914	favors 1.0	favors 1.0	favors 0.7595342741551503 opposes 0.2397700974922225 __DUMMY__ 6.956283526271316E-4	false	1.0
N915	favors 1.0	favors 1.0	favors 0.7489928106132515 opposes 0.25033970174768166 __DUMMY__ 6.674876390667381E-4	false	1.0
N1331	favors 1.0	favors 1.0	favors 0.7657706899458742 opposes 0.23351290268047808 __DUMMY__ 7.164073736477479E-4	false	1.0
N1332	favors 1.0	favors 1.0	favors 0.7622665001187257 opposes 0.23699530543063013 __DUMMY__ 7.381944506441963E-4	false	1.0
N910	opposes 1.0	opposes 1.0	opposes 0.7170991791057248 favors 0.28226394735431504 __DUMMY__ 6.36873539960101E-4	false	1.0
N1330	opposes 1.0	opposes 1.0	opposes 0.7095512088404229 favors 0.28976791211171576 __DUMMY__ 6.808790478613227E-4	false	1.0
N911	favors 1.0	favors 1.0	favors 0.761541554550358 opposes 0.2377647139072901 __DUMMY__ 6.937315423518748E-4	false	1.0
N1335	opposes 1.0		favors 0.5390625941408478 opposes 0.45246771273385206 __DUMMY__ 0.008469693125300182	true	0.5
N1336	favors 1.0	favors 1.0	favors 0.7692693366777216 opposes 0.23002563089374525 __DUMMY__ 7.050324285332292E-4	false	1.0
N1333	favors 1.0	favors 1.0	favors 0.757187619378626 opposes 0.2420809297443675 __DUMMY__ 7.314508770066135E-4	false	1.0
N1334	favors 1.0	favors 1.0	favors 0.7637076729410615 opposes 0.23558051856798157 __DUMMY__ 7.118084909569846E-4	false	1.0
N1339	opposes 1.0	opposes 1.0	opposes 0.6977199737355795 favors 0.30160439273688266 __DUMMY__ 6.756335275378505E-4	false	1.0
N916	favors 1.0	favors 1.0	favors 0.7647754383072224 opposes 0.2345279449011032 __DUMMY__ 6.966167916744292E-4	false	1.0
N917	favors 1.0	favors 1.0	favors 0.7505483446855937 opposes 0.2488025693697991 __DUMMY__ 6.490859446071311E-4	false	1.0
N1337	favors 1.0		favors 0.5385362692888337 opposes 0.45304458909004003 __DUMMY__ 0.008419141621126284	true	1.0
N918	opposes 1.0		favors 0.5405746812718695 opposes 0.4509147218361948 __DUMMY__ 0.008510596891935684	true	0.5
N1338	opposes 1.0		favors 0.5469195983591078 opposes 0.44452212796093493 __DUMMY__ 0.008558273679957332	true	0.5
N919	opposes 1.0	opposes 1.0	opposes 0.7010066347423894 favors 0.2983222258479858 __DUMMY__ 6.711394096248398E-4	false	1.0
N940	opposes 1.0		favors 0.5363087903559095 opposes 0.4551987244874646 __DUMMY__ 0.00849248515662589	true	0.5
N945	favors 1.0	favors 1.0	favors 0.7580371132015878 opposes 0.24129920495063548 __DUMMY__ 6.636818477767602E-4	false	1.0
N946	opposes 1.0	opposes 1.0	opposes 0.6982012093790638 favors 0.30114228289413336 __DUMMY__ 6.565077268028659E-4	false	1.0
N947	favors 1.0	favors 1.0	favors 0.7525471584446459 opposes 0.2467417166478459 __DUMMY__ 7.111249075081267E-4	false	1.0
N948	opposes 1.0	opposes 1.0	opposes 0.7147621772344734 favors 0.2846419062249555 __DUMMY__ 5.95916540571029E-4	false	1.0
N941	opposes 1.0	opposes 1.0	opposes 0.7141164892501951 favors 0.2851791012483917 __DUMMY__ 7.044095014131622E-4	false	1.0
N1320	opposes 1.0	opposes 1.0	opposes 0.7135199511693642 favors 0.2857643604434943 __DUMMY__ 7.156883871415636E-4	false	1.0
N942	opposes 1.0	opposes 1.0	opposes 0.7095527388549584 favors 0.28974588803693313 __DUMMY__ 7.013731081083356E-4	false	1.0
N1321	favors 1.0	favors 1.0	favors 0.7564698490282008 opposes 0.2428137050626864 __DUMMY__ 7.164459091127991E-4	false	1.0
N943	favors 1.0	favors 1.0	favors 0.7742147979757164 opposes 0.2251280917696594 __DUMMY__ 6.571102546243253E-4	false	1.0
N944	favors 1.0	favors 1.0	favors 0.7537478639502715 opposes 0.24555502717448874 __DUMMY__ 6.971088752397131E-4	false	1.0
N1324	opposes 1.0	opposes 1.0	opposes 0.7168774601235142 favors 0.282417717914759 __DUMMY__ 7.04821961726827E-4	false	1.0
N1325	opposes 1.0	opposes 1.0	opposes 0.7090453346866578 favors 0.2902706444902518 __DUMMY__ 6.840208230905018E-4	false	1.0
N1322	favors 1.0	favors 1.0	favors 0.7602068541397845 opposes 0.23908193041709438 __DUMMY__ 7.112154431210997E-4	false	1.0
N1323	favors 1.0	favors 1.0	favors 0.7758765330346762 opposes 0.2234670406015571 __DUMMY__ 6.564263637667155E-4	false	1.0
N1328	opposes 1.0	opposes 1.0	opposes 0.7119151209722655 favors 0.2874028647430188 __DUMMY__ 6.820142847156356E-4	false	1.0
N949	favors 1.0	favors 1.0	favors 0.7718741120580274 opposes 0.2274512531354041 __DUMMY__ 6.746348065686174E-4	false	1.0
N1329	favors 1.0	favors 1.0	favors 0.769737621684208 opposes 0.22954966803189578 __DUMMY__ 7.127102838962928E-4	false	1.0
N1326	favors 1.0	favors 1.0	favors 0.7721274693397702 opposes 0.22720833316881053 __DUMMY__ 6.641974914193581E-4	false	1.0
N1327	opposes 1.0	opposes 1.0	opposes 0.717550324328022 favors 0.28173289518703926 __DUMMY__ 7.167804849387554E-4	false	1.0
N934	opposes 1.0	opposes 1.0	opposes 0.7085832312713353 favors 0.2907291142796531 __DUMMY__ 6.876544490115587E-4	false	1.0
N935	opposes 1.0	opposes 1.0	opposes 0.7155704528590017 favors 0.2837544962181403 __DUMMY__ 6.750509228580926E-4	false	1.0
N1790	favors 1.0	favors 1.0	favors 0.7562179371826557 opposes 0.2431312062377283 __DUMMY__ 6.508565796158614E-4	false	1.0
N936	opposes 1.0	opposes 1.0	opposes 0.7031349921160763 favors 0.29617297130842596 __DUMMY__ 6.920365754976493E-4	false	1.0
N937	opposes 1.0	opposes 1.0	opposes 0.7157829893416957 favors 0.28356119271337177 __DUMMY__ 6.558179449325152E-4	false	1.0
N930	favors 1.0	favors 1.0	favors 0.7566035923514514 opposes 0.2427397481730722 __DUMMY__ 6.566594754764592E-4	false	1.0
N1793	opposes 1.0	opposes 1.0	opposes 0.7057859518467416 favors 0.29351785603240577 __DUMMY__ 6.961921208525542E-4	false	1.0
N931	opposes 1.0	opposes 1.0	opposes 0.7062770578645948 favors 0.2930260160449494 __DUMMY__ 6.969260904558111E-4	false	1.0
N1310	opposes 1.0	opposes 1.0	opposes 0.7140086753163795 favors 0.2853396336372508 __DUMMY__ 6.516910463697776E-4	false	1.0
N1794	favors 1.0	favors 1.0	favors 0.7596788856899223 opposes 0.23959860946410688 __DUMMY__ 7.225048459707862E-4	false	1.0
N932	favors 1.0	favors 1.0	favors 0.759392012304209 opposes 0.23988490106276858 __DUMMY__ 7.230866330223807E-4	false	1.0
N1791	favors 1.0	favors 1.0	favors 0.7703085033598054 opposes 0.2289991590649802 __DUMMY__ 6.923375752144534E-4	false	1.0
N933	opposes 1.0	opposes 1.0	opposes 0.714908774492898 favors 0.2843787914249799 __DUMMY__ 7.124340821220836E-4	false	1.0
N1792	favors 1.0	favors 1.0	favors 0.7551791067062698 opposes 0.2441680836865163 __DUMMY__ 6.528096072139936E-4	false	1.0
N1313	favors 1.0	favors 1.0	favors 0.753466201191461 opposes 0.24581448783377724 __DUMMY__ 7.193109747616769E-4	false	1.0
N1797	opposes 1.0	opposes 1.0	opposes 0.7164610166892127 favors 0.28286146980228705 __DUMMY__ 6.775135085002235E-4	false	1.0
N1314	favors 1.0	favors 1.0	favors 0.762171705212565 opposes 0.23712889970585044 __DUMMY__ 6.993950815845458E-4	false	1.0
N1798	favors 1.0	favors 1.0	favors 0.7686202954596062 opposes 0.23068461653259306 __DUMMY__ 6.950880078007776E-4	false	1.0
N1311	favors 1.0	favors 1.0	favors 0.7638887510527004 opposes 0.23541270889365015 __DUMMY__ 6.985400536494587E-4	false	1.0
N1795	opposes 1.0	opposes 1.0	opposes 0.7150141618727017 favors 0.28426919376194654 __DUMMY__ 7.166443653516387E-4	false	1.0
N1312	opposes 1.0	opposes 1.0	opposes 0.7115112153418197 favors 0.2877498643599269 __DUMMY__ 7.389202982534956E-4	false	1.0
N1796	opposes 1.0	opposes 1.0	opposes 0.7071166946251416 favors 0.29219227245088114 __DUMMY__ 6.910329239772962E-4	false	1.0
N1317	favors 1.0	favors 1.0	favors 0.7527462616078203 opposes 0.24659725650369663 __DUMMY__ 6.564818884830366E-4	false	1.0
N938	favors 1.0	favors 1.0	favors 0.7603550709894213 opposes 0.2389269904192477 __DUMMY__ 7.179385913309179E-4	false	1.0
N939	favors 1.0	favors 1.0	favors 0.7713546063337178 opposes 0.2279793111370077 __DUMMY__ 6.660825292745175E-4	false	1.0
N1318	opposes 1.0	opposes 1.0	opposes 0.7095031877473981 favors 0.2897720426056991 __DUMMY__ 7.247696469028472E-4	false	1.0
N1315	favors 1.0	favors 1.0	favors 0.7507548735095154 opposes 0.2485695322326402 __DUMMY__ 6.755942578443055E-4	false	1.0
N1799	opposes 1.0	opposes 1.0	opposes 0.7150406037986151 favors 0.28430071205440943 __DUMMY__ 6.586841469754177E-4	false	1.0
N1316	favors 1.0	favors 1.0	favors 0.7678859698137916 opposes 0.23141490466967163 __DUMMY__ 6.991255165367924E-4	false	1.0
N1319	favors 1.0	favors 1.0	favors 0.772007688865811 opposes 0.2273261481007713 __DUMMY__ 6.661630334176933E-4	false	1.0
N960	opposes 1.0	opposes 1.0	opposes 0.7116699360365698 favors 0.28762092342783974 __DUMMY__ 7.091405355904621E-4	false	1.0
N961	opposes 1.0	opposes 1.0	opposes 0.7067829300505528 favors 0.29252725356655196 __DUMMY__ 6.898163828952958E-4	false	1.0
N962	favors 1.0	favors 1.0	favors 0.7795586360255922 opposes 0.21982280399368095 __DUMMY__ 6.185599807269419E-4	false	1.0
N967	opposes 1.0	opposes 1.0	opposes 0.7145045798370485 favors 0.2848578713067223 __DUMMY__ 6.375488562291717E-4	false	1.0
N1382	opposes 1.0	opposes 1.0	opposes 0.7164702594582661 favors 0.2828037543617333 __DUMMY__ 7.2598618000057E-4	false	1.0
N968	favors 1.0	favors 1.0	favors 0.768072969317867 opposes 0.23124918736110187 __DUMMY__ 6.778433210311204E-4	false	1.0
N1383	opposes 1.0	opposes 1.0	opposes 0.7081517646245274 favors 0.2911329956524927 __DUMMY__ 7.152397229797606E-4	false	1.0
N969	opposes 1.0	opposes 1.0	opposes 0.713911470322568 favors 0.2854600578071115 __DUMMY__ 6.284718703205957E-4	false	1.0
N1380	favors 1.0	favors 1.0	favors 0.7602091728176965 opposes 0.2390633147456922 __DUMMY__ 7.275124366111705E-4	false	1.0
N1381	favors 1.0	favors 1.0	favors 0.7764177544331082 opposes 0.2229117212106679 __DUMMY__ 6.705243562238246E-4	false	1.0
N963	favors 1.0	favors 1.0	favors 0.7535941457984793 opposes 0.2457244221784634 __DUMMY__ 6.814320230573082E-4	false	1.0
N1386	favors 1.0		favors 0.5377987541367718 opposes 0.45378261009410664 __DUMMY__ 0.008418635769121432	true	1.0
N964	favors 1.0	favors 1.0	favors 0.7601064161751933 opposes 0.2392144845486975 __DUMMY__ 6.790992761092149E-4	false	1.0
N1387	favors 1.0	favors 1.0	favors 0.7699047679389514 opposes 0.22938584346070914 __DUMMY__ 7.09388600339557E-4	false	1.0
N1384	favors 1.0	favors 1.0	favors 0.7724964637948476 opposes 0.22681365935723194 __DUMMY__ 6.89876847920539E-4	false	1.0
N965	opposes 1.0	opposes 1.0	opposes 0.6932248223991285 favors 0.30612884964517384 __DUMMY__ 6.463279556975741E-4	false	1.0
N966	favors 1.0	favors 1.0	favors 0.7518596444696315 opposes 0.2474297448499952 __DUMMY__ 7.106106803733161E-4	false	1.0
N1385	opposes 1.0	opposes 1.0	opposes 0.7181038067125405 favors 0.2811544570464628 __DUMMY__ 7.417362409967812E-4	false	1.0
N1388	favors 1.0	favors 1.0	favors 0.7595032436734975 opposes 0.23982498969483315 __DUMMY__ 6.717666316692676E-4	false	1.0
N1389	opposes 1.0	opposes 1.0	opposes 0.7045770602497523 favors 0.2947110229108087 __DUMMY__ 7.119168394389569E-4	false	1.0
N950	favors 1.0	favors 1.0	favors 0.7530461643911578 opposes 0.24635175392639172 __DUMMY__ 6.020816824505218E-4	false	1.0
N951	opposes 1.0	opposes 1.0	opposes 0.70330045849375 favors 0.2960150497485887 __DUMMY__ 6.844917576612634E-4	false	1.0
N956	opposes 1.0	opposes 1.0	opposes 0.715603999860612 favors 0.2837905266143123 __DUMMY__ 6.054735250757073E-4	false	1.0
N1371	opposes 1.0	opposes 1.0	opposes 0.7162682177642982 favors 0.28298555842412887 __DUMMY__ 7.462238115729912E-4	false	1.0
N1372	favors 1.0	favors 1.0	favors 0.7625534519463995 opposes 0.2367348104509181 __DUMMY__ 7.11737602682557E-4	false	1.0
N957	favors 1.0	favors 1.0	favors 0.7619359245205521 opposes 0.2373403831809983 __DUMMY__ 7.236922984495688E-4	false	1.0
N958	favors 1.0	favors 1.0	favors 0.7749899151290662 opposes 0.22434622382586997 __DUMMY__ 6.638610450637765E-4	false	1.0
N1370	opposes 1.0	opposes 1.0	opposes 0.711739462062652 favors 0.2874943684713105 __DUMMY__ 7.661694660375048E-4	false	1.0
N959	favors 1.0	favors 1.0	favors 0.7579656880956948 opposes 0.24132646068854588 __DUMMY__ 7.078512157594982E-4	false	1.0
N952	favors 1.0	favors 1.0	favors 0.7574830137297853 opposes 0.2417909489691446 __DUMMY__ 7.260373010700858E-4	false	1.0
N1375	favors 1.0	favors 1.0	favors 0.7518094589934047 opposes 0.2475259975932042 __DUMMY__ 6.645434133911078E-4	false	1.0
N1376	opposes 1.0		favors 0.5447045418410412 opposes 0.4467365454774576 __DUMMY__ 0.008558912681501173	true	0.5
N953	opposes 1.0	opposes 1.0	opposes 0.7148256609010871 favors 0.2844559484478519 __DUMMY__ 7.183906510610083E-4	false	1.0
N954	opposes 1.0	opposes 1.0	opposes 0.7184551286854779 favors 0.2809142580202618 __DUMMY__ 6.306132942602884E-4	false	1.0
N1373	favors 1.0	favors 1.0	favors 0.7500031401539646 opposes 0.24930427864453975 __DUMMY__ 6.925812014955669E-4	false	1.0
N955	opposes 1.0	opposes 1.0	opposes 0.6981433696827377 favors 0.301161462875262 __DUMMY__ 6.951674420002937E-4	false	1.0
N1374	favors 1.0	favors 1.0	favors 0.7682459412055824 opposes 0.2310267974712921 __DUMMY__ 7.27261323125497E-4	false	1.0
N1379	favors 1.0	favors 1.0	favors 0.7562073005840805 opposes 0.24306056639061163 __DUMMY__ 7.321330253078368E-4	false	1.0
N1377	opposes 1.0	opposes 1.0	opposes 0.6969651663575748 favors 0.30233797118720135 __DUMMY__ 6.968624552237517E-4	false	1.0
N1378	favors 1.0	favors 1.0	favors 0.75637566730497 opposes 0.24289195504933483 __DUMMY__ 7.323776456951652E-4	false	1.0
N981	opposes 1.0	opposes 1.0	opposes 0.7165479183957257 favors 0.28276627752715355 __DUMMY__ 6.858040771205974E-4	false	1.0
N982	opposes 1.0	opposes 1.0	opposes 0.7093558595038945 favors 0.289977309169186 __DUMMY__ 6.668313269196015E-4	false	1.0
N983	favors 1.0	favors 1.0	favors 0.770635335989749 opposes 0.2287168546351493 __DUMMY__ 6.478093751016418E-4	false	1.0
N500	opposes 1.0	opposes 1.0	opposes 0.7105784658438535 favors 0.288725657684305 __DUMMY__ 6.958764718414324E-4	false	1.0
N984	favors 1.0	favors 1.0	favors 0.7520047053451476 opposes 0.2472965982249272 __DUMMY__ 6.986964299252024E-4	false	1.0
N980	favors 1.0	favors 1.0	favors 0.7599430688048978 opposes 0.23936834330616807 __DUMMY__ 6.885878889340677E-4	false	1.0
N505	favors 1.0	favors 1.0	favors 0.7679706222507657 opposes 0.23135879151438302 __DUMMY__ 6.70586234851157E-4	false	1.0
N989	opposes 1.0	opposes 1.0	opposes 0.7119391402700133 favors 0.287370683700632 __DUMMY__ 6.901760293546843E-4	false	1.0
N1360	opposes 1.0	opposes 1.0	opposes 0.7102477165128719 favors 0.2890466838477949 __DUMMY__ 7.055996393331952E-4	false	1.0
N506	opposes 1.0	opposes 1.0	opposes 0.7145574867119426 favors 0.284734730599511 __DUMMY__ 7.077826885462902E-4	false	1.0
N1361	favors 1.0	favors 1.0	favors 0.7640718562861178 opposes 0.23524136864422862 __DUMMY__ 6.867750696534376E-4	false	1.0
N507	opposes 1.0	opposes 1.0	opposes 0.7148289006192968 favors 0.2844581326013607 __DUMMY__ 7.129667793424461E-4	false	1.0
N508	opposes 1.0	opposes 1.0	opposes 0.7107237888595477 favors 0.28857245836289147 __DUMMY__ 7.037527775609532E-4	false	1.0
N501	opposes 1.0		favors 0.5332353450269759 opposes 0.45831109733098546 __DUMMY__ 0.008453557642038504	true	0.5
N985	opposes 1.0	opposes 1.0	opposes 0.7150995728192918 favors 0.28427878234720205 __DUMMY__ 6.216448335061471E-4	false	1.0
N1364	favors 1.0	favors 1.0	favors 0.7802157022731991 opposes 0.21914351532626866 __DUMMY__ 6.407824005322518E-4	false	1.0
N502	favors 1.0	favors 1.0	favors 0.7649824137900674 opposes 0.23432450256457008 __DUMMY__ 6.930836453626511E-4	false	1.0
N986	opposes 1.0	opposes 1.0	opposes 0.7031818804291047 favors 0.2961555206695363 __DUMMY__ 6.625989013589748E-4	false	1.0
N1365	favors 1.0	favors 1.0	favors 0.754529655433063 opposes 0.2447673707506725 __DUMMY__ 7.029738162644429E-4	false	1.0
N503	opposes 1.0	opposes 1.0	opposes 0.7152740843768715 favors 0.28406010464183234 __DUMMY__ 6.658109812962008E-4	false	1.0
N987	opposes 1.0	opposes 1.0	opposes 0.7138576974869024 favors 0.28552711559829846 __DUMMY__ 6.151869147991125E-4	false	1.0
N1362	favors 1.0	favors 1.0	favors 0.7857848698916304 opposes 0.21359417161777558 __DUMMY__ 6.209584905939865E-4	false	1.0
N1363	opposes 1.0	opposes 1.0	opposes 0.7141299987483065 favors 0.28517478170687066 __DUMMY__ 6.952195448227681E-4	false	1.0
N504	favors 1.0	favors 1.0	favors 0.7595903945153039 opposes 0.23968678194843757 __DUMMY__ 7.228235362585983E-4	false	1.0
N988	favors 1.0	favors 1.0	favors 0.7625366227556892 opposes 0.23679063841573333 __DUMMY__ 6.727388285773926E-4	false	1.0
N1368	opposes 1.0	opposes 1.0	opposes 0.7148572311937708 favors 0.28448872670992487 __DUMMY__ 6.540420963044259E-4	false	1.0
N1369	favors 1.0		favors 0.5495364115569037 opposes 0.44197852300239193 __DUMMY__ 0.008485065440704364	true	1.0
N1366	opposes 1.0	opposes 1.0	opposes 0.7149510218898931 favors 0.2843878294782984 __DUMMY__ 6.611486318084919E-4	false	1.0
N1367	opposes 1.0	opposes 1.0	opposes 0.699066268007308 favors 0.30022695268067867 __DUMMY__ 7.067793120133544E-4	false	1.0
N509	favors 1.0	favors 1.0	favors 0.7703607642381538 opposes 0.2289691393104385 __DUMMY__ 6.700964514076831E-4	false	1.0
N970	favors 1.0	favors 1.0	favors 0.7633395498553018 opposes 0.23597707101874413 __DUMMY__ 6.833791259540012E-4	false	1.0
N971	opposes 1.0	opposes 1.0	opposes 0.7120346318913302 favors 0.28726095412956903 __DUMMY__ 7.044139791008491E-4	false	1.0
N972	favors 1.0	favors 1.0	favors 0.7538604459806779 opposes 0.24543682431872393 __DUMMY__ 7.027297005980874E-4	false	1.0
N973	favors 1.0	favors 1.0	favors 0.761862743680233 opposes 0.23745955764267332 __DUMMY__ 6.776986770937765E-4	false	1.0
N978	opposes 1.0	opposes 1.0	opposes 0.7000538541661138 favors 0.29928272121558763 __DUMMY__ 6.634246182985101E-4	false	1.0
N979	favors 1.0	favors 1.0	favors 0.7567253681627966 opposes 0.2425795220215346 __DUMMY__ 6.951098156689159E-4	false	1.0
N1350	opposes 1.0	opposes 1.0	opposes 0.6996240657188221 favors 0.2996958342830935 __DUMMY__ 6.800999980845661E-4	false	1.0
N1353	opposes 1.0	opposes 1.0	opposes 0.7015798848386146 favors 0.2977413483018592 __DUMMY__ 6.787668595262167E-4	false	1.0
N974	favors 1.0	favors 1.0	favors 0.753502892414701 opposes 0.2458404041382898 __DUMMY__ 6.567034470091404E-4	false	1.0
N975	favors 1.0	favors 1.0	favors 0.7667448714896404 opposes 0.23257213973748084 __DUMMY__ 6.829887728787924E-4	false	1.0
N1354	opposes 1.0	opposes 1.0	opposes 0.7142512206805127 favors 0.2850983213810992 __DUMMY__ 6.504579383881578E-4	false	1.0
N976	favors 1.0	favors 1.0	favors 0.7540687273828597 opposes 0.24529451641007669 __DUMMY__ 6.367562070636457E-4	false	1.0
N1351	favors 1.0	favors 1.0	favors 0.7636271810705417 opposes 0.23564965321481396 __DUMMY__ 7.231657146442679E-4	false	1.0
N977	opposes 1.0	opposes 1.0	opposes 0.7099987649915187 favors 0.28929119655902513 __DUMMY__ 7.10038449456153E-4	false	1.0
N1352	opposes 1.0	opposes 1.0	opposes 0.7108988085271639 favors 0.28839162235454086 __DUMMY__ 7.095691182952496E-4	false	1.0
N1357	favors 1.0	favors 1.0	favors 0.7647746322257242 opposes 0.2345033345064992 __DUMMY__ 7.220332677765489E-4	false	1.0
N1358	favors 1.0	favors 1.0	favors 0.7811283291354071 opposes 0.21821759665726034 __DUMMY__ 6.540742073325391E-4	false	1.0
N1355	favors 1.0	favors 1.0	favors 0.7764426747364273 opposes 0.2228627252795925 __DUMMY__ 6.945999839801574E-4	false	1.0
N1356	opposes 1.0	opposes 1.0	opposes 0.7124565648037672 favors 0.2869169486075374 __DUMMY__ 6.264865886954052E-4	false	1.0
N1359	favors 1.0	favors 1.0	favors 0.7598050969801248 opposes 0.23949650520860957 __DUMMY__ 6.983978112656431E-4	false	1.0
N520	favors 1.0	favors 1.0	favors 0.7617062061261751 opposes 0.237607862019781 __DUMMY__ 6.859318540438574E-4	false	1.0
N521	favors 1.0	favors 1.0	favors 0.7561761727313991 opposes 0.24314215451590318 __DUMMY__ 6.816727526975555E-4	false	1.0
N522	favors 1.0	favors 1.0	favors 0.766786118030655 opposes 0.23252172408634045 __DUMMY__ 6.921578830045027E-4	false	1.0
N527	favors 1.0	favors 1.0	favors 0.7605656469699904 opposes 0.23873908374604308 __DUMMY__ 6.952692839664668E-4	false	1.0
N528	favors 1.0	favors 1.0	favors 0.7723758994403743 opposes 0.22695291658701133 __DUMMY__ 6.711839726142328E-4	false	1.0
N529	opposes 1.0	opposes 1.0	opposes 0.7161985605486546 favors 0.2831065122886501 __DUMMY__ 6.949271626953356E-4	false	1.0
N523	favors 1.0	favors 1.0	favors 0.7556045748836806 opposes 0.24373462939444165 __DUMMY__ 6.607957218777734E-4	false	1.0
N524	opposes 1.0	opposes 1.0	opposes 0.7101534136604883 favors 0.28912977515541965 __DUMMY__ 7.168111840920515E-4	false	1.0
N525	opposes 1.0	opposes 1.0	opposes 0.7004843466396397 favors 0.29884612657231574 __DUMMY__ 6.695267880446294E-4	false	1.0
N526	favors 1.0	favors 1.0	favors 0.7563881858527672 opposes 0.24291511142664649 __DUMMY__ 6.96702720586229E-4	false	1.0
N992	favors 1.0	favors 1.0	favors 0.7522663903870105 opposes 0.2470840320291429 __DUMMY__ 6.495775838466562E-4	false	1.0
N993	favors 1.0	favors 1.0	favors 0.7661580624822845 opposes 0.23317296087637399 __DUMMY__ 6.689766413415411E-4	false	1.0
N510	favors 1.0		favors 0.5306488975436777 opposes 0.4608457682267875 __DUMMY__ 0.008505334229534827	true	1.0
N994	favors 1.0	favors 1.0	favors 0.7535970395447633 opposes 0.2457719419963933 __DUMMY__ 6.310184588433591E-4	false	1.0
N511	favors 1.0	favors 1.0	favors 0.7588530973922146 opposes 0.24047154579595165 __DUMMY__ 6.753568118336707E-4	false	1.0
N995	opposes 1.0	opposes 1.0	opposes 0.7107053708179278 favors 0.28859377268877834 __DUMMY__ 7.00856493293814E-4	false	1.0
N990	favors 1.0	favors 1.0	favors 0.7522282294000936 opposes 0.24708121234002478 __DUMMY__ 6.905582598816159E-4	false	1.0
N991	favors 1.0	favors 1.0	favors 0.7608330721214767 opposes 0.2384999056753818 __DUMMY__ 6.670222031415724E-4	false	1.0
N516	opposes 1.0	opposes 1.0	opposes 0.7114299853585808 favors 0.28791044113411307 __DUMMY__ 6.595735073061517E-4	false	1.0
N517	favors 1.0	favors 1.0	favors 0.763497364380161 opposes 0.2358093129903064 __DUMMY__ 6.933226295324673E-4	false	1.0
N518	opposes 1.0	opposes 1.0	opposes 0.7101083421605763 favors 0.28917818614247 __DUMMY__ 7.134716969536782E-4	false	1.0
N519	favors 1.0	favors 1.0	favors 0.7551493042398103 opposes 0.24414151657824126 __DUMMY__ 7.091791819484715E-4	false	1.0
N512	opposes 1.0	opposes 1.0	opposes 0.702045029311617 favors 0.297288996736159 __DUMMY__ 6.659739522239277E-4	false	1.0
N996	opposes 1.0	opposes 1.0	opposes 0.7001439778311569 favors 0.2992130828841893 __DUMMY__ 6.429392846538138E-4	false	1.0
N513	favors 1.0	favors 1.0	favors 0.7528266029953773 opposes 0.2464600752094352 __DUMMY__ 7.133217951875808E-4	false	1.0
N997	favors 1.0	favors 1.0	favors 0.7550424024261498 opposes 0.24426279466143497 __DUMMY__ 6.948029124152325E-4	false	1.0
N514	opposes 1.0	opposes 1.0	opposes 0.7140214845940559 favors 0.28532036655407406 __DUMMY__ 6.581488518699763E-4	false	1.0
N998	favors 1.0	favors 1.0	favors 0.7589459887611407 opposes 0.2403761715631983 __DUMMY__ 6.778396756610076E-4	false	1.0
N515	opposes 1.0	opposes 1.0	opposes 0.7037930920401946 favors 0.29551710210290427 __DUMMY__ 6.898058569011776E-4	false	1.0
N999	opposes 1.0	opposes 1.0	opposes 0.6979759113570254 favors 0.3013945555174404 __DUMMY__ 6.295331255341603E-4	false	1.0
N541	favors 1.0	favors 1.0	favors 0.7690223198574295 opposes 0.2302941725903965 __DUMMY__ 6.835075521740609E-4	false	1.0
N542	opposes 1.0	opposes 1.0	opposes 0.7137416527664743 favors 0.28560754507885266 __DUMMY__ 6.508021546731429E-4	false	1.0
N543	favors 1.0	favors 1.0	favors 0.7619706625278139 opposes 0.23732667728247162 __DUMMY__ 7.026601897145346E-4	false	1.0
N544	favors 1.0	favors 1.0	favors 0.7726613397831968 opposes 0.22668224413308413 __DUMMY__ 6.564160837190456E-4	false	1.0
N540	opposes 1.0	opposes 1.0	opposes 0.712708453197684 favors 0.286616904239723 __DUMMY__ 6.746425625929496E-4	false	1.0
N549	favors 1.0	favors 1.0	favors 0.7547923953856517 opposes 0.24452100545998331 __DUMMY__ 6.865991543649392E-4	false	1.0
N545	favors 1.0	favors 1.0	favors 0.7583038430589143 opposes 0.2410093309023898 __DUMMY__ 6.86826038695937E-4	false	1.0
N546	opposes 1.0	opposes 1.0	opposes 0.7126452983571641 favors 0.2866678418681446 __DUMMY__ 6.868597746912926E-4	false	1.0
N547	opposes 1.0	opposes 1.0	opposes 0.7080740439933942 favors 0.2912430421259327 __DUMMY__ 6.829138806730301E-4	false	1.0
N548	favors 1.0	favors 1.0	favors 0.7751965939203682 opposes 0.22414492703341998 __DUMMY__ 6.584790462118299E-4	false	1.0
N530	opposes 1.0	opposes 1.0	opposes 0.7102350438457075 favors 0.2890940451246072 __DUMMY__ 6.709110296853867E-4	false	1.0
N531	opposes 1.0	opposes 1.0	opposes 0.6999472332483334 favors 0.2993862202826792 __DUMMY__ 6.665464689874706E-4	false	1.0
N532	opposes 1.0	opposes 1.0	opposes 0.7170907471452366 favors 0.2822096362406318 __DUMMY__ 6.99616614131619E-4	false	1.0
N533	favors 1.0	favors 1.0	favors 0.7560398697121515 opposes 0.24331717372890405 __DUMMY__ 6.429565589443418E-4	false	1.0
N1390	favors 1.0	favors 1.0	favors 0.7630587367314855 opposes 0.2361983826194359 __DUMMY__ 7.428806490786142E-4	false	1.0
N1393	opposes 1.0	opposes 1.0	opposes 0.712458644863504 favors 0.28684297330129277 __DUMMY__ 6.983818352033104E-4	false	1.0
N538	opposes 1.0	opposes 1.0	opposes 0.712681911906893 favors 0.2866224848107115 __DUMMY__ 6.956032823955295E-4	false	1.0
