N1742	opposes 1.0	opposes 1.0	opposes 0.6941384716076675 favors 0.3031620642783486 __DUMMY__ 0.002699464113983946	false	1.0
N1743	opposes 1.0	opposes 1.0	opposes 0.7179350106794026 favors 0.27915109784713554 __DUMMY__ 0.002913891473461905	false	1.0
N1740	favors 1.0	favors 1.0	favors 0.7447111798456126 opposes 0.2525548192725331 __DUMMY__ 0.0027340008818542393	false	1.0
N1741	opposes 1.0	opposes 1.0	opposes 0.7119689869401991 favors 0.28509484960798664 __DUMMY__ 0.0029361634518143107	false	1.0
N1746	opposes 1.0	opposes 1.0	opposes 0.6922681693791976 favors 0.3050187400672156 __DUMMY__ 0.0027130905535869307	false	1.0
N1747	opposes 1.0		favors 0.5149698474472109 opposes 0.4724666961629483 __DUMMY__ 0.012563456389840967	true	0.5
N1744	favors 1.0		favors 0.5218911766540061 opposes 0.46541828352268494 __DUMMY__ 0.01269053982330891	true	1.0
N1745	favors 1.0	favors 1.0	favors 0.7521286676217241 opposes 0.2449012284294479 __DUMMY__ 0.0029701039488280265	false	1.0
N1748	opposes 1.0	opposes 1.0	opposes 0.7132541119296698 favors 0.28399131693949525 __DUMMY__ 0.002754571130834983	false	1.0
N1749	favors 1.0	favors 1.0	favors 0.7728019978641216 opposes 0.22450217455335017 __DUMMY__ 0.002695827582528172	false	1.0
N1731	opposes 1.0	opposes 1.0	opposes 0.7194089791531719 favors 0.277870101929449 __DUMMY__ 0.0027209189173789928	false	1.0
N1732	opposes 1.0	opposes 1.0	opposes 0.7036283972917412 favors 0.29347457990986825 __DUMMY__ 0.0028970227983905307	false	1.0
N1730	favors 1.0	favors 1.0	favors 0.7457892365981441 opposes 0.25137766181612603 __DUMMY__ 0.0028331015857298906	false	1.0
N1735	opposes 1.0	opposes 1.0	opposes 0.7124177258273239 favors 0.2848052488970057 __DUMMY__ 0.002777025275670441	false	1.0
N1736	favors 1.0	favors 1.0	favors 0.7500074161689562 opposes 0.24718824985250498 __DUMMY__ 0.00280433397853879	false	1.0
N1733	opposes 1.0		favors 0.5254679624127714 opposes 0.46230560792590236 __DUMMY__ 0.012226429661326248	true	0.5
N1734	favors 1.0	favors 1.0	favors 0.7581819569998496 opposes 0.23883655020765188 __DUMMY__ 0.002981492792498654	false	1.0
N1739	favors 1.0		favors 0.5578041856668982 opposes 0.42983925081046714 __DUMMY__ 0.012356563522634654	true	1.0
N1737	favors 1.0		favors 0.536667314708642 opposes 0.450586577209698 __DUMMY__ 0.012746108081659942	true	1.0
N1738	opposes 1.0	opposes 1.0	opposes 0.7253255192903532 favors 0.27197036229494903 __DUMMY__ 0.0027041184146977654	false	1.0
N1720	opposes 1.0	opposes 1.0	opposes 0.7199602723054697 favors 0.27728299225914804 __DUMMY__ 0.0027567354353822985	false	1.0
N1721	opposes 1.0	opposes 1.0	opposes 0.7085861692005236 favors 0.2884544000648036 __DUMMY__ 0.0029594307346728238	false	1.0
N1724	favors 1.0	favors 1.0	favors 0.7492144973689019 opposes 0.24778024377840185 __DUMMY__ 0.0030052588526962654	false	1.0
N1725	favors 1.0	favors 1.0	favors 0.7528764610818967 opposes 0.24411619261947962 __DUMMY__ 0.0030073462986237227	false	1.0
N1722	favors 1.0	favors 1.0	favors 0.782233569263512 opposes 0.2150581307462079 __DUMMY__ 0.002708299990280165	false	1.0
N1723	favors 1.0		favors 0.527988426589697 opposes 0.4593448733448028 __DUMMY__ 0.012666700065500166	true	1.0
N1728	opposes 1.0		favors 0.5402526135828444 opposes 0.44760738739973865 __DUMMY__ 0.01213999901741694	true	0.5
N1729	favors 1.0	favors 1.0	favors 0.7817221709070628 opposes 0.21560571469698245 __DUMMY__ 0.0026721143959548494	false	1.0
N1726	favors 1.0	favors 1.0	favors 0.7872061785086053 opposes 0.21014004401171965 __DUMMY__ 0.002653777479675014	false	1.0
N1727	opposes 1.0	opposes 1.0	opposes 0.7229506957448812 favors 0.2741576684788484 __DUMMY__ 0.002891635776270368	false	1.0
N1710	favors 1.0		favors 0.5151528311177184 opposes 0.4723567867315948 __DUMMY__ 0.012490382150686607	true	1.0
N1713	opposes 1.0	opposes 1.0	opposes 0.7139864685256305 favors 0.28322933591179195 __DUMMY__ 0.002784195562577427	false	1.0
N1714	favors 1.0		favors 0.5437483040488084 opposes 0.4434693472099404 __DUMMY__ 0.01278234874125123	true	1.0
N1711	favors 1.0		favors 0.520888639570458 opposes 0.46701329379773543 __DUMMY__ 0.012098066631806532	true	1.0
N1712	favors 1.0	favors 1.0	favors 0.7694902868814991 opposes 0.22760545256234863 __DUMMY__ 0.0029042605561522524	false	1.0
N1717	favors 1.0	favors 1.0	favors 0.7598588222254063 opposes 0.23706538582217687 __DUMMY__ 0.00307579195241678	false	1.0
N1718	opposes 1.0	opposes 1.0	opposes 0.7275619677603306 favors 0.26977783908903624 __DUMMY__ 0.0026601931506332267	false	1.0
N1715	favors 1.0	favors 1.0	favors 0.757212486210875 opposes 0.24005100827904025 __DUMMY__ 0.0027365055100847737	false	1.0
N1716	favors 1.0		favors 0.5278891476816886 opposes 0.4598193330105056 __DUMMY__ 0.012291519307805785	true	1.0
N1719	favors 1.0	favors 1.0	favors 0.7765526635460328 opposes 0.22061587948849995 __DUMMY__ 0.0028314569654671416	false	1.0
N1782	favors 1.0	favors 1.0	favors 0.7499250340940676 opposes 0.24708930992930783 __DUMMY__ 0.002985655976624546	false	1.0
N1783	favors 1.0	favors 1.0	favors 0.7490748913172002 opposes 0.24791302094405374 __DUMMY__ 0.0030120877387461607	false	1.0
N1780	opposes 1.0		favors 0.5359957061792026 opposes 0.45121193377992325 __DUMMY__ 0.01279236004087419	true	0.5
N1781	opposes 1.0	opposes 1.0	opposes 0.6901731333700586 favors 0.30706871147022813 __DUMMY__ 0.0027581551597133146	false	1.0
N1786	opposes 1.0	opposes 1.0	opposes 0.7224011325654597 favors 0.27465128464598143 __DUMMY__ 0.0029475827885588296	false	1.0
N1302	favors 1.0	favors 1.0	favors 0.752668473883796 opposes 0.24430502854353342 __DUMMY__ 0.0030264975726706444	false	1.0
N1303	favors 1.0		favors 0.5828972227392273 opposes 0.4048394502933723 __DUMMY__ 0.012263326967400307	true	1.0
N1787	opposes 1.0	opposes 1.0	opposes 0.7120193555219129 favors 0.2851693377097062 __DUMMY__ 0.002811306768380916	false	1.0
N1300	favors 1.0	favors 1.0	favors 0.7502064856433727 opposes 0.24684110448034655 __DUMMY__ 0.002952409876280847	false	1.0
N1784	favors 1.0		favors 0.5283874926158916 opposes 0.45879277440302996 __DUMMY__ 0.01281973298107842	true	1.0
N1301	opposes 1.0	opposes 1.0	opposes 0.7183407141907135 favors 0.2786782627871119 __DUMMY__ 0.0029810230221746985	false	1.0
N1785	opposes 1.0		favors 0.5825983752388012 opposes 0.40516866136235197 __DUMMY__ 0.012232963398846762	true	0.5
N1306	opposes 1.0	opposes 1.0	opposes 0.6890231085600457 favors 0.3082469788100211 __DUMMY__ 0.002729912629933151	false	1.0
N1307	favors 1.0		favors 0.5159087923504214 opposes 0.47162077386596657 __DUMMY__ 0.012470433783611906	true	1.0
N1304	favors 1.0	favors 1.0	favors 0.7447939544866776 opposes 0.2522717355488656 __DUMMY__ 0.002934309964456793	false	1.0
N1788	favors 1.0		favors 0.5755668964827637 opposes 0.4122160233531064 __DUMMY__ 0.012217080164129819	true	1.0
N1789	opposes 1.0	opposes 1.0	opposes 0.7220036742852681 favors 0.27510763678250677 __DUMMY__ 0.0028886889322251304	false	1.0
N1305	favors 1.0	favors 1.0	favors 0.7554749684607894 opposes 0.2417637125642069 __DUMMY__ 0.002761318975003687	false	1.0
N1308	opposes 1.0	opposes 1.0	opposes 0.7191808782743043 favors 0.27805085192891416 __DUMMY__ 0.002768269796781559	false	1.0
N1309	opposes 1.0	opposes 1.0	opposes 0.7008358855596374 favors 0.29621039694972484 __DUMMY__ 0.002953717490637824	false	1.0
N1771	favors 1.0	favors 1.0	favors 0.7671497684287913 opposes 0.22987455766364803 __DUMMY__ 0.0029756739075605695	false	1.0
N1772	opposes 1.0		favors 0.5263579232079141 opposes 0.46133499255449695 __DUMMY__ 0.01230708423758908	true	0.5
N1770	opposes 1.0		favors 0.5220622267062824 opposes 0.4656271610154412 __DUMMY__ 0.012310612278276291	true	0.5
N1775	favors 1.0	favors 1.0	favors 0.750248405288109 opposes 0.24688812587367023 __DUMMY__ 0.002863468838220724	false	1.0
N1776	favors 1.0		favors 0.5381066675791686 opposes 0.44898246831477556 __DUMMY__ 0.012910864106055818	true	1.0
N1773	favors 1.0		favors 0.5392585791072909 opposes 0.447870024261211 __DUMMY__ 0.012871396631498146	true	1.0
N1774	opposes 1.0	opposes 1.0	opposes 0.7110954603192104 favors 0.2860718296913629 __DUMMY__ 0.0028327099894266414	false	1.0
N1779	favors 1.0		favors 0.5151915434019746 opposes 0.4725418443213301 __DUMMY__ 0.012266612276695297	true	1.0
N1777	favors 1.0	favors 1.0	favors 0.736774129022768 opposes 0.2604941023072807 __DUMMY__ 0.0027317686699513907	false	1.0
N1778	favors 1.0	favors 1.0	favors 0.7705373544234835 opposes 0.22660176085453468 __DUMMY__ 0.002860884721981895	false	1.0
N901	favors 1.0	favors 1.0	favors 0.7489658615922591 opposes 0.24804773495299104 __DUMMY__ 0.0029864034547497907	false	1.0
N902	favors 1.0		favors 0.5287014784627369 opposes 0.4585544153252819 __DUMMY__ 0.012744106211981231	true	1.0
N903	opposes 1.0	opposes 1.0	opposes 0.6898568070568298 favors 0.3074536040836195 __DUMMY__ 0.002689588859550741	false	1.0
N904	opposes 1.0		favors 0.5142012636228762 opposes 0.4732390799657333 __DUMMY__ 0.012559656411390426	true	0.5
N1760	opposes 1.0	opposes 1.0	opposes 0.7112909857159967 favors 0.28575176632142607 __DUMMY__ 0.002957247962577225	false	1.0
N1761	opposes 1.0	opposes 1.0	opposes 0.6908628332012315 favors 0.3064192249360451 __DUMMY__ 0.0027179418627233287	false	1.0
N900	favors 1.0	favors 1.0	favors 0.7501406719582687 opposes 0.24690804676849687 __DUMMY__ 0.002951281273234519	false	1.0
N909	favors 1.0		favors 0.5503406616228126 opposes 0.4370687258542286 __DUMMY__ 0.012590612522958757	true	1.0
N1764	favors 1.0	favors 1.0	favors 0.7517309910027427 opposes 0.2452605852696594 __DUMMY__ 0.003008423727597908	false	1.0
N1765	opposes 1.0	opposes 1.0	opposes 0.685860883374841 favors 0.31142521862244466 __DUMMY__ 0.0027138980027143424	false	1.0
N1762	favors 1.0	favors 1.0	favors 0.7498002221418919 opposes 0.2472598647056615 __DUMMY__ 0.0029399131524465807	false	1.0
N1763	opposes 1.0		favors 0.5220891045831748 opposes 0.4651989860583872 __DUMMY__ 0.012711909358437844	true	0.5
N1768	favors 1.0		favors 0.5750188465245761 opposes 0.4128465411422033 __DUMMY__ 0.0121346123332204	true	1.0
N905	opposes 1.0	opposes 1.0	opposes 0.712901048990471 favors 0.2843313621382864 __DUMMY__ 0.0027675888712426757	false	1.0
N906	favors 1.0	favors 1.0	favors 0.7735171939692341 opposes 0.22379832740003666 __DUMMY__ 0.002684478630729255	false	1.0
N1769	opposes 1.0	opposes 1.0	opposes 0.722300288194223 favors 0.27485502379414184 __DUMMY__ 0.002844688011635247	false	1.0
N1766	opposes 1.0	opposes 1.0	opposes 0.7222441637407768 favors 0.27484725726868386 __DUMMY__ 0.002908578990539398	false	1.0
N907	opposes 1.0		favors 0.5154559871574587 opposes 0.47205661969822665 __DUMMY__ 0.012487393144314716	true	0.5
N908	opposes 1.0		favors 0.5181320361141988 opposes 0.4696836088166942 __DUMMY__ 0.01218435506910718	true	0.5
N1767	opposes 1.0	opposes 1.0	opposes 0.7110405007426439 favors 0.28620390985376726 __DUMMY__ 0.0027555894035887953	false	1.0
N1750	opposes 1.0	opposes 1.0	opposes 0.7220302558707399 favors 0.27512905593883247 __DUMMY__ 0.0028406881904276173	false	1.0
N1753	favors 1.0	favors 1.0	favors 0.7575013462973508 opposes 0.23948141739296924 __DUMMY__ 0.0030172363096799097	false	1.0
N1754	opposes 1.0	opposes 1.0	opposes 0.7120415348596278 favors 0.28516983500918514 __DUMMY__ 0.002788630131187123	false	1.0
N1751	opposes 1.0	opposes 1.0	opposes 0.7181011287681188 favors 0.27915764164986084 __DUMMY__ 0.0027412295820203937	false	1.0
N1752	opposes 1.0		favors 0.5256863448946197 opposes 0.46203013554733835 __DUMMY__ 0.01228351955804184	true	0.5
N1757	favors 1.0	favors 1.0	favors 0.7369166239631241 opposes 0.26038001681223205 __DUMMY__ 0.0027033592246437955	false	1.0
N1758	favors 1.0		favors 0.5621541682477055 opposes 0.42546094234434056 __DUMMY__ 0.01238488940795395	true	1.0
N1755	favors 1.0		favors 0.5251280108072607 opposes 0.46249627372720553 __DUMMY__ 0.012375715465533716	true	1.0
N1756	favors 1.0	favors 1.0	favors 0.7574914393928284 opposes 0.23948286551724277 __DUMMY__ 0.003025695089928901	false	1.0
N1759	favors 1.0	favors 1.0	favors 0.7440969553816975 opposes 0.2531360405404766 __DUMMY__ 0.0027670040778258894	false	1.0
N923	favors 1.0	favors 1.0	favors 0.776743796677205 opposes 0.22055888223855516 __DUMMY__ 0.0026973210842399288	false	1.0
N924	opposes 1.0	opposes 1.0	opposes 0.7235692859824521 favors 0.2735403523022162 __DUMMY__ 0.0028903617153317705	false	1.0
N925	opposes 1.0	opposes 1.0	opposes 0.7131027458443261 favors 0.28414971671298894 __DUMMY__ 0.0027475374426848558	false	1.0
N926	favors 1.0		favors 0.5691055721102861 opposes 0.4187453054172585 __DUMMY__ 0.012149122472455521	true	1.0
N1342	favors 1.0	favors 1.0	favors 0.7547679339320338 opposes 0.24223879300153728 __DUMMY__ 0.002993273066429008	false	1.0
N1343	favors 1.0	favors 1.0	favors 0.7798700337075875 opposes 0.2173922622253144 __DUMMY__ 0.0027377040670981305	false	1.0
N920	favors 1.0	favors 1.0	favors 0.7495242229310362 opposes 0.2475471091698855 __DUMMY__ 0.0029286678990782865	false	1.0
N921	favors 1.0	favors 1.0	favors 0.7487008674156594 opposes 0.24833503045918193 __DUMMY__ 0.0029641021251586293	false	1.0
N1340	favors 1.0	favors 1.0	favors 0.7515317506867897 opposes 0.2455192493517518 __DUMMY__ 0.002948999961458483	false	1.0
N1341	favors 1.0	favors 1.0	favors 0.7498502415455014 opposes 0.24716703501211212 __DUMMY__ 0.0029827234423864682	false	1.0
N922	favors 1.0		favors 0.5262033519574396 opposes 0.461053439661337 __DUMMY__ 0.012743208381223378	true	1.0
N1346	favors 1.0	favors 1.0	favors 0.7765669873700447 opposes 0.22072097067198473 __DUMMY__ 0.0027120419579705493	false	1.0
N1347	opposes 1.0	opposes 1.0	opposes 0.7204335759154433 favors 0.27669610652522386 __DUMMY__ 0.0028703175593328264	false	1.0
N1344	opposes 1.0	opposes 1.0	opposes 0.720616572934322 favors 0.27646713829862446 __DUMMY__ 0.0029162887670535925	false	1.0
N1345	opposes 1.0	opposes 1.0	opposes 0.7104961193563569 favors 0.28673827768092813 __DUMMY__ 0.0027656029627148777	false	1.0
N927	opposes 1.0		favors 0.5148248800030896 opposes 0.4727429381908144 __DUMMY__ 0.012432181806095887	true	0.5
N928	favors 1.0	favors 1.0	favors 0.7492388434957801 opposes 0.2480111886286346 __DUMMY__ 0.0027499678755854616	false	1.0
N929	favors 1.0	favors 1.0	favors 0.7668801909568096 opposes 0.2301947482370219 __DUMMY__ 0.002925060806168512	false	1.0
N1348	favors 1.0	favors 1.0	favors 0.7696813698380559 opposes 0.22741191122529802 __DUMMY__ 0.002906718936646023	false	1.0
N1349	favors 1.0		favors 0.5277036791005155 opposes 0.4601064926968293 __DUMMY__ 0.012189828202655215	true	1.0
N912	opposes 1.0	opposes 1.0	opposes 0.7138068882389135 favors 0.28341047147851695 __DUMMY__ 0.0027826402825696303	false	1.0
N913	favors 1.0	favors 1.0	favors 0.7493187842994403 opposes 0.2478843075533654 __DUMMY__ 0.0027969081471942553	false	1.0
N914	favors 1.0	favors 1.0	favors 0.7558537238707972 opposes 0.24113943121284484 __DUMMY__ 0.003006844916358051	false	1.0
N915	favors 1.0	favors 1.0	favors 0.7373753506316968 opposes 0.2599245809371333 __DUMMY__ 0.0027000684311699512	false	1.0
N1331	favors 1.0	favors 1.0	favors 0.760837758854673 opposes 0.23615886946170078 __DUMMY__ 0.0030033716836261708	false	1.0
N1332	favors 1.0		favors 0.5425156735195942 opposes 0.44511876602649214 __DUMMY__ 0.012365560453913682	true	1.0
N910	opposes 1.0	opposes 1.0	opposes 0.7171677951337906 favors 0.2800768613993292 __DUMMY__ 0.0027553434668802987	false	1.0
N1330	opposes 1.0	opposes 1.0	opposes 0.7128007143760559 favors 0.2844217359825768 __DUMMY__ 0.002777549641367385	false	1.0
N911	favors 1.0		favors 0.5371112937391774 opposes 0.45009325497472147 __DUMMY__ 0.012795451286101024	true	1.0
N1335	opposes 1.0		favors 0.5164440245253761 opposes 0.4713168760017362 __DUMMY__ 0.01223909947288768	true	0.5
N1336	favors 1.0		favors 0.5651011566135993 opposes 0.42250955990884015 __DUMMY__ 0.01238928347756066	true	1.0
N1333	favors 1.0	favors 1.0	favors 0.7520436136898515 opposes 0.24512487204474062 __DUMMY__ 0.0028315142654078695	false	1.0
N1334	favors 1.0	favors 1.0	favors 0.7591802573229375 opposes 0.23780176652815838 __DUMMY__ 0.0030179761489041064	false	1.0
N1339	opposes 1.0	opposes 1.0	opposes 0.6900527375062321 favors 0.30723468887635785 __DUMMY__ 0.0027125736174099377	false	1.0
N916	favors 1.0	favors 1.0	favors 0.768275197497867 opposes 0.22893484416955354 __DUMMY__ 0.002789958332579425	false	1.0
N917	favors 1.0	favors 1.0	favors 0.7432832187948936 opposes 0.25397754088021995 __DUMMY__ 0.002739240324886472	false	1.0
N1337	favors 1.0		favors 0.5210318039249134 opposes 0.4667456072639485 __DUMMY__ 0.012222588811138031	true	1.0
N918	opposes 1.0		favors 0.534309369617166 opposes 0.45299882427857674 __DUMMY__ 0.01269180610425736	true	0.5
N1338	opposes 1.0		favors 0.5394473411535056 opposes 0.44780545587211795 __DUMMY__ 0.012747202974376492	true	0.5
N919	opposes 1.0	opposes 1.0	opposes 0.6929212049288487 favors 0.3043638343712506 __DUMMY__ 0.0027149606999007253	false	1.0
N940	opposes 1.0		favors 0.5254312740409969 opposes 0.46187105597760575 __DUMMY__ 0.012697669981397278	true	0.5
N945	favors 1.0		favors 0.5317746252336194 opposes 0.4559333081890473 __DUMMY__ 0.012292066577333366	true	1.0
N946	opposes 1.0	opposes 1.0	opposes 0.6903476089738013 favors 0.30695446445300845 __DUMMY__ 0.002697926573190225	false	1.0
N947	favors 1.0	favors 1.0	favors 0.7459659950665425 opposes 0.25115326464688376 __DUMMY__ 0.0028807402865736573	false	1.0
N948	opposes 1.0	opposes 1.0	opposes 0.7199479735803213 favors 0.2773730518969057 __DUMMY__ 0.002678974522773121	false	1.0
N941	opposes 1.0		favors 0.5226944726492656 opposes 0.4645643042709633 __DUMMY__ 0.012741223079771147	true	0.5
N1320	opposes 1.0	opposes 1.0	opposes 0.7180013589181335 favors 0.279022629541648 __DUMMY__ 0.002976011540218382	false	1.0
N1321	favors 1.0	favors 1.0	favors 0.7484497765143932 opposes 0.24854708122247762 __DUMMY__ 0.0030031422631291876	false	1.0
N942	opposes 1.0	opposes 1.0	opposes 0.713423496862652 favors 0.28358355597275847 __DUMMY__ 0.0029929471645894472	false	1.0
N943	favors 1.0		favors 0.5800733779133443 opposes 0.40769986820611376 __DUMMY__ 0.012226753880541754	true	1.0
N944	favors 1.0	favors 1.0	favors 0.7458725665874842 opposes 0.2512161339823507 __DUMMY__ 0.002911299430164991	false	1.0
N1324	opposes 1.0	opposes 1.0	opposes 0.7236905962519007 favors 0.2733637886912718 __DUMMY__ 0.0029456150568274468	false	1.0
N1325	opposes 1.0	opposes 1.0	opposes 0.7121119111488003 favors 0.285110867248019 __DUMMY__ 0.0027772216031806893	false	1.0
N1322	favors 1.0		favors 0.5281243914305949 opposes 0.45909021321174714 __DUMMY__ 0.012785395357657922	true	1.0
N1323	favors 1.0	favors 1.0	favors 0.7801432837552409 opposes 0.2171248526184465 __DUMMY__ 0.0027318636263125072	false	1.0
N1328	opposes 1.0	opposes 1.0	opposes 0.715940036343772 favors 0.2813054844916132 __DUMMY__ 0.002754479164614738	false	1.0
N949	favors 1.0	favors 1.0	favors 0.7672647999941061 opposes 0.22984591110391298 __DUMMY__ 0.0028892889019809633	false	1.0
N1329	favors 1.0	favors 1.0	favors 0.7675945729755232 opposes 0.2294694834376522 __DUMMY__ 0.0029359435868245884	false	1.0
N1326	favors 1.0	favors 1.0	favors 0.7760538962108985 opposes 0.22122155226809512 __DUMMY__ 0.0027245515210063266	false	1.0
N1327	opposes 1.0	opposes 1.0	opposes 0.7220959273427079 favors 0.27502160642933954 __DUMMY__ 0.0028824662279525533	false	1.0
N934	opposes 1.0	opposes 1.0	opposes 0.7092627263926988 favors 0.2877090546985035 __DUMMY__ 0.003028218908797618	false	1.0
N935	opposes 1.0	opposes 1.0	opposes 0.7232198282580448 favors 0.2740527882103085 __DUMMY__ 0.0027273835316467274	false	1.0
N1790	favors 1.0	favors 1.0	favors 0.7490225282788204 opposes 0.24821266290302807 __DUMMY__ 0.002764808818151545	false	1.0
N936	opposes 1.0		favors 0.5639502730765179 opposes 0.42365490454674626 __DUMMY__ 0.01239482237673572	true	0.5
N937	opposes 1.0	opposes 1.0	opposes 0.7204673797660001 favors 0.2767854548830624 __DUMMY__ 0.0027471653509375115	false	1.0
N930	favors 1.0	favors 1.0	favors 0.7517852514649128 opposes 0.2454485389232458 __DUMMY__ 0.00276620961184138	false	1.0
N1793	opposes 1.0	opposes 1.0	opposes 0.7088515466149492 favors 0.288133757132401 __DUMMY__ 0.003014696252649802	false	1.0
N931	opposes 1.0		favors 0.5432189074515227 opposes 0.44397405326416234 __DUMMY__ 0.012807039284314892	true	0.5
N1310	opposes 1.0		favors 0.5255896836818453 opposes 0.46213214157582416 __DUMMY__ 0.012278174742330492	true	0.5
N1794	favors 1.0	favors 1.0	favors 0.7564386094155189 opposes 0.24075883813811733 __DUMMY__ 0.0028025524463638676	false	1.0
N932	favors 1.0	favors 1.0	favors 0.7579617732930984 opposes 0.2392555225863131 __DUMMY__ 0.0027827041205883926	false	1.0
N1791	favors 1.0	favors 1.0	favors 0.7674203315436263 opposes 0.22965136025590527 __DUMMY__ 0.0029283082004684935	false	1.0
N1792	favors 1.0	favors 1.0	favors 0.750577028986525 opposes 0.24661946383383948 __DUMMY__ 0.0028035071796355584	false	1.0
N933	opposes 1.0	opposes 1.0	opposes 0.7152315435293327 favors 0.2819383475790634 __DUMMY__ 0.002830108891603904	false	1.0
N1797	opposes 1.0	opposes 1.0	opposes 0.7259782318945525 favors 0.27128906169075256 __DUMMY__ 0.0027327064146949478	false	1.0
N1313	favors 1.0	favors 1.0	favors 0.7498367265096206 opposes 0.24731984116800507 __DUMMY__ 0.002843432322374282	false	1.0
N1314	favors 1.0		favors 0.5369586796200642 opposes 0.450151260932051 __DUMMY__ 0.012890059447884916	true	1.0
N1798	favors 1.0	favors 1.0	favors 0.7706827107674374 opposes 0.22650789049645917 __DUMMY__ 0.0028093987361034346	false	1.0
N1311	favors 1.0	favors 1.0	favors 0.758122986660331 opposes 0.23883553748748163 __DUMMY__ 0.003041475852187398	false	1.0
N1795	opposes 1.0	opposes 1.0	opposes 0.7156421435837712 favors 0.28153830713602057 __DUMMY__ 0.002819549280208107	false	1.0
N1312	opposes 1.0	opposes 1.0	opposes 0.7118453936032886 favors 0.2853290236967726 __DUMMY__ 0.0028255826999389324	false	1.0
N1796	opposes 1.0	opposes 1.0	opposes 0.7094257231161911 favors 0.2875591889915408 __DUMMY__ 0.003015087892268013	false	1.0
N1317	favors 1.0		favors 0.5140037619456326 opposes 0.47377537854015633 __DUMMY__ 0.012220859514211129	true	1.0
N938	favors 1.0	favors 1.0	favors 0.7574693799584332 opposes 0.23955950775743237 __DUMMY__ 0.00297111228413437	false	1.0
N939	favors 1.0	favors 1.0	favors 0.7771053001071658 opposes 0.2201754156866291 __DUMMY__ 0.002719284206205096	false	1.0
N1318	opposes 1.0		favors 0.5359522016610244 opposes 0.45128794402261574 __DUMMY__ 0.012759854316359722	true	0.5
N1315	favors 1.0	favors 1.0	favors 0.737437693224889 opposes 0.25983191842352005 __DUMMY__ 0.002730388351590994	false	1.0
N1799	opposes 1.0		favors 0.5156982692438932 opposes 0.4720645437354552 __DUMMY__ 0.0122371870206517	true	0.5
N1316	favors 1.0	favors 1.0	favors 0.7706046859921398 opposes 0.22658177064713322 __DUMMY__ 0.002813543360726924	false	1.0
N1319	favors 1.0	favors 1.0	favors 0.7767728780999613 opposes 0.2205045224960248 __DUMMY__ 0.002722599404013937	false	1.0
N960	opposes 1.0	opposes 1.0	opposes 0.7184141836672673 favors 0.27860329306018883 __DUMMY__ 0.002982523272543814	false	1.0
N961	opposes 1.0	opposes 1.0	opposes 0.7142602244616699 favors 0.2827451432907906 __DUMMY__ 0.0029946322475395393	false	1.0
N962	favors 1.0	favors 1.0	favors 0.7826295518199533 opposes 0.21472923576846842 __DUMMY__ 0.0026412124115782914	false	1.0
N967	opposes 1.0	opposes 1.0	opposes 0.7188793913872209 favors 0.2783947527764592 __DUMMY__ 0.0027258558363198997	false	1.0
N1382	opposes 1.0	opposes 1.0	opposes 0.723840812685915 favors 0.2732320360705995 __DUMMY__ 0.002927151243485463	false	1.0
N968	favors 1.0	favors 1.0	favors 0.764825530468716 opposes 0.23227668952047922 __DUMMY__ 0.0028977800108047087	false	1.0
N1383	opposes 1.0	opposes 1.0	opposes 0.7120765057797104 favors 0.28516097313719574 __DUMMY__ 0.002762521083093886	false	1.0
N969	opposes 1.0	opposes 1.0	opposes 0.7160007807868639 favors 0.28125462641182836 __DUMMY__ 0.0027445928013076193	false	1.0
N1380	favors 1.0	favors 1.0	favors 0.7513457969478352 opposes 0.24563752401545247 __DUMMY__ 0.0030166790367122296	false	1.0
N1381	favors 1.0	favors 1.0	favors 0.7806054605961843 opposes 0.21666749436548632 __DUMMY__ 0.0027270450383292803	false	1.0
N963	favors 1.0		favors 0.5126220764404577 opposes 0.4748956227148406 __DUMMY__ 0.012482300844701748	true	1.0
N1386	favors 1.0		favors 0.5253624271998147 opposes 0.462311610477325 __DUMMY__ 0.012325962322860267	true	1.0
N1387	favors 1.0	favors 1.0	favors 0.7676868505652071 opposes 0.22937013424698183 __DUMMY__ 0.002943015187810964	false	1.0
N964	favors 1.0	favors 1.0	favors 0.754451732412451 opposes 0.24283184857499895 __DUMMY__ 0.002716419012550069	false	1.0
N1384	favors 1.0	favors 1.0	favors 0.7768320179537762 opposes 0.22045431909256707 __DUMMY__ 0.002713662953656778	false	1.0
N965	opposes 1.0	opposes 1.0	opposes 0.6874417607189773 favors 0.30991505734994856 __DUMMY__ 0.0026431819310741285	false	1.0
N966	favors 1.0	favors 1.0	favors 0.7444605883043506 opposes 0.2527080986492013 __DUMMY__ 0.0028313130464481147	false	1.0
N1385	opposes 1.0	opposes 1.0	opposes 0.723470859662617 favors 0.27366685203323665 __DUMMY__ 0.0028622883041463615	false	1.0
N1388	favors 1.0	favors 1.0	favors 0.7528882663545519 opposes 0.24432644962922878 __DUMMY__ 0.002785284016219331	false	1.0
N1389	opposes 1.0		favors 0.5440081922164388 opposes 0.44319276573167626 __DUMMY__ 0.01279904205188496	true	0.5
N950	favors 1.0	favors 1.0	favors 0.748493582617417 opposes 0.24875920503051896 __DUMMY__ 0.00274721235206394	false	1.0
N951	opposes 1.0	opposes 1.0	opposes 0.708458895654628 favors 0.2885313582485515 __DUMMY__ 0.0030097460968204043	false	1.0
N956	opposes 1.0		favors 0.5129454414782051 opposes 0.4749280951838776 __DUMMY__ 0.012126463337917396	true	0.5
N1371	opposes 1.0	opposes 1.0	opposes 0.7182794803262319 favors 0.27889746056721765 __DUMMY__ 0.002823059106550474	false	1.0
N1372	favors 1.0		favors 0.5358779021875788 opposes 0.4512879498090425 __DUMMY__ 0.012834148003378797	true	1.0
N957	favors 1.0	favors 1.0	favors 0.7571843147410493 opposes 0.2398723066684569 __DUMMY__ 0.0029433785904936483	false	1.0
N958	favors 1.0	favors 1.0	favors 0.7786911400856402 opposes 0.21861929259236856 __DUMMY__ 0.0026895673219912704	false	1.0
N1370	opposes 1.0	opposes 1.0	opposes 0.7124068950473192 favors 0.2847833146228703 __DUMMY__ 0.0028097903298104705	false	1.0
N959	favors 1.0	favors 1.0	favors 0.7501594574536818 opposes 0.24688852697220212 __DUMMY__ 0.0029520155741160187	false	1.0
N952	favors 1.0	favors 1.0	favors 0.7542118798107935 opposes 0.243063286724935 __DUMMY__ 0.0027248334642715386	false	1.0
N1375	favors 1.0	favors 1.0	favors 0.7430179354805403 opposes 0.2542159494804344 __DUMMY__ 0.0027661150390253368	false	1.0
N1376	opposes 1.0		favors 0.5351798907337908 opposes 0.4520950091511768 __DUMMY__ 0.012725100115032527	true	0.5
N953	opposes 1.0	opposes 1.0	opposes 0.7163848586464243 favors 0.2808247632206067 __DUMMY__ 0.0027903781329689775	false	1.0
N954	opposes 1.0	opposes 1.0	opposes 0.7298481442635135 favors 0.26752621006103644 __DUMMY__ 0.0026256456754500676	false	1.0
N1373	favors 1.0	favors 1.0	favors 0.736292113687164 opposes 0.2610035281887258 __DUMMY__ 0.0027043581241102403	false	1.0
N955	opposes 1.0	opposes 1.0	opposes 0.6939880687232748 favors 0.30321980111060093 __DUMMY__ 0.002792130166124288	false	1.0
N1374	favors 1.0		favors 0.5622578956231873 opposes 0.42535996513398333 __DUMMY__ 0.012382139242829276	true	1.0
N1379	favors 1.0		favors 0.5201786700328498 opposes 0.4670931706164677 __DUMMY__ 0.012728159350682531	true	1.0
N1377	opposes 1.0	opposes 1.0	opposes 0.6901387535670684 favors 0.30714904322610265 __DUMMY__ 0.002712203206828882	false	1.0
N1378	favors 1.0	favors 1.0	favors 0.7487401249439164 opposes 0.2483026623788406 __DUMMY__ 0.0029572126772430666	false	1.0
N981	opposes 1.0	opposes 1.0	opposes 0.7231846121308568 favors 0.27392936623974706 __DUMMY__ 0.0028860216293960443	false	1.0
N982	opposes 1.0	opposes 1.0	opposes 0.71280712032274 favors 0.2844521655714491 __DUMMY__ 0.00274071410581096	false	1.0
N983	favors 1.0	favors 1.0	favors 0.7742613300719355 opposes 0.2230504259346711 __DUMMY__ 0.0026882439933933705	false	1.0
N500	opposes 1.0	opposes 1.0	opposes 0.7111252159152709 favors 0.28586520813895866 __DUMMY__ 0.0030095759457703657	false	1.0
N984	favors 1.0		favors 0.513253116390856 opposes 0.4743121027289107 __DUMMY__ 0.01243478088023334	true	1.0
N980	favors 1.0	favors 1.0	favors 0.751423000172088 opposes 0.2455984951029875 __DUMMY__ 0.0029785047249244476	false	1.0
N505	favors 1.0	favors 1.0	favors 0.7742982997066069 opposes 0.22297364144384405 __DUMMY__ 0.0027280588495490316	false	1.0
N989	opposes 1.0	opposes 1.0	opposes 0.7120311229350765 favors 0.28517966781507276 __DUMMY__ 0.002789209249850694	false	1.0
N1360	opposes 1.0	opposes 1.0	opposes 0.717675257692515 favors 0.27933954705762604 __DUMMY__ 0.002985195249859017	false	1.0
N506	opposes 1.0	opposes 1.0	opposes 0.7177111927373311 favors 0.27933810848142404 __DUMMY__ 0.002950698781244854	false	1.0
N1361	favors 1.0	favors 1.0	favors 0.7531750163438462 opposes 0.24383163373460176 __DUMMY__ 0.0029933499215520696	false	1.0
N507	opposes 1.0		favors 0.5217209698028165 opposes 0.4655336060285327 __DUMMY__ 0.012745424168650757	true	0.5
N508	opposes 1.0		favors 0.5309323609637835 opposes 0.4563374531232223 __DUMMY__ 0.012730185912994144	true	0.5
N501	opposes 1.0		favors 0.5148983666430338 opposes 0.4728420739734995 __DUMMY__ 0.012259559383466692	true	0.5
N985	opposes 1.0	opposes 1.0	opposes 0.7183658567680256 favors 0.2789245798547367 __DUMMY__ 0.002709563377237752	false	1.0
N1364	favors 1.0	favors 1.0	favors 0.7818431403829696 opposes 0.2155090486435056 __DUMMY__ 0.0026478109735248077	false	1.0
N502	favors 1.0	favors 1.0	favors 0.7687818725269946 opposes 0.22841520410224533 __DUMMY__ 0.002802923370760073	false	1.0
N986	opposes 1.0	opposes 1.0	opposes 0.7025394550222774 favors 0.29456192268624654 __DUMMY__ 0.0028986222914759744	false	1.0
N1365	favors 1.0	favors 1.0	favors 0.7452565031323448 opposes 0.2519109931088071 __DUMMY__ 0.002832503758848211	false	1.0
N503	opposes 1.0	opposes 1.0	opposes 0.719643524458479 favors 0.2776028109359615 __DUMMY__ 0.0027536646055594458	false	1.0
N987	opposes 1.0		favors 0.5266605164770573 opposes 0.46112807734801226 __DUMMY__ 0.012211406174930618	true	0.5
N1362	favors 1.0	favors 1.0	favors 0.7868476232550579 opposes 0.21050427808025224 __DUMMY__ 0.002648098664689911	false	1.0
N1363	opposes 1.0	opposes 1.0	opposes 0.723005564332966 favors 0.2740985181425493 __DUMMY__ 0.002895917524484703	false	1.0
N504	favors 1.0		favors 0.5358471462868818 opposes 0.45139369276115643 __DUMMY__ 0.012759160951961784	true	1.0
N988	favors 1.0	favors 1.0	favors 0.7572299191478641 opposes 0.239784733357586 __DUMMY__ 0.0029853474945499515	false	1.0
N1368	opposes 1.0	opposes 1.0	opposes 0.7164051798495227 favors 0.2808037559077738 __DUMMY__ 0.0027910642427035337	false	1.0
N1369	favors 1.0		favors 0.5378435500797369 opposes 0.449341489830661 __DUMMY__ 0.012814960089602022	true	1.0
N1366	opposes 1.0		favors 0.5188489241272952 opposes 0.46889492668434457 __DUMMY__ 0.012256149188360268	true	0.5
N1367	opposes 1.0	opposes 1.0	opposes 0.700953549629296 favors 0.29610881657326277 __DUMMY__ 0.0029376337974412166	false	1.0
N509	favors 1.0	favors 1.0	favors 0.7765445186003809 opposes 0.2207073645976428 __DUMMY__ 0.0027481168019762494	false	1.0
N970	favors 1.0		favors 0.5372373926293549 opposes 0.45000578972813937 __DUMMY__ 0.012756817642505735	true	1.0
N971	opposes 1.0	opposes 1.0	opposes 0.7128499147386587 favors 0.2843780017164355 __DUMMY__ 0.0027720835449058325	false	1.0
N972	favors 1.0	favors 1.0	favors 0.7492977785281258 opposes 0.24791037034827024 __DUMMY__ 0.0027918511236039393	false	1.0
N973	favors 1.0	favors 1.0	favors 0.7561851135223697 opposes 0.24083516769574143 __DUMMY__ 0.002979718781888904	false	1.0
N978	opposes 1.0	opposes 1.0	opposes 0.6933312048076111 favors 0.303965557656767 __DUMMY__ 0.002703237535621785	false	1.0
N979	favors 1.0	favors 1.0	favors 0.7493293284093977 opposes 0.2477513875356237 __DUMMY__ 0.002919284054978644	false	1.0
N1350	opposes 1.0		favors 0.5436828286976545 opposes 0.44354867424470257 __DUMMY__ 0.012768497057642908	true	0.5
N974	favors 1.0		favors 0.5073416963772076 opposes 0.4805428110163024 __DUMMY__ 0.012115492606490108	true	1.0
N1353	opposes 1.0	opposes 1.0	opposes 0.7074205883693242 favors 0.28952250134516355 __DUMMY__ 0.003056910285512194	false	1.0
N975	favors 1.0		favors 0.5585979535663045 opposes 0.4290427273277873 __DUMMY__ 0.012359319105908127	true	1.0
N1354	opposes 1.0	opposes 1.0	opposes 0.7275809751494129 favors 0.26975817759712023 __DUMMY__ 0.0026608472534669064	false	1.0
N976	favors 1.0	favors 1.0	favors 0.7444396856570663 opposes 0.2528350275659594 __DUMMY__ 0.00272528677697425	false	1.0
N1351	favors 1.0	favors 1.0	favors 0.7575958819143626 opposes 0.23964772208233606 __DUMMY__ 0.0027563960033014164	false	1.0
N977	opposes 1.0	opposes 1.0	opposes 0.7123048255647747 favors 0.2847571734842196 __DUMMY__ 0.002938000951005674	false	1.0
N1352	opposes 1.0	opposes 1.0	opposes 0.7152897749787471 favors 0.2819084394835648 __DUMMY__ 0.002801785537688074	false	1.0
N1357	favors 1.0	favors 1.0	favors 0.7583625118529888 opposes 0.2386856594646211 __DUMMY__ 0.00295182868239016	false	1.0
N1358	favors 1.0	favors 1.0	favors 0.7816573576970475 opposes 0.21565180905511952 __DUMMY__ 0.0026908332478329106	false	1.0
N1355	favors 1.0	favors 1.0	favors 0.7755109335681435 opposes 0.221683967259848 __DUMMY__ 0.002805099172008514	false	1.0
N1356	opposes 1.0		favors 0.5151356211729227 opposes 0.4727101867518444 __DUMMY__ 0.012154192075232986	true	0.5
N1359	favors 1.0		favors 0.5263989485504509 opposes 0.4609482791448216 __DUMMY__ 0.012652772304727536	true	1.0
N520	favors 1.0	favors 1.0	favors 0.7584202372354735 opposes 0.23856808735684087 __DUMMY__ 0.003011675407685692	false	1.0
N521	favors 1.0	favors 1.0	favors 0.7461964218089259 opposes 0.25106431837084914 __DUMMY__ 0.002739259820225046	false	1.0
N522	favors 1.0	favors 1.0	favors 0.7700565951177734 opposes 0.2271219668536592 __DUMMY__ 0.002821438028567484	false	1.0
N527	favors 1.0		favors 0.5323888807846736 opposes 0.45488919645082876 __DUMMY__ 0.012721922764497483	true	1.0
N528	favors 1.0	favors 1.0	favors 0.7788781353214457 opposes 0.2183551214523192 __DUMMY__ 0.002766743226235114	false	1.0
N529	opposes 1.0	opposes 1.0	opposes 0.7212184653486436 favors 0.2758714640718974 __DUMMY__ 0.002910070579459012	false	1.0
N523	favors 1.0	favors 1.0	favors 0.7474936536772715 opposes 0.24976180634048833 __DUMMY__ 0.002744539982240135	false	1.0
N524	opposes 1.0	opposes 1.0	opposes 0.7106773776058193 favors 0.28634357539248273 __DUMMY__ 0.0029790470016979732	false	1.0
N525	opposes 1.0	opposes 1.0	opposes 0.6918646709395452 favors 0.305390501897341 __DUMMY__ 0.0027448271631138853	false	1.0
N526	favors 1.0	favors 1.0	favors 0.7494418935765282 opposes 0.24759158325302782 __DUMMY__ 0.0029665231704439814	false	1.0
N992	favors 1.0	favors 1.0	favors 0.7399654106167225 opposes 0.2573403338912146 __DUMMY__ 0.0026942554920629355	false	1.0
N993	favors 1.0	favors 1.0	favors 0.7686798213546394 opposes 0.2285346847614904 __DUMMY__ 0.00278549388387021	false	1.0
N510	favors 1.0		favors 0.5161760482561673 opposes 0.47120926042614425 __DUMMY__ 0.012614691317688546	true	1.0
N994	favors 1.0		favors 0.5170572293602734 opposes 0.47077636698282777 __DUMMY__ 0.012166403656898831	true	1.0
N511	favors 1.0		favors 0.5316675466282937 opposes 0.4559890947334181 __DUMMY__ 0.012343358638288109	true	1.0
N995	opposes 1.0	opposes 1.0	opposes 0.7121343489544154 favors 0.2849284989286041 __DUMMY__ 0.0029371521169804095	false	1.0
N990	favors 1.0	favors 1.0	favors 0.7485286255344102 opposes 0.24869467767382575 __DUMMY__ 0.0027766967917640423	false	1.0
N991	favors 1.0	favors 1.0	favors 0.7563997785015387 opposes 0.24062023641908356 __DUMMY__ 0.0029799850793777	false	1.0
N516	opposes 1.0		favors 0.5320732336348841 opposes 0.45565661902375587 __DUMMY__ 0.012270147341359929	true	0.5
N517	favors 1.0	favors 1.0	favors 0.7599922517627252 opposes 0.23699985479287206 __DUMMY__ 0.0030078934444027457	false	1.0
N518	opposes 1.0	opposes 1.0	opposes 0.7086933472578412 favors 0.2884857712153868 __DUMMY__ 0.0028208815267720243	false	1.0
N519	favors 1.0		favors 0.5274664468260175 opposes 0.46008594864548485 __DUMMY__ 0.012447604528497712	true	1.0
N512	opposes 1.0	opposes 1.0	opposes 0.6936688813029138 favors 0.30361669086990656 __DUMMY__ 0.0027144278271795078	false	1.0
N996	opposes 1.0	opposes 1.0	opposes 0.6927023501542874 favors 0.3045942412424287 __DUMMY__ 0.0027034086032838157	false	1.0
N997	favors 1.0	favors 1.0	favors 0.7483874018984177 opposes 0.2486633850191639 __DUMMY__ 0.0029492130824183786	false	1.0
N513	favors 1.0	favors 1.0	favors 0.7458311326645721 opposes 0.25128289401826515 __DUMMY__ 0.0028859733171627856	false	1.0
N514	opposes 1.0	opposes 1.0	opposes 0.7164880808043379 favors 0.28074322708024996 __DUMMY__ 0.002768692115412103	false	1.0
N998	favors 1.0	favors 1.0	favors 0.7516450046174366 opposes 0.2453666866028696 __DUMMY__ 0.0029883087796938215	false	1.0
N999	opposes 1.0	opposes 1.0	opposes 0.6890057931057216 favors 0.30828550323323317 __DUMMY__ 0.0027087036610451624	false	1.0
N515	opposes 1.0		favors 0.554856471484765 opposes 0.4324717077726545 __DUMMY__ 0.012671820742580348	true	0.5
N541	favors 1.0	favors 1.0	favors 0.772138673532905 opposes 0.22505682119583564 __DUMMY__ 0.0028045052712594495	false	1.0
N542	opposes 1.0	opposes 1.0	opposes 0.7189695883837192 favors 0.2782916921709319 __DUMMY__ 0.0027387194453489237	false	1.0
N543	favors 1.0	favors 1.0	favors 0.7588241531934852 opposes 0.23820538506338526 __DUMMY__ 0.0029704617431295824	false	1.0
N544	favors 1.0		favors 0.5771169712888826 opposes 0.41065119990051147 __DUMMY__ 0.01223182881060598	true	1.0
N540	opposes 1.0	opposes 1.0	opposes 0.7202051756218874 favors 0.27705905916508744 __DUMMY__ 0.002735765213025322	false	1.0
N549	favors 1.0		favors 0.5185162868423718 opposes 0.46890951854937435 __DUMMY__ 0.012574194608253828	true	1.0
N545	favors 1.0	favors 1.0	favors 0.7519800258291063 opposes 0.24507477740799583 __DUMMY__ 0.0029451967628979594	false	1.0
N546	opposes 1.0	opposes 1.0	opposes 0.7174385797738256 favors 0.2795938165216777 __DUMMY__ 0.0029676037044965866	false	1.0
N547	opposes 1.0	opposes 1.0	opposes 0.7120517519036854 favors 0.2849755804294947 __DUMMY__ 0.0029726676668198264	false	1.0
N548	favors 1.0	favors 1.0	favors 0.7811491140607887 opposes 0.21610604024713198 __DUMMY__ 0.002744845692079348	false	1.0
N530	opposes 1.0	opposes 1.0	opposes 0.7118123602715226 favors 0.28540461658715427 __DUMMY__ 0.0027830231413231185	false	1.0
N531	opposes 1.0	opposes 1.0	opposes 0.691478356482895 favors 0.3057937361305776 __DUMMY__ 0.002727907386527465	false	1.0
N532	opposes 1.0	opposes 1.0	opposes 0.7207228994158739 favors 0.2763975344302442 __DUMMY__ 0.002879566153881994	false	1.0
N533	favors 1.0	favors 1.0	favors 0.7502819929070847 opposes 0.2469620125521983 __DUMMY__ 0.0027559945407169386	false	1.0
N1390	favors 1.0	favors 1.0	favors 0.7599128335134209 opposes 0.23728183105203693 __DUMMY__ 0.002805335434542181	false	1.0
N1393	opposes 1.0	opposes 1.0	opposes 0.721670797706748 favors 0.27557842997218013 __DUMMY__ 0.0027507723210718252	false	1.0
N538	opposes 1.0	opposes 1.0	opposes 0.7141136771616303 favors 0.2830605118121367 __DUMMY__ 0.002825811026232971	false	1.0
N539	opposes 1.0	opposes 1.0	opposes 0.7081216979024784 favors 0.28886424544455064 __DUMMY__ 0.0030140566529710125	false	1.0
N1394	opposes 1.0		favors 0.5661612079168787 opposes 0.4214356872248834 __DUMMY__ 0.012403104858238005	true	0.5
N1391	opposes 1.0	opposes 1.0	opposes 0.7151408679748295 favors 0.282018953872464 __DUMMY__ 0.0028401781527065506	false	1.0
N1392	opposes 1.0	opposes 1.0	opposes 0.7090625548687555 favors 0.2879100215167518 __DUMMY__ 0.003027423614492731	false	1.0
N534	favors 1.0		favors 0.5573981109065084 opposes 0.4299619785928419 __DUMMY__ 0.012639910500649774	true	1.0
