N1742	opposes 1.0		favors 0.5716982708756553 opposes 0.40596470464396156 __DUMMY__ 0.022337024480383123	true	0.5
N1743	opposes 1.0		favors 0.5123205968642288 opposes 0.4646697992477268 __DUMMY__ 0.023009603888044263	true	0.5
N1740	favors 1.0	favors 1.0	favors 0.7365261360153588 opposes 0.25501175564866774 __DUMMY__ 0.008462108335973523	false	1.0
N1741	opposes 1.0		favors 0.5263952624119901 opposes 0.45053374880306735 __DUMMY__ 0.023070988784942712	true	0.5
N1746	opposes 1.0		favors 0.5812066297196851 opposes 0.3963389339943808 __DUMMY__ 0.02245443628593417	true	0.5
N1747	opposes 1.0		favors 0.5089573482256889 opposes 0.4678052099069173 __DUMMY__ 0.023237441867393672	true	0.5
N1744	favors 1.0		favors 0.5153887501929634 opposes 0.4613041377237854 __DUMMY__ 0.023307112083251338	true	1.0
N1745	favors 1.0	favors 1.0	favors 0.7453279884866134 opposes 0.24593825857109677 __DUMMY__ 0.00873375294228984	false	1.0
N1748	opposes 1.0	opposes 1.0	opposes 0.7159182292326258 favors 0.27609295410095747 __DUMMY__ 0.007988816666416628	false	1.0
N1749	favors 1.0	favors 1.0	favors 0.7722876148066752 opposes 0.21962314637937572 __DUMMY__ 0.008089238813949117	false	1.0
N1731	opposes 1.0	opposes 1.0	opposes 0.7185899195129088 favors 0.2728493287755075 __DUMMY__ 0.008560751711583584	false	1.0
N1732	opposes 1.0	opposes 1.0	opposes 0.6973412044299537 favors 0.2940202237392223 __DUMMY__ 0.008638571830823977	false	1.0
N1730	favors 1.0		favors 0.4975422094996152 opposes 0.48018614384688996 __DUMMY__ 0.022271646653494927	true	1.0
N1735	opposes 1.0	opposes 1.0	opposes 0.7086554441095881 favors 0.283313605949986 __DUMMY__ 0.008030949940425799	false	1.0
N1736	favors 1.0	favors 1.0	favors 0.740364518864926 opposes 0.25154992722278474 __DUMMY__ 0.0080855539122893	false	1.0
N1733	opposes 1.0		favors 0.5079253042176857 opposes 0.4691576275900089 __DUMMY__ 0.022917068192305313	true	0.5
N1734	favors 1.0	favors 1.0	favors 0.7530214310457324 opposes 0.23822418977062154 __DUMMY__ 0.00875437918364612	false	1.0
N1739	favors 1.0		favors 0.555849933619225 opposes 0.42161996335104207 __DUMMY__ 0.022530103029732938	true	1.0
N1737	favors 1.0		favors 0.5298476877755739 opposes 0.4464834527685088 __DUMMY__ 0.023668859455917336	true	1.0
N1738	opposes 1.0	opposes 1.0	opposes 0.7328987122725648 favors 0.25930312906221326 __DUMMY__ 0.007798158665221991	false	1.0
N1720	opposes 1.0		favors 0.5015546178113678 opposes 0.47562066767990496 __DUMMY__ 0.02282471450872728	true	0.5
N1721	opposes 1.0	opposes 1.0	opposes 0.7110617169664485 favors 0.2804597704495925 __DUMMY__ 0.008478512583958996	false	1.0
N1724	favors 1.0	favors 1.0	favors 0.7452991839484377 opposes 0.2460738830728029 __DUMMY__ 0.00862693297875933	false	1.0
N1725	favors 1.0	favors 1.0	favors 0.7453279884866134 opposes 0.24593825857109677 __DUMMY__ 0.00873375294228984	false	1.0
N1722	favors 1.0		favors 0.5716982708756553 opposes 0.40596470464396156 __DUMMY__ 0.022337024480383123	true	1.0
N1723	favors 1.0		favors 0.5123205968642288 opposes 0.4646697992477268 __DUMMY__ 0.023009603888044263	true	1.0
N1728	opposes 1.0		favors 0.5151379879051482 opposes 0.4629060747195511 __DUMMY__ 0.021955937375300768	true	0.5
N1729	favors 1.0	favors 1.0	favors 0.7722876148066752 opposes 0.21962314637937572 __DUMMY__ 0.008089238813949117	false	1.0
N1726	favors 1.0	favors 1.0	favors 0.7797320558275114 opposes 0.2120436708443881 __DUMMY__ 0.008224273328100586	false	1.0
N1727	opposes 1.0		favors 0.5089573482256889 opposes 0.4678052099069173 __DUMMY__ 0.023237441867393672	true	0.5
N1710	favors 1.0		favors 0.4975422094996152 opposes 0.48018614384688996 __DUMMY__ 0.022271646653494927	true	1.0
N1713	opposes 1.0	opposes 1.0	opposes 0.7192489648356604 favors 0.2722454720955664 __DUMMY__ 0.00850556306877328	false	1.0
N1714	favors 1.0		favors 0.5300944967651705 opposes 0.44637591262688964 __DUMMY__ 0.02352959060793988	true	1.0
N1711	favors 1.0		favors 0.5095088845857656 opposes 0.46744077757857677 __DUMMY__ 0.02305033783565752	true	1.0
N1712	favors 1.0	favors 1.0	favors 0.7638962912587729 opposes 0.2274651369104031 __DUMMY__ 0.008638571830823973	false	1.0
N1717	favors 1.0	favors 1.0	favors 0.7527616758999316 opposes 0.23840064341640554 __DUMMY__ 0.008837680683662929	false	1.0
N1718	opposes 1.0		opposes 0.4958367985299922 favors 0.48264020030891286 __DUMMY__ 0.021523001161094936	true	1.0
N1715	favors 1.0	favors 1.0	favors 0.7513864217952357 opposes 0.24058262826433843 __DUMMY__ 0.008030949940425797	false	1.0
N1716	favors 1.0		favors 0.5070192680246525 opposes 0.47074641134855 __DUMMY__ 0.022234320626797564	true	1.0
N1719	favors 1.0	favors 1.0	favors 0.7665278977036118 opposes 0.2252338828257637 __DUMMY__ 0.008238219470624471	false	1.0
N1782	favors 1.0	favors 1.0	favors 0.7435391156708114 opposes 0.2479842671956861 __DUMMY__ 0.008476617133502418	false	1.0
N1783	favors 1.0	favors 1.0	favors 0.7452991839484379 opposes 0.24607388307280287 __DUMMY__ 0.00862693297875933	false	1.0
N1780	opposes 1.0		favors 0.5263952624119901 opposes 0.45053374880306735 __DUMMY__ 0.023070988784942712	true	0.5
N1781	opposes 1.0	opposes 1.0	opposes 0.6859276960445341 favors 0.3059076686802925 __DUMMY__ 0.008164635275173443	false	1.0
N1786	opposes 1.0	opposes 1.0	opposes 0.7194221256910543 favors 0.2719568549578861 __DUMMY__ 0.008621019351059614	false	1.0
N1302	favors 1.0	favors 1.0	favors 0.7453279884866134 opposes 0.24593825857109677 __DUMMY__ 0.00873375294228984	false	1.0
N1303	favors 1.0		favors 0.5812066297196851 opposes 0.3963389339943808 __DUMMY__ 0.02245443628593417	true	1.0
N1787	opposes 1.0		favors 0.5151379879051482 opposes 0.4629060747195511 __DUMMY__ 0.021955937375300768	true	0.5
N1300	favors 1.0	favors 1.0	favors 0.7435391156708115 opposes 0.2479842671956861 __DUMMY__ 0.008476617133502418	false	1.0
N1784	favors 1.0		favors 0.5172271224857766 opposes 0.4593899194482038 __DUMMY__ 0.02338295806601963	true	1.0
N1301	opposes 1.0	opposes 1.0	opposes 0.7164488174297257 favors 0.27492424959151496 __DUMMY__ 0.00862693297875933	false	1.0
N1785	opposes 1.0		favors 0.5812066297196851 opposes 0.39633893399438086 __DUMMY__ 0.022454436285934173	true	0.5
N1306	opposes 1.0	opposes 1.0	opposes 0.687458898535852 favors 0.30445186265019886 __DUMMY__ 0.008089238813949117	false	1.0
N1307	favors 1.0		favors 0.4975422094996152 opposes 0.48018614384688996 __DUMMY__ 0.022271646653494927	true	1.0
N1304	favors 1.0	favors 1.0	favors 0.7414113262484965 opposes 0.24996765440044402 __DUMMY__ 0.008621019351059614	false	1.0
N1788	favors 1.0		favors 0.5680674804467037 opposes 0.4097887327370612 __DUMMY__ 0.022143786816235047	true	1.0
N1789	opposes 1.0	opposes 1.0	opposes 0.7257123137012982 favors 0.26616233633086955 __DUMMY__ 0.008125349967832153	false	1.0
N1305	favors 1.0		favors 0.5151379879051483 opposes 0.4629060747195509 __DUMMY__ 0.02195593737530076	true	1.0
N1308	opposes 1.0	opposes 1.0	opposes 0.7185899195129088 favors 0.27284932877550755 __DUMMY__ 0.008560751711583582	false	1.0
N1309	opposes 1.0		favors 0.5506770729590134 opposes 0.4260246360785826 __DUMMY__ 0.02329829096240393	true	0.5
N1771	favors 1.0		favors 0.5506770729590135 opposes 0.42602463607858254 __DUMMY__ 0.023298290962403934	true	1.0
N1772	opposes 1.0		favors 0.5079253042176857 opposes 0.4691576275900089 __DUMMY__ 0.02291706819230531	true	0.5
N1770	opposes 1.0		favors 0.5095088845857656 opposes 0.46744077757857677 __DUMMY__ 0.02305033783565752	true	0.5
N1775	favors 1.0		favors 0.5070192680246525 opposes 0.47074641134855 __DUMMY__ 0.022234320626797564	true	1.0
N1776	favors 1.0		favors 0.5298476877755739 opposes 0.44648345276850876 __DUMMY__ 0.02366885945591734	true	1.0
N1773	favors 1.0		favors 0.5300944967651705 opposes 0.4463759126268895 __DUMMY__ 0.02352959060793988	true	1.0
N1774	opposes 1.0	opposes 1.0	opposes 0.7086554441095881 favors 0.283313605949986 __DUMMY__ 0.008030949940425799	false	1.0
N1779	favors 1.0		favors 0.5015546178113678 opposes 0.4756206676799049 __DUMMY__ 0.02282471450872728	true	1.0
N1777	favors 1.0	favors 1.0	favors 0.7258084387673184 opposes 0.2663934025674596 __DUMMY__ 0.00779815866522199	false	1.0
N1778	favors 1.0	favors 1.0	favors 0.7665278977036118 opposes 0.2252338828257637 __DUMMY__ 0.008238219470624471	false	1.0
N901	favors 1.0	favors 1.0	favors 0.7452991839484379 opposes 0.24607388307280287 __DUMMY__ 0.008626932978759327	false	1.0
N902	favors 1.0		favors 0.5172271224857766 opposes 0.4593899194482038 __DUMMY__ 0.02338295806601963	true	1.0
N903	opposes 1.0	opposes 1.0	opposes 0.6808264571897319 favors 0.31094926948216756 __DUMMY__ 0.008224273328100587	false	1.0
N904	opposes 1.0		favors 0.5089573482256889 opposes 0.4678052099069173 __DUMMY__ 0.023237441867393672	true	0.5
N1760	opposes 1.0		favors 0.5263952624119901 opposes 0.45053374880306735 __DUMMY__ 0.023070988784942712	true	0.5
N1761	opposes 1.0		favors 0.5716982708756553 opposes 0.40596470464396156 __DUMMY__ 0.022337024480383123	true	0.5
N900	favors 1.0	favors 1.0	favors 0.7435391156708114 opposes 0.24798426719568603 __DUMMY__ 0.008476617133502416	false	1.0
N909	favors 1.0		favors 0.5506770729590134 opposes 0.4260246360785826 __DUMMY__ 0.02329829096240393	true	1.0
N1764	favors 1.0	favors 1.0	favors 0.7453279884866134 opposes 0.24593825857109677 __DUMMY__ 0.00873375294228984	false	1.0
N1765	opposes 1.0		favors 0.5812066297196851 opposes 0.3963389339943808 __DUMMY__ 0.02245443628593417	true	0.5
N1762	favors 1.0	favors 1.0	favors 0.7435391156708114 opposes 0.2479842671956861 __DUMMY__ 0.008476617133502418	false	1.0
N1763	opposes 1.0		favors 0.5153887501929634 opposes 0.4613041377237854 __DUMMY__ 0.023307112083251338	true	0.5
N1768	favors 1.0		favors 0.5680674804467037 opposes 0.4097887327370612 __DUMMY__ 0.022143786816235047	true	1.0
N905	opposes 1.0	opposes 1.0	opposes 0.7159182292326258 favors 0.27609295410095747 __DUMMY__ 0.007988816666416628	false	1.0
N906	favors 1.0		favors 0.5680674804467037 opposes 0.40978873273706123 __DUMMY__ 0.02214378681623505	true	1.0
N1769	opposes 1.0	opposes 1.0	opposes 0.7257123137012982 favors 0.26616233633086955 __DUMMY__ 0.008125349967832153	false	1.0
N1766	opposes 1.0	opposes 1.0	opposes 0.7194221256910543 favors 0.2719568549578861 __DUMMY__ 0.008621019351059614	false	1.0
N907	opposes 1.0		favors 0.4975422094996152 opposes 0.48018614384688996 __DUMMY__ 0.022271646653494927	true	0.5
N908	opposes 1.0		favors 0.5095088845857656 opposes 0.46744077757857677 __DUMMY__ 0.02305033783565752	true	0.5
N1767	opposes 1.0		favors 0.5151379879051482 opposes 0.4629060747195511 __DUMMY__ 0.021955937375300768	true	0.5
N1750	opposes 1.0		favors 0.4975422094996152 opposes 0.48018614384688996 __DUMMY__ 0.022271646653494934	true	0.5
N1753	favors 1.0	favors 1.0	favors 0.7530214310457324 opposes 0.23822418977062154 __DUMMY__ 0.00875437918364612	false	1.0
N1754	opposes 1.0	opposes 1.0	opposes 0.7086554441095881 favors 0.283313605949986 __DUMMY__ 0.008030949940425799	false	1.0
N1751	opposes 1.0		favors 0.5095088845857656 opposes 0.46744077757857677 __DUMMY__ 0.02305033783565752	true	0.5
N1752	opposes 1.0		favors 0.5079253042176857 opposes 0.46915762759000895 __DUMMY__ 0.022917068192305313	true	0.5
N1757	favors 1.0	favors 1.0	favors 0.7258084387673184 opposes 0.2663934025674596 __DUMMY__ 0.00779815866522199	false	1.0
N1758	favors 1.0		favors 0.555849933619225 opposes 0.42161996335104207 __DUMMY__ 0.022530103029732938	true	1.0
N1755	favors 1.0		favors 0.5070192680246525 opposes 0.47074641134855 __DUMMY__ 0.022234320626797564	true	1.0
N1756	favors 1.0	favors 1.0	favors 0.7527616758999316 opposes 0.23840064341640552 __DUMMY__ 0.008837680683662927	false	1.0
N1759	favors 1.0	favors 1.0	favors 0.7365261360153588 opposes 0.2550117556486677 __DUMMY__ 0.008462108335973526	false	1.0
N923	favors 1.0		favors 0.5812066297196851 opposes 0.3963389339943808 __DUMMY__ 0.02245443628593417	true	1.0
N924	opposes 1.0	opposes 1.0	opposes 0.7194221256910543 favors 0.2719568549578861 __DUMMY__ 0.008621019351059614	false	1.0
N925	opposes 1.0		favors 0.5151379879051483 opposes 0.4629060747195509 __DUMMY__ 0.02195593737530076	true	0.5
N926	favors 1.0		favors 0.5680674804467037 opposes 0.40978873273706123 __DUMMY__ 0.02214378681623505	true	1.0
N1342	favors 1.0	favors 1.0	favors 0.7453279884866134 opposes 0.24593825857109677 __DUMMY__ 0.00873375294228984	false	1.0
N1343	favors 1.0	favors 1.0	favors 0.7797320558275114 opposes 0.2120436708443881 __DUMMY__ 0.008224273328100586	false	1.0
N920	favors 1.0		favors 0.5123205968642289 opposes 0.46466979924772694 __DUMMY__ 0.023009603888044263	true	1.0
N921	favors 1.0	favors 1.0	favors 0.7452991839484379 opposes 0.24607388307280287 __DUMMY__ 0.008626932978759327	false	1.0
N1340	favors 1.0	favors 1.0	favors 0.7435391156708115 opposes 0.2479842671956861 __DUMMY__ 0.008476617133502418	false	1.0
N1341	favors 1.0	favors 1.0	favors 0.7452991839484379 opposes 0.24607388307280287 __DUMMY__ 0.00862693297875933	false	1.0
N922	favors 1.0		favors 0.5172271224857766 opposes 0.4593899194482038 __DUMMY__ 0.02338295806601963	true	1.0
N1346	favors 1.0	favors 1.0	favors 0.7722876148066752 opposes 0.21962314637937572 __DUMMY__ 0.008089238813949117	false	1.0
N1347	opposes 1.0	opposes 1.0	opposes 0.7257123137012982 favors 0.2661623363308696 __DUMMY__ 0.008125349967832153	false	1.0
N1344	opposes 1.0		favors 0.5089573482256889 opposes 0.4678052099069173 __DUMMY__ 0.023237441867393672	true	0.5
N1345	opposes 1.0	opposes 1.0	opposes 0.7159182292326258 favors 0.27609295410095747 __DUMMY__ 0.007988816666416628	false	1.0
N927	opposes 1.0		favors 0.4975422094996152 opposes 0.48018614384688996 __DUMMY__ 0.022271646653494927	true	0.5
N928	favors 1.0	favors 1.0	favors 0.741117823384183 opposes 0.2503214249042335 __DUMMY__ 0.008560751711583582	false	1.0
N929	favors 1.0	favors 1.0	favors 0.7638962912587729 opposes 0.22746513691040313 __DUMMY__ 0.008638571830823975	false	1.0
N1348	favors 1.0		favors 0.5506770729590134 opposes 0.4260246360785826 __DUMMY__ 0.02329829096240393	true	1.0
N1349	favors 1.0		favors 0.5079253042176857 opposes 0.4691576275900089 __DUMMY__ 0.022917068192305313	true	1.0
N912	opposes 1.0	opposes 1.0	opposes 0.7086554441095881 favors 0.283313605949986 __DUMMY__ 0.008030949940425797	false	1.0
N913	favors 1.0		favors 0.5070192680246525 opposes 0.47074641134855 __DUMMY__ 0.022234320626797564	true	1.0
N914	favors 1.0	favors 1.0	favors 0.7527616758999316 opposes 0.23840064341640554 __DUMMY__ 0.008837680683662927	false	1.0
N915	favors 1.0	favors 1.0	favors 0.7258084387673186 opposes 0.2663934025674594 __DUMMY__ 0.007798158665221997	false	1.0
N1331	favors 1.0		favors 0.5300944967651705 opposes 0.44637591262688964 __DUMMY__ 0.02352959060793988	true	1.0
N1332	favors 1.0		favors 0.528857308656466 opposes 0.4490921807055469 __DUMMY__ 0.02205051063798719	true	1.0
N910	opposes 1.0	opposes 1.0	opposes 0.7192489648356604 favors 0.2722454720955664 __DUMMY__ 0.00850556306877328	false	1.0
N1330	opposes 1.0	opposes 1.0	opposes 0.7192489648356604 favors 0.2722454720955664 __DUMMY__ 0.00850556306877328	false	1.0
N911	favors 1.0		favors 0.5300944967651705 opposes 0.44637591262688964 __DUMMY__ 0.02352959060793988	true	1.0
N1335	opposes 1.0		opposes 0.4958367985299922 favors 0.48264020030891286 __DUMMY__ 0.021523001161094936	true	1.0
N1336	favors 1.0		favors 0.5558499336192251 opposes 0.421619963351042 __DUMMY__ 0.022530103029732934	true	1.0
N1333	favors 1.0	favors 1.0	favors 0.740364518864926 opposes 0.25154992722278474 __DUMMY__ 0.0080855539122893	false	1.0
N1334	favors 1.0	favors 1.0	favors 0.7527616758999316 opposes 0.23840064341640554 __DUMMY__ 0.008837680683662929	false	1.0
N916	favors 1.0		favors 0.5558499336192251 opposes 0.421619963351042 __DUMMY__ 0.022530103029732938	true	1.0
N1339	opposes 1.0		favors 0.5716982708756554 opposes 0.40596470464396156 __DUMMY__ 0.022337024480383126	true	0.5
N917	favors 1.0		favors 0.5015546178113678 opposes 0.4756206676799049 __DUMMY__ 0.02282471450872728	true	1.0
N1337	favors 1.0		favors 0.5015546178113678 opposes 0.4756206676799049 __DUMMY__ 0.02282471450872728	true	1.0
N918	opposes 1.0		favors 0.5263952624119901 opposes 0.4505337488030673 __DUMMY__ 0.02307098878494271	true	0.5
N919	opposes 1.0	opposes 1.0	opposes 0.6859276960445341 favors 0.3059076686802925 __DUMMY__ 0.008164635275173445	false	1.0
N1338	opposes 1.0		favors 0.5263952624119901 opposes 0.45053374880306724 __DUMMY__ 0.02307098878494271	true	0.5
N940	opposes 1.0		favors 0.5123205968642289 opposes 0.46466979924772694 __DUMMY__ 0.023009603888044263	true	0.5
N945	favors 1.0		favors 0.5151379879051483 opposes 0.4629060747195509 __DUMMY__ 0.02195593737530076	true	1.0
N946	opposes 1.0	opposes 1.0	opposes 0.687458898535852 favors 0.30445186265019886 __DUMMY__ 0.008089238813949117	false	1.0
N947	favors 1.0		favors 0.4975422094996152 opposes 0.48018614384688996 __DUMMY__ 0.022271646653494927	true	1.0
N948	opposes 1.0	opposes 1.0	opposes 0.7185899195129088 favors 0.27284932877550755 __DUMMY__ 0.008560751711583582	false	1.0
N941	opposes 1.0		favors 0.5153887501929635 opposes 0.46130413772378526 __DUMMY__ 0.023307112083251338	true	0.5
N1320	opposes 1.0		favors 0.5123205968642288 opposes 0.4646697992477268 __DUMMY__ 0.023009603888044263	true	0.5
N1321	favors 1.0	favors 1.0	favors 0.7452991839484379 opposes 0.24607388307280287 __DUMMY__ 0.00862693297875933	false	1.0
N942	opposes 1.0	opposes 1.0	opposes 0.7143643991197953 favors 0.27690184793791484 __DUMMY__ 0.008733752942289839	false	1.0
N943	favors 1.0		favors 0.5812066297196851 opposes 0.3963389339943808 __DUMMY__ 0.02245443628593417	true	1.0
N944	favors 1.0		favors 0.5089573482256889 opposes 0.4678052099069173 __DUMMY__ 0.023237441867393672	true	1.0
N1324	opposes 1.0		favors 0.5089573482256889 opposes 0.4678052099069173 __DUMMY__ 0.023237441867393672	true	0.5
N1325	opposes 1.0	opposes 1.0	opposes 0.7159182292326258 favors 0.27609295410095747 __DUMMY__ 0.007988816666416628	false	1.0
N1322	favors 1.0		favors 0.5172271224857766 opposes 0.4593899194482038 __DUMMY__ 0.02338295806601963	true	1.0
N1323	favors 1.0	favors 1.0	favors 0.7797320558275114 opposes 0.2120436708443881 __DUMMY__ 0.008224273328100586	false	1.0
N1328	opposes 1.0	opposes 1.0	opposes 0.7185899195129088 favors 0.27284932877550755 __DUMMY__ 0.008560751711583582	false	1.0
N949	favors 1.0	favors 1.0	favors 0.7638962912587729 opposes 0.22746513691040313 __DUMMY__ 0.008638571830823975	false	1.0
N1329	favors 1.0	favors 1.0	favors 0.763896291258773 opposes 0.2274651369104031 __DUMMY__ 0.008638571830823958	false	1.0
N1326	favors 1.0	favors 1.0	favors 0.7722876148066752 opposes 0.21962314637937572 __DUMMY__ 0.008089238813949117	false	1.0
N1327	opposes 1.0	opposes 1.0	opposes 0.7257123137012982 favors 0.2661623363308696 __DUMMY__ 0.008125349967832153	false	1.0
N934	opposes 1.0		favors 0.5298476877755738 opposes 0.4464834527685088 __DUMMY__ 0.02366885945591734	true	0.5
N935	opposes 1.0	opposes 1.0	opposes 0.7328987122725646 favors 0.2593031290622135 __DUMMY__ 0.007798158665221998	false	1.0
N1790	favors 1.0		favors 0.5095088845857656 opposes 0.46744077757857677 __DUMMY__ 0.02305033783565752	true	1.0
N936	opposes 1.0		favors 0.555849933619225 opposes 0.42161996335104207 __DUMMY__ 0.022530103029732938	true	0.5
N937	opposes 1.0		favors 0.5015546178113678 opposes 0.4756206676799049 __DUMMY__ 0.02282471450872728	true	0.5
N930	favors 1.0		favors 0.5079253042176857 opposes 0.4691576275900089 __DUMMY__ 0.022917068192305313	true	1.0
N1793	opposes 1.0	opposes 1.0	opposes 0.7083420733783745 favors 0.28290354743797935 __DUMMY__ 0.008754379183646119	false	1.0
N1310	opposes 1.0		favors 0.5079253042176857 opposes 0.4691576275900089 __DUMMY__ 0.022917068192305313	true	0.5
N931	opposes 1.0		favors 0.5300944967651705 opposes 0.44637591262688964 __DUMMY__ 0.02352959060793988	true	0.5
N1794	favors 1.0	favors 1.0	favors 0.7513864217952357 opposes 0.24058262826433843 __DUMMY__ 0.008030949940425797	false	1.0
N932	favors 1.0		favors 0.5288573086564657 opposes 0.449092180705547 __DUMMY__ 0.022050510637987193	true	1.0
N1791	favors 1.0	favors 1.0	favors 0.7638962912587729 opposes 0.2274651369104031 __DUMMY__ 0.008638571830823973	false	1.0
N1792	favors 1.0		favors 0.5079253042176857 opposes 0.4691576275900089 __DUMMY__ 0.022917068192305313	true	1.0
N933	opposes 1.0	opposes 1.0	opposes 0.7209815820638443 favors 0.2709328640238663 __DUMMY__ 0.0080855539122893	false	1.0
N1797	opposes 1.0	opposes 1.0	opposes 0.7328987122725648 favors 0.25930312906221326 __DUMMY__ 0.007798158665221991	false	1.0
N1313	favors 1.0	favors 1.0	favors 0.740364518864926 opposes 0.25154992722278474 __DUMMY__ 0.0080855539122893	false	1.0
N1314	favors 1.0		favors 0.5298476877755738 opposes 0.44648345276850876 __DUMMY__ 0.02366885945591734	true	1.0
N1798	favors 1.0		favors 0.555849933619225 opposes 0.42161996335104207 __DUMMY__ 0.022530103029732938	true	1.0
N1311	favors 1.0	favors 1.0	favors 0.7530214310457324 opposes 0.23822418977062154 __DUMMY__ 0.00875437918364612	false	1.0
N1795	opposes 1.0	opposes 1.0	opposes 0.7209815820638444 favors 0.27093286402386624 __DUMMY__ 0.0080855539122893	false	1.0
N1796	opposes 1.0	opposes 1.0	opposes 0.7082492031508022 favors 0.2829131161655349 __DUMMY__ 0.008837680683662929	false	1.0
N1312	opposes 1.0	opposes 1.0	opposes 0.7086554441095881 favors 0.283313605949986 __DUMMY__ 0.008030949940425799	false	1.0
N1317	favors 1.0		favors 0.5015546178113678 opposes 0.4756206676799049 __DUMMY__ 0.022824714508727282	true	1.0
N938	favors 1.0	favors 1.0	favors 0.751480233970754 opposes 0.240041253445287 __DUMMY__ 0.008478512583959	false	1.0
N939	favors 1.0	favors 1.0	favors 0.774609628084023 opposes 0.2172257366408036 __DUMMY__ 0.008164635275173445	false	1.0
N1318	opposes 1.0		favors 0.5263952624119901 opposes 0.45053374880306724 __DUMMY__ 0.02307098878494271	true	0.5
N1315	favors 1.0	favors 1.0	favors 0.7258084387673184 opposes 0.2663934025674596 __DUMMY__ 0.00779815866522199	false	1.0
N1799	opposes 1.0		favors 0.5015546178113678 opposes 0.4756206676799049 __DUMMY__ 0.02282471450872728	true	0.5
N1316	favors 1.0	favors 1.0	favors 0.7665278977036118 opposes 0.22523388282576365 __DUMMY__ 0.008238219470624468	false	1.0
N1319	favors 1.0	favors 1.0	favors 0.774609628084023 opposes 0.2172257366408036 __DUMMY__ 0.008164635275173445	false	1.0
N960	opposes 1.0		favors 0.5153887501929635 opposes 0.46130413772378526 __DUMMY__ 0.023307112083251338	true	0.5
N961	opposes 1.0		favors 0.5172271224857766 opposes 0.4593899194482038 __DUMMY__ 0.02338295806601963	true	0.5
N962	favors 1.0	favors 1.0	favors 0.7797320558275114 opposes 0.2120436708443881 __DUMMY__ 0.008224273328100587	false	1.0
N967	opposes 1.0		favors 0.5095088845857656 opposes 0.46744077757857677 __DUMMY__ 0.02305033783565752	true	0.5
N1382	opposes 1.0		favors 0.5089573482256889 opposes 0.4678052099069173 __DUMMY__ 0.023237441867393672	true	0.5
N968	favors 1.0	favors 1.0	favors 0.7638962912587729 opposes 0.2274651369104031 __DUMMY__ 0.008638571830823972	false	1.0
N1383	opposes 1.0	opposes 1.0	opposes 0.7159182292326258 favors 0.27609295410095747 __DUMMY__ 0.007988816666416628	false	1.0
N969	opposes 1.0	opposes 1.0	opposes 0.7192489648356604 favors 0.2722454720955664 __DUMMY__ 0.00850556306877328	false	1.0
N1380	favors 1.0		favors 0.5172271224857766 opposes 0.4593899194482038 __DUMMY__ 0.02338295806601963	true	1.0
N1381	favors 1.0	favors 1.0	favors 0.7797320558275114 opposes 0.2120436708443881 __DUMMY__ 0.008224273328100586	false	1.0
N963	favors 1.0		favors 0.5089573482256889 opposes 0.4678052099069173 __DUMMY__ 0.023237441867393672	true	1.0
N1386	favors 1.0		favors 0.5095088845857656 opposes 0.46744077757857677 __DUMMY__ 0.02305033783565752	true	1.0
N1387	favors 1.0		favors 0.5506770729590134 opposes 0.4260246360785826 __DUMMY__ 0.02329829096240393	true	1.0
N964	favors 1.0		favors 0.5151379879051482 opposes 0.462906074719551 __DUMMY__ 0.02195593737530076	true	1.0
N965	opposes 1.0		favors 0.5680674804467037 opposes 0.40978873273706123 __DUMMY__ 0.02214378681623505	true	0.5
N1384	favors 1.0	favors 1.0	favors 0.7722876148066752 opposes 0.21962314637937572 __DUMMY__ 0.008089238813949117	false	1.0
N966	favors 1.0	favors 1.0	favors 0.7349969999944068 opposes 0.25687765003776103 __DUMMY__ 0.008125349967832155	false	1.0
N1385	opposes 1.0	opposes 1.0	opposes 0.7257123137012982 favors 0.2661623363308696 __DUMMY__ 0.008125349967832153	false	1.0
N1388	favors 1.0	favors 1.0	favors 0.7400280554392392 opposes 0.25146638149198747 __DUMMY__ 0.00850556306877328	false	1.0
N1389	opposes 1.0		favors 0.5300944967651705 opposes 0.44637591262688964 __DUMMY__ 0.02352959060793988	true	0.5
N950	favors 1.0		favors 0.5079253042176857 opposes 0.4691576275900089 __DUMMY__ 0.022917068192305313	true	1.0
N951	opposes 1.0		favors 0.5300944967651705 opposes 0.44637591262688964 __DUMMY__ 0.02352959060793988	true	0.5
N956	opposes 1.0		favors 0.5015546178113678 opposes 0.4756206676799049 __DUMMY__ 0.02282471450872728	true	0.5
N1371	opposes 1.0	opposes 1.0	opposes 0.7209815820638444 favors 0.27093286402386624 __DUMMY__ 0.0080855539122893	false	1.0
N1372	favors 1.0		favors 0.5298476877755739 opposes 0.4464834527685088 __DUMMY__ 0.023668859455917336	true	1.0
N957	favors 1.0		favors 0.5263952624119901 opposes 0.4505337488030673 __DUMMY__ 0.02307098878494271	true	1.0
N958	favors 1.0		favors 0.5716982708756553 opposes 0.40596470464396156 __DUMMY__ 0.022337024480383126	true	1.0
N959	favors 1.0		favors 0.5123205968642289 opposes 0.4646697992477269 __DUMMY__ 0.023009603888044263	true	1.0
N1370	opposes 1.0	opposes 1.0	opposes 0.7086554441095881 favors 0.283313605949986 __DUMMY__ 0.008030949940425799	false	1.0
N1375	favors 1.0	favors 1.0	favors 0.7365261360153588 opposes 0.2550117556486677 __DUMMY__ 0.008462108335973526	false	1.0
N952	favors 1.0	favors 1.0	favors 0.7513864217952357 opposes 0.24058262826433846 __DUMMY__ 0.008030949940425799	false	1.0
N1376	opposes 1.0		favors 0.5263952624119901 opposes 0.45053374880306735 __DUMMY__ 0.023070988784942712	true	0.5
N953	opposes 1.0	opposes 1.0	opposes 0.7209815820638443 favors 0.2709328640238663 __DUMMY__ 0.0080855539122893	false	1.0
N954	opposes 1.0		opposes 0.4958367985299923 favors 0.48264020030891286 __DUMMY__ 0.021523001161094943	true	1.0
N1373	favors 1.0	favors 1.0	favors 0.7258084387673184 opposes 0.2663934025674596 __DUMMY__ 0.00779815866522199	false	1.0
N955	opposes 1.0	opposes 1.0	opposes 0.6948205660924436 favors 0.2969412144369319 __DUMMY__ 0.008238219470624468	false	1.0
N1374	favors 1.0		favors 0.555849933619225 opposes 0.42161996335104207 __DUMMY__ 0.022530103029732938	true	1.0
N1379	favors 1.0		favors 0.5153887501929634 opposes 0.4613041377237854 __DUMMY__ 0.023307112083251338	true	1.0
N1377	opposes 1.0	opposes 1.0	opposes 0.6859276960445341 favors 0.3059076686802925 __DUMMY__ 0.008164635275173443	false	1.0
N1378	favors 1.0	favors 1.0	favors 0.7435391156708115 opposes 0.2479842671956861 __DUMMY__ 0.008476617133502418	false	1.0
N981	opposes 1.0		favors 0.5089573482256889 opposes 0.4678052099069173 __DUMMY__ 0.023237441867393672	true	0.5
N982	opposes 1.0	opposes 1.0	opposes 0.7159182292326258 favors 0.27609295410095747 __DUMMY__ 0.00798881666641663	false	1.0
N983	favors 1.0		favors 0.5680674804467037 opposes 0.40978873273706123 __DUMMY__ 0.02214378681623505	true	1.0
N500	opposes 1.0	opposes 1.0	opposes 0.7082492031508023 favors 0.28291311616553483 __DUMMY__ 0.008837680683662927	false	1.0
N984	favors 1.0		favors 0.4975422094996152 opposes 0.48018614384688996 __DUMMY__ 0.022271646653494927	true	1.0
N980	favors 1.0	favors 1.0	favors 0.7453279884866134 opposes 0.24593825857109677 __DUMMY__ 0.00873375294228984	false	1.0
N1360	opposes 1.0		favors 0.5153887501929634 opposes 0.4613041377237854 __DUMMY__ 0.023307112083251338	true	0.5
N505	favors 1.0	favors 1.0	favors 0.774609628084023 opposes 0.2172257366408036 __DUMMY__ 0.008164635275173445	false	1.0
N989	opposes 1.0		favors 0.528857308656466 opposes 0.4490921807055469 __DUMMY__ 0.02205051063798719	true	0.5
N506	opposes 1.0		favors 0.5123205968642288 opposes 0.46466979924772683 __DUMMY__ 0.023009603888044263	true	0.5
N1361	favors 1.0		favors 0.5172271224857766 opposes 0.4593899194482038 __DUMMY__ 0.02338295806601963	true	1.0
N507	opposes 1.0		favors 0.5153887501929636 opposes 0.46130413772378515 __DUMMY__ 0.023307112083251324	true	0.5
N508	opposes 1.0		favors 0.5172271224857766 opposes 0.4593899194482038 __DUMMY__ 0.02338295806601963	true	0.5
N501	opposes 1.0		opposes 0.4958367985299921 favors 0.482640200308913 __DUMMY__ 0.021523001161094946	true	1.0
N985	opposes 1.0	opposes 1.0	opposes 0.7185899195129088 favors 0.27284932877550755 __DUMMY__ 0.008560751711583582	false	1.0
N1364	favors 1.0		favors 0.5680674804467037 opposes 0.40978873273706123 __DUMMY__ 0.02214378681623505	true	1.0
N502	favors 1.0	favors 1.0	favors 0.766527897703612 opposes 0.22523388282576362 __DUMMY__ 0.008238219470624466	false	1.0
N986	opposes 1.0	opposes 1.0	opposes 0.6973412044299537 favors 0.2940202237392223 __DUMMY__ 0.008638571830823973	false	1.0
N1365	favors 1.0	favors 1.0	favors 0.7349969999944068 opposes 0.25687765003776103 __DUMMY__ 0.008125349967832155	false	1.0
N503	opposes 1.0		favors 0.5015546178113678 opposes 0.4756206676799049 __DUMMY__ 0.022824714508727282	true	0.5
N987	opposes 1.0		favors 0.5079253042176857 opposes 0.4691576275900089 __DUMMY__ 0.022917068192305313	true	0.5
N1362	favors 1.0	favors 1.0	favors 0.7797320558275114 opposes 0.2120436708443881 __DUMMY__ 0.008224273328100586	false	1.0
N1363	opposes 1.0	opposes 1.0	opposes 0.7194221256910543 favors 0.2719568549578861 __DUMMY__ 0.008621019351059614	false	1.0
N504	favors 1.0		favors 0.5263952624119901 opposes 0.45053374880306735 __DUMMY__ 0.023070988784942712	true	1.0
N988	favors 1.0	favors 1.0	favors 0.7530214310457324 opposes 0.23822418977062154 __DUMMY__ 0.00875437918364612	false	1.0
N1368	opposes 1.0		favors 0.5079253042176857 opposes 0.4691576275900089 __DUMMY__ 0.022917068192305313	true	0.5
N1369	favors 1.0		favors 0.5300944967651705 opposes 0.44637591262688964 __DUMMY__ 0.02352959060793988	true	1.0
N1366	opposes 1.0		favors 0.5095088845857656 opposes 0.46744077757857677 __DUMMY__ 0.02305033783565752	true	0.5
N1367	opposes 1.0	opposes 1.0	opposes 0.6973412044299537 favors 0.2940202237392223 __DUMMY__ 0.008638571830823958	false	1.0
N509	favors 1.0		favors 0.5812066297196852 opposes 0.3963389339943808 __DUMMY__ 0.022454436285934173	true	1.0
N970	favors 1.0		favors 0.5300944967651705 opposes 0.44637591262688964 __DUMMY__ 0.02352959060793988	true	1.0
N971	opposes 1.0	opposes 1.0	opposes 0.7086554441095881 favors 0.283313605949986 __DUMMY__ 0.008030949940425799	false	1.0
N972	favors 1.0		favors 0.5070192680246525 opposes 0.47074641134855 __DUMMY__ 0.022234320626797564	true	1.0
N973	favors 1.0		favors 0.5298476877755738 opposes 0.4464834527685088 __DUMMY__ 0.02366885945591734	true	1.0
N978	opposes 1.0	opposes 1.0	opposes 0.6859276960445341 favors 0.3059076686802925 __DUMMY__ 0.008164635275173445	false	1.0
N979	favors 1.0	favors 1.0	favors 0.7435391156708115 opposes 0.2479842671956861 __DUMMY__ 0.008476617133502418	false	1.0
N1350	opposes 1.0		favors 0.5300944967651705 opposes 0.44637591262688964 __DUMMY__ 0.02352959060793988	true	0.5
N974	favors 1.0		opposes 0.4958367985299922 favors 0.48264020030891286 __DUMMY__ 0.021523001161094936	true	0.5
N1353	opposes 1.0	opposes 1.0	opposes 0.7082492031508022 favors 0.28291311616553483 __DUMMY__ 0.008837680683662927	false	1.0
N975	favors 1.0		favors 0.555849933619225 opposes 0.42161996335104207 __DUMMY__ 0.022530103029732938	true	1.0
N1354	opposes 1.0		opposes 0.4958367985299922 favors 0.48264020030891286 __DUMMY__ 0.021523001161094936	true	1.0
N976	favors 1.0	favors 1.0	favors 0.7365261360153588 opposes 0.2550117556486677 __DUMMY__ 0.008462108335973526	false	1.0
N1351	favors 1.0	favors 1.0	favors 0.7513864217952357 opposes 0.24058262826433843 __DUMMY__ 0.008030949940425797	false	1.0
N977	opposes 1.0		favors 0.5263952624119901 opposes 0.4505337488030673 __DUMMY__ 0.02307098878494271	true	0.5
N1352	opposes 1.0	opposes 1.0	opposes 0.7209815820638444 favors 0.2709328640238663 __DUMMY__ 0.008085553912289302	false	1.0
N1357	favors 1.0	favors 1.0	favors 0.751480233970754 opposes 0.24004125344528696 __DUMMY__ 0.008478512583958996	false	1.0
N1358	favors 1.0		favors 0.5716982708756554 opposes 0.40596470464396156 __DUMMY__ 0.022337024480383126	true	1.0
N1355	favors 1.0	favors 1.0	favors 0.7665278977036118 opposes 0.22523388282576365 __DUMMY__ 0.008238219470624468	false	1.0
N1356	opposes 1.0		favors 0.5015546178113678 opposes 0.47562066767990496 __DUMMY__ 0.02282471450872728	true	0.5
N1359	favors 1.0		favors 0.5123205968642288 opposes 0.4646697992477268 __DUMMY__ 0.023009603888044263	true	1.0
N520	favors 1.0		favors 0.5298476877755738 opposes 0.4464834527685088 __DUMMY__ 0.02366885945591734	true	1.0
N521	favors 1.0	favors 1.0	favors 0.7258084387673186 opposes 0.2663934025674594 __DUMMY__ 0.007798158665221997	false	1.0
N522	favors 1.0	favors 1.0	favors 0.766527897703612 opposes 0.22523388282576362 __DUMMY__ 0.008238219470624466	false	1.0
N527	favors 1.0		favors 0.5172271224857766 opposes 0.4593899194482038 __DUMMY__ 0.02338295806601963	true	1.0
N528	favors 1.0		favors 0.5812066297196851 opposes 0.3963389339943808 __DUMMY__ 0.02245443628593417	true	1.0
N529	opposes 1.0	opposes 1.0	opposes 0.7194221256910543 favors 0.2719568549578861 __DUMMY__ 0.008621019351059614	false	1.0
N523	favors 1.0	favors 1.0	favors 0.7365261360153588 opposes 0.2550117556486677 __DUMMY__ 0.008462108335973526	false	1.0
N524	opposes 1.0		favors 0.5263952624119901 opposes 0.45053374880306735 __DUMMY__ 0.023070988784942712	true	0.5
N525	opposes 1.0		favors 0.5716982708756553 opposes 0.40596470464396156 __DUMMY__ 0.022337024480383123	true	0.5
N526	favors 1.0	favors 1.0	favors 0.7452991839484377 opposes 0.2460738830728029 __DUMMY__ 0.008626932978759331	false	1.0
N992	favors 1.0		opposes 0.4958367985299922 favors 0.48264020030891286 __DUMMY__ 0.021523001161094936	true	0.5
N993	favors 1.0	favors 1.0	favors 0.7665278977036118 opposes 0.22523388282576365 __DUMMY__ 0.008238219470624468	false	1.0
N510	favors 1.0		favors 0.5089573482256889 opposes 0.4678052099069173 __DUMMY__ 0.023237441867393672	true	1.0
N994	favors 1.0		favors 0.5015546178113678 opposes 0.4756206676799049 __DUMMY__ 0.02282471450872728	true	1.0
N995	opposes 1.0		favors 0.5263952624119901 opposes 0.4505337488030673 __DUMMY__ 0.02307098878494271	true	0.5
N511	favors 1.0		favors 0.5151379879051482 opposes 0.462906074719551 __DUMMY__ 0.02195593737530076	true	1.0
N990	favors 1.0	favors 1.0	favors 0.7403645188649259 opposes 0.25154992722278474 __DUMMY__ 0.0080855539122893	false	1.0
N991	favors 1.0	favors 1.0	favors 0.7527616758999316 opposes 0.23840064341640554 __DUMMY__ 0.008837680683662927	false	1.0
N516	opposes 1.0		favors 0.5079253042176857 opposes 0.4691576275900089 __DUMMY__ 0.022917068192305313	true	0.5
N517	favors 1.0	favors 1.0	favors 0.7530214310457324 opposes 0.23822418977062154 __DUMMY__ 0.00875437918364612	false	1.0
N518	opposes 1.0	opposes 1.0	opposes 0.7086554441095881 favors 0.283313605949986 __DUMMY__ 0.008030949940425799	false	1.0
N519	favors 1.0		favors 0.5070192680246525 opposes 0.47074641134854994 __DUMMY__ 0.022234320626797564	true	1.0
N996	opposes 1.0		favors 0.5716982708756554 opposes 0.40596470464396156 __DUMMY__ 0.022337024480383126	true	0.5
N512	opposes 1.0	opposes 1.0	opposes 0.687458898535852 favors 0.30445186265019886 __DUMMY__ 0.008089238813949117	false	1.0
N997	favors 1.0	favors 1.0	favors 0.7452991839484379 opposes 0.24607388307280287 __DUMMY__ 0.00862693297875933	false	1.0
N513	favors 1.0	favors 1.0	favors 0.7349969999944068 opposes 0.2568776500377611 __DUMMY__ 0.008125349967832155	false	1.0
N514	opposes 1.0		favors 0.5095088845857656 opposes 0.46744077757857677 __DUMMY__ 0.02305033783565752	true	0.5
N998	favors 1.0	favors 1.0	favors 0.7453279884866133 opposes 0.24593825857109677 __DUMMY__ 0.00873375294228984	false	1.0
N999	opposes 1.0	opposes 1.0	opposes 0.6808264571897319 favors 0.31094926948216756 __DUMMY__ 0.008224273328100587	false	1.0
N515	opposes 1.0		favors 0.5506770729590135 opposes 0.42602463607858254 __DUMMY__ 0.023298290962403934	true	0.5
N541	favors 1.0	favors 1.0	favors 0.766527897703612 opposes 0.22523388282576362 __DUMMY__ 0.008238219470624466	false	1.0
N542	opposes 1.0	opposes 1.0	opposes 0.722621448565393 favors 0.2689164430986335 __DUMMY__ 0.008462108335973526	false	1.0
N543	favors 1.0	favors 1.0	favors 0.751480233970754 opposes 0.240041253445287 __DUMMY__ 0.008478512583958995	false	1.0
N544	favors 1.0		favors 0.5716982708756553 opposes 0.40596470464396156 __DUMMY__ 0.022337024480383123	true	1.0
N540	opposes 1.0	opposes 1.0	opposes 0.7328987122725646 favors 0.2593031290622135 __DUMMY__ 0.007798158665221998	false	1.0
N549	favors 1.0		favors 0.5089573482256889 opposes 0.4678052099069173 __DUMMY__ 0.023237441867393672	true	1.0
N545	favors 1.0	favors 1.0	favors 0.7435391156708114 opposes 0.24798426719568611 __DUMMY__ 0.008476617133502418	false	1.0
N546	opposes 1.0	opposes 1.0	opposes 0.7164488174297257 favors 0.27492424959151496 __DUMMY__ 0.00862693297875933	false	1.0
N547	opposes 1.0	opposes 1.0	opposes 0.7143643991197954 favors 0.2769018479379148 __DUMMY__ 0.00873375294228984	false	1.0
N548	favors 1.0		favors 0.5812066297196851 opposes 0.3963389339943808 __DUMMY__ 0.02245443628593417	true	1.0
N530	opposes 1.0	opposes 1.0	opposes 0.7159182292326258 favors 0.27609295410095747 __DUMMY__ 0.007988816666416628	false	1.0
N531	opposes 1.0		favors 0.5680674804467037 opposes 0.4097887327370612 __DUMMY__ 0.022143786816235047	true	0.5
N532	opposes 1.0	opposes 1.0	opposes 0.7257123137012982 favors 0.26616233633086955 __DUMMY__ 0.008125349967832153	false	1.0
N533	favors 1.0	favors 1.0	favors 0.7411178233841829 opposes 0.25032142490423354 __DUMMY__ 0.008560751711583584	false	1.0
N1390	favors 1.0	favors 1.0	favors 0.7513864217952357 opposes 0.24058262826433843 __DUMMY__ 0.008030949940425797	false	1.0
N1393	opposes 1.0	opposes 1.0	opposes 0.7328987122725648 favors 0.25930312906221326 __DUMMY__ 0.007798158665221991	false	1.0
N538	opposes 1.0	opposes 1.0	opposes 0.7209815820638444 favors 0.27093286402386624 __DUMMY__ 0.0080855539122893	false	1.0
N539	opposes 1.0		favors 0.5298476877755738 opposes 0.4464834527685088 __DUMMY__ 0.02366885945591734	true	0.5
N1394	opposes 1.0		favors 0.555849933619225 opposes 0.42161996335104207 __DUMMY__ 0.022530103029732938	true	0.5
N1391	opposes 1.0	opposes 1.0	opposes 0.7209815820638444 favors 0.2709328640238663 __DUMMY__ 0.008085553912289302	false	1.0
N1392	opposes 1.0		favors 0.5298476877755739 opposes 0.4464834527685088 __DUMMY__ 0.023668859455917336	true	0.5
N534	favors 1.0		favors 0.5506770729590135 opposes 0.42602463607858254 __DUMMY__ 0.023298290962403934	true	1.0
N1397	favors 1.0	favors 1.0	favors 0.774609628084023 opposes 0.2172257366408036 __DUMMY__ 0.008164635275173445	false	1.0
N535	favors 1.0		favors 0.5079253042176857 opposes 0.4691576275900089 __DUMMY__ 0.022917068192305313	true	1.0
N1398	favors 1.0		favors 0.5123205968642288 opposes 0.4646697992477268 __DUMMY__ 0.023009603888044263	true	1.0
N1395	opposes 1.0		favors 0.5015546178113678 opposes 0.4756206676799049 __DUMMY__ 0.02282471450872728	true	0.5
N536	opposes 1.0		favors 0.5300944967651705 opposes 0.4463759126268895 __DUMMY__ 0.02352959060793988	true	0.5
N537	favors 1.0		favors 0.528857308656466 opposes 0.4490921807055469 __DUMMY__ 0.022050510637987186	true	1.0
N1396	favors 1.0	favors 1.0	favors 0.751480233970754 opposes 0.24004125344528696 __DUMMY__ 0.008478512583958996	false	1.0
N1399	opposes 1.0		favors 0.5153887501929634 opposes 0.4613041377237854 __DUMMY__ 0.023307112083251338	true	0.5
N563	opposes 1.0		favors 0.5716982708756553 opposes 0.40596470464396156 __DUMMY__ 0.022337024480383123	true	0.5
N564	opposes 1.0		favors 0.5123205968642288 opposes 0.4646697992477268 __DUMMY__ 0.023009603888044263	true	0.5
N565	favors 1.0	favors 1.0	favors 0.7452991839484377 opposes 0.2460738830728029 __DUMMY__ 0.008626932978759331	false	1.0
