N1742	opposes 1.0		favors 0.5192245083470717 opposes 0.426003656307773 __DUMMY__ 0.0547718353451554	true	0.5
N1743	opposes 1.0		favors 0.5183255308255059 opposes 0.4267395258039502 __DUMMY__ 0.05493494337054405	true	0.5
N1740	favors 1.0	favors 1.0	favors 0.747127573091428 opposes 0.22749143763537166 __DUMMY__ 0.02538098927320044	false	1.0
N1741	opposes 1.0		favors 0.5189954662864359 opposes 0.4260830429323019 __DUMMY__ 0.05492149078126219	true	0.5
N1746	opposes 1.0		favors 0.5198435762841797 opposes 0.4253813578676874 __DUMMY__ 0.05477506584813279	true	0.5
N1747	opposes 1.0		favors 0.5180323432388159 opposes 0.42697579808155234 __DUMMY__ 0.05499185867963177	true	0.5
N1744	favors 1.0		favors 0.5183614178437058 opposes 0.4266317824467737 __DUMMY__ 0.05500679970952055	true	1.0
N1745	favors 1.0		favors 0.5189639355546782 opposes 0.4260530708038159 __DUMMY__ 0.05498299364150582	true	1.0
N1748	opposes 1.0		favors 0.5186729530591211 opposes 0.4265022523985407 __DUMMY__ 0.05482479454233826	true	0.5
N1749	favors 1.0		favors 0.5191990285865197 opposes 0.42600702736254126 __DUMMY__ 0.05479394405093905	true	1.0
N1731	opposes 1.0		favors 0.5176201817092634 opposes 0.42750652931198874 __DUMMY__ 0.05487328897874785	true	0.5
N1732	opposes 1.0		favors 0.5195881128965181 opposes 0.4255236297975636 __DUMMY__ 0.05488825730591826	true	0.5
N1730	favors 1.0		favors 0.5132295576347976 opposes 0.431724573002715 __DUMMY__ 0.055045869362487454	true	1.0
N1735	opposes 1.0		favors 0.5183710704760132 opposes 0.42679100935847797 __DUMMY__ 0.054837920165508855	true	0.5
N1736	favors 1.0	favors 1.0	favors 0.7471177815090821 opposes 0.22750688038232533 __DUMMY__ 0.025375338108592563	false	1.0
N1733	opposes 1.0		favors 0.5177038609488636 opposes 0.4274963400708226 __DUMMY__ 0.054799798980313716	true	0.5
N1734	favors 1.0		favors 0.5191478454499563 opposes 0.4258977768890322 __DUMMY__ 0.05495437766101152	true	1.0
N1739	favors 1.0		favors 0.5184430095022391 opposes 0.42673711133526376 __DUMMY__ 0.05481987916249724	true	1.0
N1737	favors 1.0		favors 0.5185191096434649 opposes 0.4265710308419542 __DUMMY__ 0.05490985951458087	true	1.0
N1738	opposes 1.0	opposes 1.0	opposes 0.6984706007563782 favors 0.2761714576887424 __DUMMY__ 0.0253579415548793	false	1.0
N1720	opposes 1.0		favors 0.5156006026039909 opposes 0.4294323017534302 __DUMMY__ 0.05496709564257882	true	0.5
N1721	opposes 1.0	opposes 1.0	opposes 0.6980189255081884 favors 0.27624972053554814 __DUMMY__ 0.025731353956263397	false	1.0
N1724	favors 1.0		favors 0.5127565494592629 opposes 0.43220915091256124 __DUMMY__ 0.05503429962817607	true	1.0
N1725	favors 1.0		favors 0.5149131928693572 opposes 0.430130045095096 __DUMMY__ 0.05495676203554683	true	1.0
N1722	favors 1.0		favors 0.5169359093805135 opposes 0.42823758438629755 __DUMMY__ 0.05482650623318898	true	1.0
N1723	favors 1.0		favors 0.5134042573542728 opposes 0.43154681588668237 __DUMMY__ 0.05504892675904497	true	1.0
N1728	opposes 1.0		favors 0.5158940062810364 opposes 0.42909736736330223 __DUMMY__ 0.055008626355661415	true	0.5
N1729	favors 1.0		favors 0.5172228128675347 opposes 0.4278797124849115 __DUMMY__ 0.05489747464755378	true	1.0
N1726	favors 1.0	favors 1.0	favors 0.745280770117678 opposes 0.22905063621609897 __DUMMY__ 0.02566859366622301	false	1.0
N1727	opposes 1.0		favors 0.5125776424714643 opposes 0.43243727242079144 __DUMMY__ 0.05498508510774422	true	0.5
N1710	favors 1.0		favors 0.5179568753771854 opposes 0.4271512263992528 __DUMMY__ 0.05489189822356194	true	1.0
N1713	opposes 1.0		favors 0.5151520285179915 opposes 0.429953832090655 __DUMMY__ 0.05489413939135373	true	0.5
N1714	favors 1.0		favors 0.5147435484999295 opposes 0.4303156634464355 __DUMMY__ 0.054940788053634934	true	1.0
N1711	favors 1.0		favors 0.5140271180729568 opposes 0.4309533899797841 __DUMMY__ 0.055019491947259073	true	1.0
N1712	favors 1.0		favors 0.5170700036134803 opposes 0.4280478660872059 __DUMMY__ 0.054882130299313776	true	1.0
N1717	favors 1.0		favors 0.5141634403700888 opposes 0.43088405469112234 __DUMMY__ 0.054952504938789025	true	1.0
N1718	opposes 1.0		favors 0.5175273713563165 opposes 0.42770084064620373 __DUMMY__ 0.054771787997479775	true	0.5
N1715	favors 1.0		favors 0.5151648600281488 opposes 0.430017388166544 __DUMMY__ 0.05481775180530729	true	1.0
N1716	favors 1.0		favors 0.5132971009955531 opposes 0.4317230842769512 __DUMMY__ 0.05497981472749565	true	1.0
N1719	favors 1.0		favors 0.5150353832423357 opposes 0.430064259546696 __DUMMY__ 0.05490035721096837	true	1.0
N1782	favors 1.0		favors 0.5196158667424541 opposes 0.4255082596145018 __DUMMY__ 0.05487587364304403	true	1.0
N1783	favors 1.0		favors 0.5194232602561453 opposes 0.42568399513285626 __DUMMY__ 0.05489274461099841	true	1.0
N1780	opposes 1.0		favors 0.5202961205583462 opposes 0.4247884009072741 __DUMMY__ 0.054915478534379746	true	0.5
N1781	opposes 1.0		favors 0.5221878862381153 opposes 0.42306456449356994 __DUMMY__ 0.05474754926831471	true	0.5
N1302	favors 1.0	favors 1.0	favors 0.7510291529857379 opposes 0.2234744332801366 __DUMMY__ 0.025496413734125544	false	1.0
N1786	opposes 1.0	opposes 1.0	opposes 0.6977065283969567 favors 0.27682764962860634 __DUMMY__ 0.025465821974436927	false	1.0
N1303	favors 1.0		favors 0.5276593020078724 opposes 0.41758412089251223 __DUMMY__ 0.05475657709961535	true	1.0
N1787	opposes 1.0		favors 0.5207987374135125 opposes 0.42435791160141245 __DUMMY__ 0.05484335098507504	true	0.5
N1300	favors 1.0	favors 1.0	favors 0.7503236562989801 opposes 0.2242125194161006 __DUMMY__ 0.025463824284919324	false	1.0
N1784	favors 1.0		favors 0.5203626700345804 opposes 0.42475728909343835 __DUMMY__ 0.05488004087198119	true	1.0
N1301	opposes 1.0		favors 0.5239884662741247 opposes 0.4209552762798576 __DUMMY__ 0.05505625744601767	true	0.5
N1785	opposes 1.0		favors 0.5233175463270094 opposes 0.421980218767738 __DUMMY__ 0.054702234905252556	true	0.5
N1306	opposes 1.0		favors 0.5264613212809436 opposes 0.4186816336167948 __DUMMY__ 0.05485704510226162	true	0.5
N1307	favors 1.0		favors 0.5236781492095935 opposes 0.4213326600588759 __DUMMY__ 0.054989190731530586	true	1.0
N1304	favors 1.0	favors 1.0	favors 0.750201755341607 opposes 0.22430104582106658 __DUMMY__ 0.02549719883732645	false	1.0
N1788	favors 1.0		favors 0.5226803712929742 opposes 0.42255108340479763 __DUMMY__ 0.054768545302228175	true	1.0
N1305	favors 1.0		favors 0.5255610897850823 opposes 0.41950819746367995 __DUMMY__ 0.05493071275123768	true	1.0
N1789	opposes 1.0		favors 0.5192274017580475 opposes 0.42589484507514686 __DUMMY__ 0.05487775316680557	true	0.5
N1308	opposes 1.0	opposes 1.0	opposes 0.6975356843250733 favors 0.2770216119497074 __DUMMY__ 0.02544270372521923	false	1.0
N1309	opposes 1.0		favors 0.5231480123857184 opposes 0.4219673864608615 __DUMMY__ 0.05488460115342	true	0.5
N1771	favors 1.0		favors 0.5222546085320067 opposes 0.4229106161184867 __DUMMY__ 0.0548347753495066	true	1.0
N1772	opposes 1.0		favors 0.5198067907009896 opposes 0.42544385881297037 __DUMMY__ 0.054749350486039884	true	0.5
N1770	opposes 1.0		favors 0.5188904157704902 opposes 0.42627322604550005 __DUMMY__ 0.05483635818400981	true	0.5
N1775	favors 1.0		favors 0.5190219636383864 opposes 0.4261114203080316 __DUMMY__ 0.054866616053582014	true	1.0
N1776	favors 1.0		favors 0.5202583574276561 opposes 0.4248855447651196 __DUMMY__ 0.054856097807224224	true	1.0
N1773	favors 1.0		favors 0.5202850345774442 opposes 0.42486225288611784 __DUMMY__ 0.05485271253643795	true	1.0
N1774	opposes 1.0	opposes 1.0	opposes 0.6968247665386965 favors 0.27774427707119065 __DUMMY__ 0.025430956390112797	false	1.0
N1779	favors 1.0		favors 0.5197347278414376 opposes 0.42549594848158734 __DUMMY__ 0.05476932367697506	true	1.0
N1777	favors 1.0	favors 1.0	favors 0.748506543638816 opposes 0.22611011161693628 __DUMMY__ 0.02538334474424771	false	1.0
N1778	favors 1.0		favors 0.5206067628774389 opposes 0.4245548844968984 __DUMMY__ 0.054838352625662716	true	1.0
N901	favors 1.0		favors 0.5194845924997202 opposes 0.42564162417719775 __DUMMY__ 0.054873783323081876	true	1.0
N902	favors 1.0		favors 0.5202463619907788 opposes 0.42492224003490053 __DUMMY__ 0.05483139797432071	true	1.0
N903	opposes 1.0	opposes 1.0	opposes 0.696857343927392 favors 0.2778644306805636 __DUMMY__ 0.025278225392044416	false	1.0
N904	opposes 1.0		favors 0.5190768415758301 opposes 0.42605455902492695 __DUMMY__ 0.05486859939924293	true	0.5
N1760	opposes 1.0		favors 0.5218998716696593 opposes 0.42312998082752135 __DUMMY__ 0.05497014750281934	true	0.5
N1761	opposes 1.0		favors 0.5236548416908057 opposes 0.4215729320875607 __DUMMY__ 0.054772226221633614	true	0.5
N900	favors 1.0	favors 1.0	favors 0.7479260371471396 opposes 0.22671430314338736 __DUMMY__ 0.025359659709473126	false	1.0
N1764	favors 1.0		favors 0.5219455724520109 opposes 0.4230930514108442 __DUMMY__ 0.05496137613714493	true	1.0
N909	favors 1.0		favors 0.51699977989661 opposes 0.42811245656173075 __DUMMY__ 0.05488776354165933	true	1.0
N1765	opposes 1.0		favors 0.524746698882418 opposes 0.42052159145955476 __DUMMY__ 0.054731709658027164	true	0.5
N1762	favors 1.0		favors 0.5211189027864677 opposes 0.4239049111243941 __DUMMY__ 0.05497618608913834	true	1.0
N1763	opposes 1.0		favors 0.5208368302182792 opposes 0.4241753250631574 __DUMMY__ 0.05498784471856334	true	0.5
N1768	favors 1.0		favors 0.5240772745363205 opposes 0.4211315516208405 __DUMMY__ 0.05479117384283901	true	1.0
N905	opposes 1.0		favors 0.5204495192466545 opposes 0.42494178246311304 __DUMMY__ 0.054608698290232426	true	0.5
N1769	opposes 1.0	opposes 1.0	opposes 0.6968618769954035 favors 0.27763071965418584 __DUMMY__ 0.02550740335041066	false	1.0
N906	favors 1.0		favors 0.5208455254413381 opposes 0.42460061270036437 __DUMMY__ 0.05455386185829758	true	1.0
N1766	opposes 1.0		favors 0.5200404615761405 opposes 0.4249858921169066 __DUMMY__ 0.05497364630695302	true	0.5
N907	opposes 1.0		favors 0.5196028395773536 opposes 0.42565649661905014 __DUMMY__ 0.05474066380359616	true	0.5
N908	opposes 1.0		favors 0.5145445336136077 opposes 0.4305870573273831 __DUMMY__ 0.054868409059009124	true	0.5
N1767	opposes 1.0		favors 0.5223029819269644 opposes 0.42279114035486903 __DUMMY__ 0.05490587771816652	true	0.5
N1750	opposes 1.0		favors 0.5180766944780587 opposes 0.42700912384194656 __DUMMY__ 0.05491418167999478	true	0.5
N1753	favors 1.0		favors 0.5220068702678166 opposes 0.4230549217529646 __DUMMY__ 0.054938207979218834	true	1.0
N1754	opposes 1.0		favors 0.5222647291196015 opposes 0.42292394863673716 __DUMMY__ 0.054811322243661253	true	0.5
N1751	opposes 1.0		favors 0.5203702365447489 opposes 0.4247144600944818 __DUMMY__ 0.05491530336076916	true	0.5
N1752	opposes 1.0		favors 0.5213527099993106 opposes 0.4238532308072797 __DUMMY__ 0.05479405919340979	true	0.5
N1757	favors 1.0	favors 1.0	favors 0.749410716490687 opposes 0.22518000809427977 __DUMMY__ 0.0254092754150333	false	1.0
N1758	favors 1.0		favors 0.5222050305979016 opposes 0.4229241207533705 __DUMMY__ 0.05487084864872791	true	1.0
N1755	favors 1.0		favors 0.5204124469352762 opposes 0.4246245865242012 __DUMMY__ 0.05496296654052257	true	1.0
N1756	favors 1.0		favors 0.5217389974501159 opposes 0.42330787724414504 __DUMMY__ 0.05495312530573907	true	1.0
N1759	favors 1.0	favors 1.0	favors 0.748091165181341 opposes 0.22644454516620882 __DUMMY__ 0.0254642896524502	false	1.0
N923	favors 1.0		favors 0.5172426017118422 opposes 0.4280137123161993 __DUMMY__ 0.054743685971958535	true	1.0
N924	opposes 1.0	opposes 1.0	opposes 0.6999292954469979 favors 0.2745817346791107 __DUMMY__ 0.02548896987389146	false	1.0
N925	opposes 1.0		favors 0.5156390686006145 opposes 0.42950828960712806 __DUMMY__ 0.054852641792257344	true	0.5
N926	favors 1.0		favors 0.5165768076938768 opposes 0.4286039232117923 __DUMMY__ 0.05481926909433088	true	1.0
N1342	favors 1.0		favors 0.5225711524093624 opposes 0.42249496687299815 __DUMMY__ 0.05493388071763963	true	1.0
N1343	favors 1.0		favors 0.5238106273449796 opposes 0.42144545081895357 __DUMMY__ 0.054743921836066835	true	1.0
N920	favors 1.0		favors 0.5156447409624164 opposes 0.4294256452826201 __DUMMY__ 0.05492961375496344	true	1.0
N1340	favors 1.0		favors 0.5219715421943383 opposes 0.4231231177513347 __DUMMY__ 0.05490534005432705	true	1.0
N921	favors 1.0		favors 0.5157868289406773 opposes 0.4292063014226421 __DUMMY__ 0.05500686963668057	true	1.0
N1341	favors 1.0	favors 1.0	favors 0.7492796906456474 opposes 0.22527413801446478 __DUMMY__ 0.025446171339887785	false	1.0
N922	favors 1.0		favors 0.5163564139600784 opposes 0.42862145760818426 __DUMMY__ 0.055022128431737365	true	1.0
N1346	favors 1.0	favors 1.0	favors 0.7497831071420092 opposes 0.2248738496110803 __DUMMY__ 0.025343043246910453	false	1.0
N1347	opposes 1.0		favors 0.5217751382533992 opposes 0.42333114498624796 __DUMMY__ 0.05489371676035281	true	0.5
N1344	opposes 1.0		favors 0.5217103728501092 opposes 0.42330758882632424 __DUMMY__ 0.05498203832356655	true	0.5
N1345	opposes 1.0	opposes 1.0	opposes 0.696284653773658 favors 0.2783561449411588 __DUMMY__ 0.025359201285183146	false	1.0
N927	opposes 1.0		favors 0.5150536294837544 opposes 0.4300284003174625 __DUMMY__ 0.05491797019878321	true	0.5
N928	favors 1.0		favors 0.5181626744142163 opposes 0.4267444229609974 __DUMMY__ 0.05509290262478633	true	1.0
N929	favors 1.0		favors 0.5206475290904302 opposes 0.42427007053168586 __DUMMY__ 0.05508240037788402	true	1.0
N1348	favors 1.0		favors 0.5223999427950878 opposes 0.4225639940973602 __DUMMY__ 0.05503606310755186	true	1.0
N1349	favors 1.0		favors 0.5197705254645905 opposes 0.4251062008270175 __DUMMY__ 0.05512327370839206	true	1.0
N912	opposes 1.0		favors 0.5155000259163661 opposes 0.42966888904921297 __DUMMY__ 0.05483108503442081	true	0.5
N913	favors 1.0		favors 0.5145072696628747 opposes 0.43064865692349824 __DUMMY__ 0.05484407341362705	true	1.0
N914	favors 1.0		favors 0.5158209389174939 opposes 0.4292816221494236 __DUMMY__ 0.05489743893308251	true	1.0
N915	favors 1.0		favors 0.5162157449722273 opposes 0.42898379543849935 __DUMMY__ 0.05480045958927325	true	1.0
N1331	favors 1.0		favors 0.5226891156128005 opposes 0.42240161543892685 __DUMMY__ 0.05490926894827252	true	1.0
N1332	favors 1.0		favors 0.5224408946972532 opposes 0.4227299296059278 __DUMMY__ 0.054829175696818916	true	1.0
N910	opposes 1.0	opposes 1.0	opposes 0.7000355305698776 favors 0.2745470973431127 __DUMMY__ 0.025417372087009827	false	1.0
N1330	opposes 1.0		favors 0.5219431019016852 opposes 0.42324342929729303 __DUMMY__ 0.05481346880102164	true	0.5
N911	favors 1.0		favors 0.5166010091892486 opposes 0.42843459745814355 __DUMMY__ 0.054964393352607895	true	1.0
N1335	opposes 1.0		favors 0.5229793097812526 opposes 0.422215815625974 __DUMMY__ 0.054804874592773375	true	0.5
N1336	favors 1.0		favors 0.5223839113236565 opposes 0.42282405702350795 __DUMMY__ 0.05479203165283576	true	1.0
N1333	favors 1.0		favors 0.5217135900736822 opposes 0.42342807277526606 __DUMMY__ 0.054858337151051616	true	1.0
N1334	favors 1.0		favors 0.5222291423587923 opposes 0.4228872778502698 __DUMMY__ 0.05488357979093788	true	1.0
N1339	opposes 1.0		favors 0.5232045927328985 opposes 0.422077553148406 __DUMMY__ 0.054717854118695446	true	0.5
N916	favors 1.0		favors 0.5155594049915948 opposes 0.42959218636866026 __DUMMY__ 0.05484840863974493	true	1.0
N917	favors 1.0		favors 0.5147777929504331 opposes 0.4303651113005184 __DUMMY__ 0.05485709574904852	true	1.0
N1337	favors 1.0		favors 0.522148656762574 opposes 0.42299238412378676 __DUMMY__ 0.05485895911363918	true	1.0
N918	opposes 1.0		favors 0.5161042799912914 opposes 0.42893601357388 __DUMMY__ 0.054959706434828656	true	0.5
N1338	opposes 1.0		favors 0.5226945000081575 opposes 0.4224305435766596 __DUMMY__ 0.054874956415182766	true	0.5
N919	opposes 1.0		favors 0.5167396438938191 opposes 0.4284705270968267 __DUMMY__ 0.054789829009354266	true	0.5
N940	opposes 1.0		favors 0.5188979233156722 opposes 0.4259327487286698 __DUMMY__ 0.05516932795565804	true	0.5
N945	favors 1.0		favors 0.5195813603835339 opposes 0.42536563642011177 __DUMMY__ 0.055053003196354394	true	1.0
N946	opposes 1.0		favors 0.5203475249893936 opposes 0.4246808982001148 __DUMMY__ 0.05497157681049164	true	0.5
N947	favors 1.0		favors 0.5183788995260139 opposes 0.4264537310905215 __DUMMY__ 0.05516736938346457	true	1.0
N948	opposes 1.0		favors 0.5138836520053034 opposes 0.4310139057523274 __DUMMY__ 0.05510244224236918	true	0.5
N941	opposes 1.0		favors 0.5188437006109582 opposes 0.42594535415685225 __DUMMY__ 0.055210945232189626	true	0.5
N1320	opposes 1.0		favors 0.5205915229918427 opposes 0.4244036628302895 __DUMMY__ 0.05500481417786766	true	0.5
N942	opposes 1.0		favors 0.519647151469666 opposes 0.4251967455486872 __DUMMY__ 0.055156102981646644	true	0.5
N1321	favors 1.0		favors 0.5207241698067263 opposes 0.4241649059161392 __DUMMY__ 0.05511092427713445	true	1.0
N943	favors 1.0		favors 0.5212374212418808 opposes 0.4238342370765076 __DUMMY__ 0.054928341681611766	true	1.0
N944	favors 1.0		favors 0.518253626158055 opposes 0.426560094439225 __DUMMY__ 0.05518627940271991	true	1.0
N1324	opposes 1.0		favors 0.5203215132270246 opposes 0.4245757993367231 __DUMMY__ 0.05510268743625241	true	0.5
N1325	opposes 1.0		favors 0.5216429077838364 opposes 0.4235043781933585 __DUMMY__ 0.05485271402280501	true	0.5
N1322	favors 1.0		favors 0.5218538460150565 opposes 0.4230650586457803 __DUMMY__ 0.055081095339163264	true	1.0
N1323	favors 1.0	favors 1.0	favors 0.7501748498397671 opposes 0.22448779747205794 __DUMMY__ 0.025337352688174983	false	1.0
N1328	opposes 1.0		favors 0.5217298529168856 opposes 0.42339611308108266 __DUMMY__ 0.054874034002031766	true	0.5
N949	favors 1.0	favors 1.0	favors 0.7460891912170615 opposes 0.22827917678579054 __DUMMY__ 0.025631631997148043	false	1.0
N1329	favors 1.0		favors 0.5233282885164615 opposes 0.4218160719260439 __DUMMY__ 0.05485563955749474	true	1.0
N1326	favors 1.0		favors 0.5226269478327937 opposes 0.422594362069134 __DUMMY__ 0.05477869009807225	true	1.0
N1327	opposes 1.0		favors 0.5203019208939791 opposes 0.4247561652740382 __DUMMY__ 0.05494191383198269	true	0.5
N934	opposes 1.0		favors 0.5191857374590627 opposes 0.42568736420187187 __DUMMY__ 0.055126898339065485	true	0.5
N935	opposes 1.0		favors 0.5199538734797545 opposes 0.4250295127000549 __DUMMY__ 0.055016613820190484	true	0.5
N1790	favors 1.0		favors 0.521086741743544 opposes 0.42420650171938507 __DUMMY__ 0.05470675653707083	true	1.0
N936	opposes 1.0		favors 0.5194122890590912 opposes 0.42556305551080553 __DUMMY__ 0.05502465543010331	true	0.5
N937	opposes 1.0		favors 0.5185181318148597 opposes 0.42640915906619625 __DUMMY__ 0.055072709118943984	true	0.5
N930	favors 1.0		favors 0.5186505595509718 opposes 0.4263317767721398 __DUMMY__ 0.05501766367688847	true	1.0
N1793	opposes 1.0		favors 0.5221417784570683 opposes 0.42306467355866073 __DUMMY__ 0.054793547984270864	true	0.5
N931	opposes 1.0		favors 0.519708074881965 opposes 0.4251490760279261 __DUMMY__ 0.05514284909010896	true	0.5
N1310	opposes 1.0		favors 0.5204218859849554 opposes 0.42475036347877304 __DUMMY__ 0.05482775053627153	true	0.5
N1794	favors 1.0		favors 0.5217780632180887 opposes 0.42357161057267634 __DUMMY__ 0.05465032620923506	true	1.0
N932	favors 1.0		favors 0.5193714770261963 opposes 0.4255980819777596 __DUMMY__ 0.05503044099604398	true	1.0
N1791	favors 1.0		favors 0.523256208545182 opposes 0.4220278993369375 __DUMMY__ 0.05471589211788052	true	1.0
N933	opposes 1.0		favors 0.5181072672640862 opposes 0.42679740885263473 __DUMMY__ 0.05509532388327906	true	0.5
N1792	favors 1.0		favors 0.5213164631673787 opposes 0.4241086698578248 __DUMMY__ 0.05457486697479659	true	1.0
N1313	favors 1.0		favors 0.5197990931115359 opposes 0.42533730188283875 __DUMMY__ 0.05486360500562517	true	1.0
N1797	opposes 1.0		favors 0.5226649841312395 opposes 0.4227285568570886 __DUMMY__ 0.05460645901167189	true	0.5
N1314	favors 1.0		favors 0.5210835926084272 opposes 0.42396099954529415 __DUMMY__ 0.054955407846278614	true	1.0
N1798	favors 1.0		favors 0.5215536104658398 opposes 0.4237870292883043 __DUMMY__ 0.05465936024585605	true	1.0
N1311	favors 1.0		favors 0.5217130737140917 opposes 0.4232922545365395 __DUMMY__ 0.05499467174936873	true	1.0
N1795	opposes 1.0		favors 0.5205002631765924 opposes 0.42475817948259814 __DUMMY__ 0.05474155734080946	true	0.5
N1312	opposes 1.0		favors 0.5212089210216327 opposes 0.42396631331394685 __DUMMY__ 0.05482476566442038	true	0.5
N1796	opposes 1.0	opposes 1.0	opposes 0.6970480292110213 favors 0.27761671501055035 __DUMMY__ 0.025335255778428364	false	1.0
N938	favors 1.0		favors 0.519464622557944 opposes 0.4253953139962472 __DUMMY__ 0.05514006344580871	true	1.0
N1317	favors 1.0		favors 0.5206712191498127 opposes 0.42441008866218727 __DUMMY__ 0.054918692188000016	true	1.0
N939	favors 1.0		favors 0.5204545288897708 opposes 0.4245973586074099 __DUMMY__ 0.05494811250281923	true	1.0
N1318	opposes 1.0		favors 0.5213772728291144 opposes 0.4237035086467211 __DUMMY__ 0.05491921852416436	true	0.5
N1315	favors 1.0		favors 0.522053197987098 opposes 0.42308778966776356 __DUMMY__ 0.05485901234513844	true	1.0
N1799	opposes 1.0		favors 0.5214786159943586 opposes 0.42387423734085283 __DUMMY__ 0.05464714666478847	true	0.5
N1316	favors 1.0		favors 0.521186068271226 opposes 0.42404061186313785 __DUMMY__ 0.054773319865636196	true	1.0
N1319	favors 1.0		favors 0.5225908423241109 opposes 0.4227276485998018 __DUMMY__ 0.054681509076087216	true	1.0
N960	opposes 1.0		favors 0.5146994992153942 opposes 0.4300668698906223 __DUMMY__ 0.055233630893983636	true	0.5
N961	opposes 1.0		favors 0.5158495895801827 opposes 0.42897047170178365 __DUMMY__ 0.05517993871803373	true	0.5
N962	favors 1.0	favors 1.0	favors 0.7462659242611213 opposes 0.22818558802901773 __DUMMY__ 0.02554848770986096	false	1.0
N967	opposes 1.0		favors 0.5186529408608448 opposes 0.4262737336185163 __DUMMY__ 0.055073325520639003	true	0.5
N1382	opposes 1.0		favors 0.5209205438385272 opposes 0.42386625256200555 __DUMMY__ 0.05521320359946741	true	0.5
N1383	opposes 1.0		favors 0.5229981042385838 opposes 0.4218435442604568 __DUMMY__ 0.05515835150095952	true	0.5
N968	favors 1.0		favors 0.5209785800457646 opposes 0.42394457072601366 __DUMMY__ 0.05507684922822174	true	1.0
N969	opposes 1.0	opposes 1.0	opposes 0.6985345383954777 favors 0.2759926296551103 __DUMMY__ 0.025472831949411977	false	1.0
N1380	favors 1.0		favors 0.5230294943685351 opposes 0.42173285531141635 __DUMMY__ 0.05523765032004861	true	1.0
N1381	favors 1.0	favors 1.0	favors 0.7509325219698871 opposes 0.22355766715515085 __DUMMY__ 0.025509810874962034	false	1.0
N963	favors 1.0		favors 0.5136735458697377 opposes 0.43116876044473884 __DUMMY__ 0.05515769368552337	true	1.0
N1386	favors 1.0		favors 0.5219947775798573 opposes 0.42298171439360305 __DUMMY__ 0.05502350802653966	true	1.0
N964	favors 1.0		favors 0.5162840386991214 opposes 0.42851436024770323 __DUMMY__ 0.05520160105317543	true	1.0
N1387	favors 1.0		favors 0.5239718963365286 opposes 0.4210484691650583 __DUMMY__ 0.05497963449841321	true	1.0
N965	opposes 1.0		favors 0.5172139093373188 opposes 0.4277664450009795 __DUMMY__ 0.05501964566170166	true	0.5
N1384	favors 1.0		favors 0.5243502564221787 opposes 0.42056921987517293 __DUMMY__ 0.05508052370264823	true	1.0
N1385	opposes 1.0		favors 0.5207959409448873 opposes 0.42397376706409945 __DUMMY__ 0.05523029199101331	true	0.5
N966	favors 1.0		favors 0.514639409204725 opposes 0.43023377112685157 __DUMMY__ 0.05512681966842336	true	1.0
N1388	favors 1.0		favors 0.5224012302392 opposes 0.4226415725194861 __DUMMY__ 0.05495719724131388	true	1.0
N1389	opposes 1.0		favors 0.5230641930685764 opposes 0.4219022359252707 __DUMMY__ 0.05503357100615281	true	0.5
N950	favors 1.0		favors 0.514509049425484 opposes 0.43048765459500643 __DUMMY__ 0.05500329597950953	true	1.0
N951	opposes 1.0		favors 0.5162468147840298 opposes 0.42862219705382854 __DUMMY__ 0.05513098816214169	true	0.5
N956	opposes 1.0		favors 0.5148176710444781 opposes 0.4300661035819249 __DUMMY__ 0.05511622537359693	true	0.5
N1371	opposes 1.0	opposes 1.0	opposes 0.6969027485049932 favors 0.2774814698904531 __DUMMY__ 0.02561578160455358	false	1.0
N1372	favors 1.0		favors 0.5220129075386032 opposes 0.4228151998126112 __DUMMY__ 0.0551718926487856	true	1.0
N957	favors 1.0		favors 0.5159082825814024 opposes 0.4289757570266577 __DUMMY__ 0.055115960391939924	true	1.0
N958	favors 1.0		favors 0.5177599527527751 opposes 0.4273048437824222 __DUMMY__ 0.05493520346480274	true	1.0
N959	favors 1.0		favors 0.5150494325455358 opposes 0.42973848970617917 __DUMMY__ 0.05521207774828508	true	1.0
N1370	opposes 1.0		favors 0.5228462947522456 opposes 0.4220916881468864 __DUMMY__ 0.05506201710086778	true	0.5
N952	favors 1.0		favors 0.515134545646204 opposes 0.42994759180075093 __DUMMY__ 0.05491786255304505	true	1.0
N1375	favors 1.0		favors 0.5212956527955797 opposes 0.4236009681398786 __DUMMY__ 0.05510337906454173	true	1.0
N1376	opposes 1.0		favors 0.5227165475909649 opposes 0.42207111451835666 __DUMMY__ 0.055212337890678614	true	0.5
N953	opposes 1.0		favors 0.5142736979352496 opposes 0.4306634751476655 __DUMMY__ 0.05506282691708481	true	0.5
N954	opposes 1.0		favors 0.5162241354071656 opposes 0.42880232012023417 __DUMMY__ 0.05497354447260015	true	0.5
N1373	favors 1.0		favors 0.524092114861433 opposes 0.4208490469471067 __DUMMY__ 0.055058838191460194	true	1.0
N955	opposes 1.0	opposes 1.0	opposes 0.698532678692505 favors 0.27584246713681776 __DUMMY__ 0.025624854170677187	false	1.0
N1374	favors 1.0		favors 0.5226306650966831 opposes 0.42227205585480243 __DUMMY__ 0.05509727904851448	true	1.0
N1379	favors 1.0		favors 0.5211754812295522 opposes 0.4235657320295872 __DUMMY__ 0.05525878674086065	true	1.0
N1377	opposes 1.0		favors 0.5243493012348961 opposes 0.4206349874457798 __DUMMY__ 0.05501571131932406	true	0.5
N1378	favors 1.0	favors 1.0	favors 0.7485319435294258 opposes 0.22583755305195927 __DUMMY__ 0.025630503418615037	false	1.0
N981	opposes 1.0		favors 0.5187913777983482 opposes 0.4260577029830226 __DUMMY__ 0.0551509192186292	true	0.5
N982	opposes 1.0	opposes 1.0	opposes 0.698053542843316 favors 0.2764648563272962 __DUMMY__ 0.025481600829387812	false	1.0
N983	favors 1.0		favors 0.5203711596445953 opposes 0.42462679016637545 __DUMMY__ 0.05500205018902911	true	1.0
N500	opposes 1.0		favors 0.5197674480444492 opposes 0.4251825675683674 __DUMMY__ 0.055049984387183414	true	0.5
N984	favors 1.0		favors 0.5185509505771771 opposes 0.4262875401027375 __DUMMY__ 0.05516150932008525	true	1.0
N980	favors 1.0		favors 0.5199610858639241 opposes 0.42487150917952715 __DUMMY__ 0.055167404956548885	true	1.0
N505	favors 1.0	favors 1.0	favors 0.7488803135142843 opposes 0.22574669952524312 __DUMMY__ 0.02537298696047253	false	1.0
N989	opposes 1.0		favors 0.5187814655159524 opposes 0.4261436296003723 __DUMMY__ 0.05507490488367523	true	0.5
N1360	opposes 1.0		favors 0.518467148830854 opposes 0.4263080357485183 __DUMMY__ 0.05522481542062771	true	0.5
N506	opposes 1.0		favors 0.51962003040128 opposes 0.4253144506311045 __DUMMY__ 0.05506551896761559	true	0.5
N1361	favors 1.0		favors 0.5201075194864563 opposes 0.424689395185264 __DUMMY__ 0.05520308532827979	true	1.0
N507	opposes 1.0		favors 0.5195279629096873 opposes 0.42535384583798863 __DUMMY__ 0.05511819125232416	true	0.5
N508	opposes 1.0		favors 0.520094926577169 opposes 0.4248145424099022 __DUMMY__ 0.05509053101292875	true	0.5
N501	opposes 1.0		favors 0.5203860041499991 opposes 0.42464478556160473 __DUMMY__ 0.05496921028839616	true	0.5
N985	opposes 1.0		favors 0.5185023548429202 opposes 0.42641395253801234 __DUMMY__ 0.0550836926190674	true	0.5
N1364	favors 1.0		favors 0.5222818019847988 opposes 0.42264320849352494 __DUMMY__ 0.055074989521676256	true	1.0
N502	favors 1.0		favors 0.5199356454699436 opposes 0.42510964936991463 __DUMMY__ 0.0549547051601418	true	1.0
N986	opposes 1.0		favors 0.5206661741893625 opposes 0.42425742390379395 __DUMMY__ 0.05507640190684354	true	0.5
N1365	favors 1.0		favors 0.5173347255865107 opposes 0.42736512369039176 __DUMMY__ 0.055300150723097484	true	1.0
N503	opposes 1.0		favors 0.5196337458755044 opposes 0.4253708131266893 __DUMMY__ 0.054995440997806525	true	0.5
N987	opposes 1.0		favors 0.5180255619968811 opposes 0.426919225757548 __DUMMY__ 0.05505521224557091	true	0.5
N1362	favors 1.0		favors 0.5244103756057663 opposes 0.4206909978093337 __DUMMY__ 0.05489862658489991	true	1.0
N504	favors 1.0		favors 0.520221576685997 opposes 0.42473518160803253 __DUMMY__ 0.055043241705970455	true	1.0
N988	favors 1.0		favors 0.5203443013701433 opposes 0.4245028171716464 __DUMMY__ 0.05515288145821032	true	1.0
N1363	opposes 1.0		favors 0.518094562415627 opposes 0.42667175713130445 __DUMMY__ 0.055233680453068694	true	0.5
N1368	opposes 1.0		favors 0.5213935196950529 opposes 0.4235580246381781 __DUMMY__ 0.055048455666768976	true	0.5
N1369	favors 1.0		favors 0.5229716655460587 opposes 0.4218529447240324 __DUMMY__ 0.05517538972990895	true	1.0
N1366	opposes 1.0		favors 0.5207704944192104 opposes 0.42409371577512006 __DUMMY__ 0.05513578980566957	true	0.5
N1367	opposes 1.0		favors 0.5249166264990269 opposes 0.41996627933991715 __DUMMY__ 0.05511709416105599	true	0.5
N509	favors 1.0		favors 0.5211400614142987 opposes 0.42394615948999226 __DUMMY__ 0.05491377909570909	true	1.0
N970	favors 1.0		favors 0.5202764847322051 opposes 0.4245941582869449 __DUMMY__ 0.055129356980849906	true	1.0
N971	opposes 1.0		favors 0.519389471508635 opposes 0.4255782769407506 __DUMMY__ 0.05503225155061432	true	0.5
N972	favors 1.0		favors 0.5180255445612169 opposes 0.4268567564751296 __DUMMY__ 0.05511769896365357	true	1.0
N973	favors 1.0		favors 0.5195986696386763 opposes 0.42529561042641506 __DUMMY__ 0.05510571993490875	true	1.0
N978	opposes 1.0		favors 0.5204536059468784 opposes 0.42457898361693497 __DUMMY__ 0.054967410436186685	true	0.5
N979	favors 1.0		favors 0.5191679592131102 opposes 0.42567400536639 __DUMMY__ 0.05515803542049969	true	1.0
N1350	opposes 1.0		favors 0.5203603006333828 opposes 0.42458094882212327 __DUMMY__ 0.05505875054449401	true	0.5
N974	favors 1.0		favors 0.5199243114871562 opposes 0.4250422840540638 __DUMMY__ 0.055033404458780084	true	1.0
N1353	opposes 1.0		favors 0.5190570826386216 opposes 0.42585151827859047 __DUMMY__ 0.0550913990827879	true	0.5
N975	favors 1.0		favors 0.5194154808051438 opposes 0.4255397872677743 __DUMMY__ 0.05504473192708203	true	1.0
N1354	opposes 1.0		favors 0.5221437656390682 opposes 0.42279807184806556 __DUMMY__ 0.05505816251286628	true	0.5
N976	favors 1.0		favors 0.5187506255406507 opposes 0.42618031089458214 __DUMMY__ 0.055069063564767075	true	1.0
N1351	favors 1.0	favors 1.0	favors 0.7462595718571106 opposes 0.22802765747768539 __DUMMY__ 0.025712770665204006	false	1.0
N977	opposes 1.0		favors 0.5198379962881724 opposes 0.42501932450469415 __DUMMY__ 0.05514267920713343	true	0.5
N1352	opposes 1.0		favors 0.516856459634753 opposes 0.42792343529750154 __DUMMY__ 0.05522010506774548	true	0.5
N1357	favors 1.0	favors 1.0	favors 0.7464928196451313 opposes 0.22778447519500397 __DUMMY__ 0.025722705159864648	false	1.0
N1358	favors 1.0		favors 0.5219719291187354 opposes 0.42307882030357513 __DUMMY__ 0.05494925057768949	true	1.0
N1355	favors 1.0		favors 0.5196365484068022 opposes 0.42530430161823657 __DUMMY__ 0.055059149974961336	true	1.0
N1356	opposes 1.0		favors 0.5198853446541215 opposes 0.4248885108232315 __DUMMY__ 0.05522614452264707	true	0.5
N1359	favors 1.0		favors 0.5182283686859945 opposes 0.4265394909869514 __DUMMY__ 0.055232140327054056	true	1.0
N520	favors 1.0		favors 0.5201265934848994 opposes 0.42480149792100125 __DUMMY__ 0.05507190859409946	true	1.0
N521	favors 1.0		favors 0.5209944628381624 opposes 0.4240308996606948 __DUMMY__ 0.05497463750114284	true	1.0
N522	favors 1.0		favors 0.5204411843256701 opposes 0.4245607411740969 __DUMMY__ 0.05499807450023298	true	1.0
N527	favors 1.0		favors 0.520587520834443 opposes 0.4243468714972611 __DUMMY__ 0.055065607668295886	true	1.0
N528	favors 1.0		favors 0.5218689082102175 opposes 0.42322679295082316 __DUMMY__ 0.05490429883895944	true	1.0
N529	opposes 1.0		favors 0.519831688721657 opposes 0.42506053838257996 __DUMMY__ 0.05510777289576303	true	0.5
N523	favors 1.0		favors 0.5201579129646171 opposes 0.4248417658915967 __DUMMY__ 0.055000321143786064	true	1.0
N524	opposes 1.0		favors 0.5204425058796791 opposes 0.4244841766719005 __DUMMY__ 0.05507331744842036	true	0.5
N525	opposes 1.0		favors 0.5212473113237317 opposes 0.4238378428877503 __DUMMY__ 0.05491484578851815	true	0.5
N526	favors 1.0	favors 1.0	favors 0.7483304542309367 opposes 0.2261654883886729 __DUMMY__ 0.025504057380390348	false	1.0
N992	favors 1.0		favors 0.5195115969490312 opposes 0.4254685978310028 __DUMMY__ 0.05501980521996612	true	1.0
N993	favors 1.0		favors 0.5190714398766895 opposes 0.42592170021180625 __DUMMY__ 0.05500685991150426	true	1.0
N510	favors 1.0		favors 0.5193542709422471 opposes 0.4255330286520026 __DUMMY__ 0.055112700405750364	true	1.0
N994	favors 1.0		favors 0.5184796040304788 opposes 0.42643359609900444 __DUMMY__ 0.055086799870516866	true	1.0
N511	favors 1.0		favors 0.520069728806874 opposes 0.42498160881229985 __DUMMY__ 0.05494866238082607	true	1.0
N995	opposes 1.0		favors 0.5197406541056251 opposes 0.42510206654479826 __DUMMY__ 0.05515727934957673	true	0.5
N990	favors 1.0	favors 1.0	favors 0.7468852175614467 opposes 0.2275534093846203 __DUMMY__ 0.02556137305393293	false	1.0
N991	favors 1.0		favors 0.5195378776144814 opposes 0.425383287937993 __DUMMY__ 0.05507883444752565	true	1.0
N516	opposes 1.0		favors 0.520158404794413 opposes 0.42487660323967513 __DUMMY__ 0.054964991965911876	true	0.5
N517	favors 1.0		favors 0.5205243080492897 opposes 0.42439746912076715 __DUMMY__ 0.05507822282994309	true	1.0
N518	opposes 1.0		favors 0.5205564085573329 opposes 0.4244350206095143 __DUMMY__ 0.05500857083315282	true	0.5
N519	favors 1.0		favors 0.5195823714608838 opposes 0.42538646994948776 __DUMMY__ 0.05503115858962838	true	1.0
N512	opposes 1.0		favors 0.5206383867818231 opposes 0.4244517811301241 __DUMMY__ 0.05490983208805278	true	0.5
N996	opposes 1.0		favors 0.5199519830776921 opposes 0.4251309859382667 __DUMMY__ 0.05491703098404119	true	0.5
N513	favors 1.0	favors 1.0	favors 0.7481676743738945 opposes 0.22637394592175533 __DUMMY__ 0.025458379704350224	false	1.0
N997	favors 1.0		favors 0.5194423401328039 opposes 0.42537795537417494 __DUMMY__ 0.05517970449302121	true	1.0
N514	opposes 1.0		favors 0.5197465970488856 opposes 0.4252166853483344 __DUMMY__ 0.05503671760278013	true	0.5
N998	favors 1.0		favors 0.519872131627987 opposes 0.42494232008791294 __DUMMY__ 0.05518554828410016	true	1.0
N515	opposes 1.0		favors 0.5211649100858542 opposes 0.4238027434076911 __DUMMY__ 0.05503234650645475	true	0.5
N999	opposes 1.0		favors 0.5209408673990633 opposes 0.4241142592244088 __DUMMY__ 0.05494487337652775	true	0.5
N541	favors 1.0		favors 0.5192951805809813 opposes 0.425781737372732 __DUMMY__ 0.054923082046286494	true	1.0
N542	opposes 1.0		favors 0.5192535245280318 opposes 0.4257720180287404 __DUMMY__ 0.054974457443227924	true	0.5
N543	favors 1.0		favors 0.5194309680439224 opposes 0.4255517370075949 __DUMMY__ 0.05501729494848281	true	1.0
N544	favors 1.0		favors 0.5201083276512437 opposes 0.4250457919182228 __DUMMY__ 0.05484588043053358	true	1.0
N540	opposes 1.0	opposes 1.0	opposes 0.6973290553478759 favors 0.27722442009443465 __DUMMY__ 0.025446524557689382	false	1.0
N549	favors 1.0		favors 0.5187475414915963 opposes 0.4261713014158367 __DUMMY__ 0.05508115709256704	true	1.0
N545	favors 1.0		favors 0.5191349272046033 opposes 0.42581840623680633 __DUMMY__ 0.05504666655859039	true	1.0
N546	opposes 1.0		favors 0.5189460971531493 opposes 0.42595674914349774 __DUMMY__ 0.055097153703352844	true	0.5
N547	opposes 1.0		favors 0.5195040639460796 opposes 0.42546303814017905 __DUMMY__ 0.055032897913741385	true	0.5
N548	favors 1.0		favors 0.5209129837030844 opposes 0.424239243505037 __DUMMY__ 0.05484777279187856	true	1.0
N530	opposes 1.0	opposes 1.0	opposes 0.6974174771147335 favors 0.2771440623873268 __DUMMY__ 0.025438460497939762	false	1.0
N531	opposes 1.0		favors 0.5212949006488028 opposes 0.42378871330330115 __DUMMY__ 0.05491638604789615	true	0.5
N532	opposes 1.0	opposes 1.0	opposes 0.6978730166035052 favors 0.2766402662976367 __DUMMY__ 0.02548671709885814	false	1.0
N533	favors 1.0		favors 0.5187871137420091 opposes 0.4262213117302172 __DUMMY__ 0.05499157452777371	true	1.0
N1390	favors 1.0		favors 0.522992331773448 opposes 0.4220485197776808 __DUMMY__ 0.05495914844887138	true	1.0
N1393	opposes 1.0		favors 0.5234942306314365 opposes 0.421534476959946 __DUMMY__ 0.05497129240861758	true	0.5
N538	opposes 1.0		favors 0.5188888825466703 opposes 0.42612612749516493 __DUMMY__ 0.05498498995816474	true	0.5
N539	opposes 1.0		favors 0.5191981401843135 opposes 0.4257809613733516 __DUMMY__ 0.05502089844233475	true	0.5
N1394	opposes 1.0		favors 0.5228991206571304 opposes 0.4221591125150753 __DUMMY__ 0.054941766827794315	true	0.5
N1391	opposes 1.0		favors 0.5218611176536306 opposes 0.423149747610806 __DUMMY__ 0.05498913473556345	true	0.5
N1392	opposes 1.0		favors 0.5225661456464661 opposes 0.4224079398221365 __DUMMY__ 0.05502591453139738	true	0.5
N1397	favors 1.0	favors 1.0	favors 0.7503540528086802 opposes 0.22426061281963686 __DUMMY__ 0.025385334371683044	false	1.0
N534	favors 1.0		favors 0.5202560500383122 opposes 0.42477790662287573 __DUMMY__ 0.05496604333881204	true	1.0
N535	favors 1.0		favors 0.5192606580907143 opposes 0.42581615258980654 __DUMMY__ 0.05492318931947919	true	1.0
N1398	favors 1.0		favors 0.5221834221218804 opposes 0.42276703344974603 __DUMMY__ 0.055049544428373516	true	1.0
N1395	opposes 1.0		favors 0.5224666358806689 opposes 0.4225236835036729 __DUMMY__ 0.055009680615658196	true	0.5
N536	opposes 1.0		favors 0.5195468938397754 opposes 0.42543060832528773 __DUMMY__ 0.05502249783493683	true	0.5
N537	favors 1.0		favors 0.5195668672945046 opposes 0.42547804047168597 __DUMMY__ 0.05495509223380942	true	1.0
N1396	favors 1.0		favors 0.5228537149442459 opposes 0.42214848332985655 __DUMMY__ 0.05499780172589761	true	1.0
N1399	opposes 1.0		favors 0.5220218709479317 opposes 0.4228689810847271 __DUMMY__ 0.05510914796734134	true	0.5
N563	opposes 1.0		favors 0.5241498188200499 opposes 0.42089381345588067 __DUMMY__ 0.054956367724069456	true	0.5
N564	opposes 1.0		favors 0.5205428362814504 opposes 0.424348922316996 __DUMMY__ 0.05510824140155355	true	0.5
N565	favors 1.0		favors 0.5203965299538776 opposes 0.4244968495972596 __DUMMY__ 0.05510662044886281	true	1.0
N566	favors 1.0		favors 0.5222983897842928 opposes 0.4226380768281946 __DUMMY__ 0.055063533387512735	true	1.0
N560	favors 1.0		favors 0.5224290999558275 opposes 0.42248134038240753 __DUMMY__ 0.05508955966176492	true	1.0
N561	favors 1.0		favors 0.5213822990782158 opposes 0.4235927967781601 __DUMMY__ 0.05502490414362403	true	1.0
N562	favors 1.0		favors 0.5215662951614924 opposes 0.4232776065099048 __DUMMY__ 0.055156098328602625	true	1.0
N567	favors 1.0	favors 1.0	favors 0.7504424100471526 opposes 0.22408178590261488 __DUMMY__ 0.025475804050232583	false	1.0
N568	favors 1.0		favors 0.519876758141487 opposes 0.42502540195139177 __DUMMY__ 0.05509783990712124	true	1.0
N569	opposes 1.0		favors 0.5227323289619911 opposes 0.42221091456066756 __DUMMY__ 0.0550567564773414	true	0.5
N552	favors 1.0	favors 1.0	favors 0.7474658697675981 opposes 0.22703107066947625 __DUMMY__ 0.025503059562925617	false	1.0
N553	opposes 1.0		favors 0.5204646075976421 opposes 0.42446416552018607 __DUMMY__ 0.055071226882171746	true	0.5
N554	opposes 1.0		favors 0.5215215706110712 opposes 0.42348259485764345 __DUMMY__ 0.054995834531285474	true	0.5
N555	favors 1.0		favors 0.5221265893595609 opposes 0.4228155259303252 __DUMMY__ 0.05505788471011392	true	1.0
N550	favors 1.0		favors 0.5194214217342239 opposes 0.4256726497265321 __DUMMY__ 0.0549059285392439	true	1.0
N551	favors 1.0		favors 0.5200808260421945 opposes 0.4250554989518505 __DUMMY__ 0.05486367500595501	true	1.0
N556	opposes 1.0		favors 0.5219087143771084 opposes 0.42309617935825095 __DUMMY__ 0.054995106264640686	true	0.5
