N1742	opposes 1.0		favors 0.5278416242427318 opposes 0.4183195210092516 __DUMMY__ 0.0538388547480165	true	0.5
N1743	opposes 1.0		favors 0.5132839716948315 opposes 0.4315603330547089 __DUMMY__ 0.05515569525045949	true	0.5
N1740	favors 1.0	favors 1.0	favors 0.7380242661449052 opposes 0.23634393066019202 __DUMMY__ 0.025631803194902675	false	1.0
N1741	opposes 1.0		favors 0.5165605310105135 opposes 0.42840582771128843 __DUMMY__ 0.05503364127819819	true	0.5
N1746	opposes 1.0		favors 0.5311334959373584 opposes 0.41512943755394976 __DUMMY__ 0.05373706650869192	true	0.5
N1747	opposes 1.0		favors 0.5071330284790099 opposes 0.4375159627345928 __DUMMY__ 0.055351008786397315	true	0.5
N1744	favors 1.0		favors 0.5122420272292152 opposes 0.43242761813614655 __DUMMY__ 0.055330354634638375	true	1.0
N1745	favors 1.0		favors 0.5136685423874404 opposes 0.4309881297894221 __DUMMY__ 0.05534332782313744	true	1.0
N1748	opposes 1.0		favors 0.5163901369051276 opposes 0.42904078385793115 __DUMMY__ 0.05456907923694133	true	0.5
N1749	favors 1.0		favors 0.5259230952417273 opposes 0.4201640948691584 __DUMMY__ 0.053912809889114184	true	1.0
N1731	opposes 1.0		favors 0.5031683731717033 opposes 0.4417925674002528 __DUMMY__ 0.05503905942804386	true	0.5
N1732	opposes 1.0		favors 0.5237058664801949 opposes 0.42144858949939085 __DUMMY__ 0.054845544020414125	true	0.5
N1730	favors 1.0		favors 0.5113023551665986 opposes 0.43357042044677996 __DUMMY__ 0.05512722438662141	true	1.0
N1735	opposes 1.0		favors 0.5159293884087923 opposes 0.4297006242135218 __DUMMY__ 0.0543699873776861	true	0.5
N1736	favors 1.0	favors 1.0	favors 0.7433589988645929 opposes 0.23115992044177755 __DUMMY__ 0.025481080693629476	false	1.0
N1733	opposes 1.0		favors 0.5054803596261125 opposes 0.4398549249411208 __DUMMY__ 0.05466471543276679	true	0.5
N1734	favors 1.0		favors 0.5170907174875812 opposes 0.42780097903436726 __DUMMY__ 0.05510830347805161	true	1.0
N1739	favors 1.0		favors 0.519710230740059 opposes 0.4259813755696019 __DUMMY__ 0.05430839369033927	true	1.0
N1737	favors 1.0		favors 0.5151018122853338 opposes 0.4298284473615503 __DUMMY__ 0.055069740353115904	true	1.0
N1738	opposes 1.0	opposes 1.0	opposes 0.697616323263218 favors 0.27719355853297667 __DUMMY__ 0.02519011820380535	false	1.0
N1720	opposes 1.0		favors 0.5036693908644527 opposes 0.4414317643149125 __DUMMY__ 0.054898844820634715	true	0.5
N1721	opposes 1.0	opposes 1.0	opposes 0.6994824915689766 favors 0.27497757496896497 __DUMMY__ 0.025539933462058493	false	1.0
N1724	favors 1.0		favors 0.5114283093781908 opposes 0.4332477106422239 __DUMMY__ 0.05532397997958518	true	1.0
N1725	favors 1.0		favors 0.5131951348079978 opposes 0.4314773069012581 __DUMMY__ 0.05532755829074413	true	1.0
N1722	favors 1.0		favors 0.5290363223220297 opposes 0.4172133290360811 __DUMMY__ 0.053750348641889205	true	1.0
N1723	favors 1.0		favors 0.5127159676902014 opposes 0.432135733858376 __DUMMY__ 0.05514829845142244	true	1.0
N1728	opposes 1.0		favors 0.5161589406290531 opposes 0.42920686591648904 __DUMMY__ 0.054634193454457865	true	0.5
N1729	favors 1.0		favors 0.5282501888988701 opposes 0.4178817378357585 __DUMMY__ 0.05386807326537135	true	1.0
N1726	favors 1.0	favors 1.0	favors 0.754615560555482 opposes 0.22048643716897706 __DUMMY__ 0.02489800227554093	false	1.0
N1727	opposes 1.0		favors 0.5063661174912946 opposes 0.4382544379989768 __DUMMY__ 0.05537944450972866	true	0.5
N1710	favors 1.0		favors 0.5116368805941284 opposes 0.43323534914056067 __DUMMY__ 0.05512777026531082	true	1.0
N1713	opposes 1.0		favors 0.5045464689610785 opposes 0.4407871787385893 __DUMMY__ 0.054666352300332226	true	0.5
N1714	favors 1.0		favors 0.5166942484533905 opposes 0.4282400958152833 __DUMMY__ 0.05506565573132613	true	1.0
N1711	favors 1.0		favors 0.5021003465860387 opposes 0.4427827681632522 __DUMMY__ 0.05511688525070898	true	1.0
N1712	favors 1.0		favors 0.5249709176247328 opposes 0.4201942610163158 __DUMMY__ 0.05483482135895133	true	1.0
N1717	favors 1.0		favors 0.5147811881419397 opposes 0.4301861342392536 __DUMMY__ 0.055032677618806654	true	1.0
N1718	opposes 1.0		favors 0.5187498798038037 opposes 0.42743745449046217 __DUMMY__ 0.053812665705734085	true	0.5
N1715	favors 1.0		favors 0.5162830867504548 opposes 0.42942154329709525 __DUMMY__ 0.054295369952449865	true	1.0
N1716	favors 1.0		favors 0.5118208666528359 opposes 0.4332894695374051 __DUMMY__ 0.054889663809758966	true	1.0
N1719	favors 1.0		favors 0.5200836614215002 opposes 0.425633817578529 __DUMMY__ 0.05428252099997079	true	1.0
N1782	favors 1.0		favors 0.5130447145583475 opposes 0.43182472788636705 __DUMMY__ 0.055130557555285606	true	1.0
N1783	favors 1.0		favors 0.5118390894165682 opposes 0.43284956722217444 __DUMMY__ 0.055311343361257356	true	1.0
N1780	opposes 1.0		favors 0.5163109301565664 opposes 0.42862814206900096 __DUMMY__ 0.0550609277744326	true	0.5
N1781	opposes 1.0		favors 0.528884359610347 opposes 0.4172669320991817 __DUMMY__ 0.05384870829047127	true	0.5
N1786	opposes 1.0	opposes 1.0	opposes 0.7035415983315891 favors 0.2706991565864212 __DUMMY__ 0.025759245081989644	false	1.0
N1302	favors 1.0	favors 1.0	favors 0.7441928932766696 opposes 0.2300252654660849 __DUMMY__ 0.025781841257245423	false	1.0
N1303	favors 1.0		favors 0.5335111224541754 opposes 0.4127814320443337 __DUMMY__ 0.053707445501490945	true	1.0
N1787	opposes 1.0		favors 0.5172910956665918 opposes 0.42810050037899283 __DUMMY__ 0.05460840395441529	true	0.5
N1300	favors 1.0	favors 1.0	favors 0.7444153445192344 opposes 0.22997326171697038 __DUMMY__ 0.025611393763795145	false	1.0
N1784	favors 1.0		favors 0.513586141907449 opposes 0.43111923317465095 __DUMMY__ 0.0552946249178999	true	1.0
N1301	opposes 1.0		favors 0.5126263100015346 opposes 0.43205978315407706 __DUMMY__ 0.05531390684438849	true	0.5
N1785	opposes 1.0		favors 0.5330008656073238 opposes 0.4132764278578575 __DUMMY__ 0.053722706534818705	true	0.5
N1306	opposes 1.0		favors 0.5277020104155808 opposes 0.4183935827049759 __DUMMY__ 0.05390440687944332	true	0.5
N1307	favors 1.0		favors 0.5125495884532321 opposes 0.43230986942831917 __DUMMY__ 0.05514054211844883	true	1.0
N1304	favors 1.0	favors 1.0	favors 0.7408321540103164 opposes 0.23341669951023053 __DUMMY__ 0.025751146479453015	false	1.0
N1788	favors 1.0		favors 0.5279606950892658 opposes 0.4181538246328294 __DUMMY__ 0.05388548027790493	true	1.0
N1789	opposes 1.0		favors 0.5116000200840434 opposes 0.4332894980715156 __DUMMY__ 0.0551104818444409	true	0.5
N1305	favors 1.0		favors 0.5175672725983288 opposes 0.42781175007726496 __DUMMY__ 0.0546209773244062	true	1.0
N1308	opposes 1.0	opposes 1.0	opposes 0.7051148069760038 favors 0.26919663907132557 __DUMMY__ 0.025688553952670536	false	1.0
N1309	opposes 1.0		favors 0.5249436073885165 opposes 0.4202403580659837 __DUMMY__ 0.054816034545499714	true	0.5
N1771	favors 1.0		favors 0.5247288518505908 opposes 0.42046082218997144 __DUMMY__ 0.05481032595943778	true	1.0
N1772	opposes 1.0		favors 0.5054823952558278 opposes 0.43985671793665915 __DUMMY__ 0.05466088680751289	true	0.5
N1770	opposes 1.0		favors 0.5028755338680723 opposes 0.4420625150099505 __DUMMY__ 0.05506195112197732	true	0.5
N1775	favors 1.0		favors 0.5123433165130071 opposes 0.4327932596373281 __DUMMY__ 0.05486342384966483	true	1.0
N1776	favors 1.0		favors 0.5148412653286663 opposes 0.4301100604046736 __DUMMY__ 0.05504867426666027	true	1.0
N1773	favors 1.0		favors 0.5167414822047662 opposes 0.42820175869952964 __DUMMY__ 0.055056759095704115	true	1.0
N1774	opposes 1.0	opposes 1.0	opposes 0.69810824005314 favors 0.2765768947017257 __DUMMY__ 0.025314865245134276	false	1.0
N1779	favors 1.0		favors 0.5041799439302336 opposes 0.4409350990533589 __DUMMY__ 0.05488495701640747	true	1.0
N1777	favors 1.0	favors 1.0	favors 0.7451319624223791 opposes 0.2297022641754012 __DUMMY__ 0.02516577340221965	false	1.0
N1778	favors 1.0		favors 0.5202393006266379 opposes 0.4254064240574896 __DUMMY__ 0.054354275315872516	true	1.0
N901	favors 1.0		favors 0.5123435442692682 opposes 0.43231697883991443 __DUMMY__ 0.05533947689081728	true	1.0
N902	favors 1.0		favors 0.5137486023946157 opposes 0.4309040846989929 __DUMMY__ 0.055347312906391194	true	1.0
N903	opposes 1.0	opposes 1.0	opposes 0.6906669497459688 favors 0.28444016262357436 __DUMMY__ 0.024892887630456845	false	1.0
N904	opposes 1.0		favors 0.5072043135140373 opposes 0.43745436233472534 __DUMMY__ 0.05534132415123729	true	0.5
N1760	opposes 1.0		favors 0.5165371272733901 opposes 0.42839498407668974 __DUMMY__ 0.0550678886499202	true	0.5
N1761	opposes 1.0		favors 0.5288429678368384 opposes 0.4173147502030565 __DUMMY__ 0.05384228196010508	true	0.5
N900	favors 1.0	favors 1.0	favors 0.7442325852168008 opposes 0.23014693109322687 __DUMMY__ 0.02562048368997238	false	1.0
N909	favors 1.0		favors 0.5238895335997774 opposes 0.4212760050036206 __DUMMY__ 0.05483446139660202	true	1.0
N1764	favors 1.0		favors 0.5136532395092657 opposes 0.43105225956086457 __DUMMY__ 0.055294500929869775	true	1.0
N1765	opposes 1.0		favors 0.5334045864208516 opposes 0.41287668445790315 __DUMMY__ 0.05371872912124522	true	0.5
N1762	favors 1.0		favors 0.5131952905436049 opposes 0.43166979113554216 __DUMMY__ 0.05513491832085285	true	1.0
N1763	opposes 1.0		favors 0.512050757196302 opposes 0.4326365632775787 __DUMMY__ 0.05531267952611932	true	0.5
N1768	favors 1.0		favors 0.527953411835463 opposes 0.41816149869336744 __DUMMY__ 0.05388508947116952	true	1.0
N905	opposes 1.0		favors 0.517223367462529 opposes 0.42823777774325505 __DUMMY__ 0.054538854794215996	true	0.5
N906	favors 1.0		favors 0.5264561000185294 opposes 0.41968869593872715 __DUMMY__ 0.053855204042743465	true	1.0
N1769	opposes 1.0	opposes 1.0	opposes 0.7007258563517671 favors 0.2735897344272433 __DUMMY__ 0.025684409220989662	false	1.0
N1766	opposes 1.0		favors 0.5069012768304305 opposes 0.43776123514751614 __DUMMY__ 0.05533748802205331	true	0.5
N907	opposes 1.0		favors 0.5121584182338487 opposes 0.4327121251896391 __DUMMY__ 0.05512945657651238	true	0.5
N908	opposes 1.0		favors 0.5022764351828461 opposes 0.44268069624243434 __DUMMY__ 0.0550428685747196	true	0.5
N1767	opposes 1.0		favors 0.517246927392594 opposes 0.4281374628780579 __DUMMY__ 0.05461560972934805	true	0.5
N1750	opposes 1.0		favors 0.5119082475950469 opposes 0.43294145832765757 __DUMMY__ 0.05515029407729553	true	0.5
N1753	favors 1.0		favors 0.5169018154133311 opposes 0.4280298640038267 __DUMMY__ 0.0550683205828421	true	1.0
N1754	opposes 1.0		favors 0.516889957681267 opposes 0.4287532004561961 __DUMMY__ 0.054356841862536934	true	0.5
N1751	opposes 1.0		favors 0.5030294114734376 opposes 0.44190703125202374 __DUMMY__ 0.05506355727453873	true	0.5
N1752	opposes 1.0		favors 0.5056494186189242 opposes 0.43968516824203024 __DUMMY__ 0.05466541313904558	true	0.5
N1757	favors 1.0	favors 1.0	favors 0.7451681426326715 opposes 0.22966609279301917 __DUMMY__ 0.02516576457430941	false	1.0
N1758	favors 1.0		favors 0.5203353565146915 opposes 0.4253177006051164 __DUMMY__ 0.05434694288019211	true	1.0
N1755	favors 1.0		favors 0.5123870275507969 opposes 0.43273559490237673 __DUMMY__ 0.054877377546826374	true	1.0
N1756	favors 1.0		favors 0.5151904818363812 opposes 0.4297500232411901 __DUMMY__ 0.05505949492242863	true	1.0
N1759	favors 1.0	favors 1.0	favors 0.7380453660039958 opposes 0.23631126757164908 __DUMMY__ 0.025643366424355003	false	1.0
N923	favors 1.0		favors 0.5316083861269684 opposes 0.4147017376616988 __DUMMY__ 0.05368987621133296	true	1.0
N924	opposes 1.0	opposes 1.0	opposes 0.7036522573756314 favors 0.27058759731773374 __DUMMY__ 0.025760145306634823	false	1.0
N925	opposes 1.0		favors 0.5163697318085158 opposes 0.4289983401451453 __DUMMY__ 0.05463192804633895	true	0.5
N926	favors 1.0		favors 0.5260765330566642 opposes 0.4200397891667641 __DUMMY__ 0.05388367777657176	true	1.0
N1342	favors 1.0		favors 0.5142278698070378 opposes 0.43047451533829495 __DUMMY__ 0.055297614854667304	true	1.0
N1343	favors 1.0		favors 0.5324344697469512 opposes 0.4138230288123916 __DUMMY__ 0.053742501440657044	true	1.0
N920	favors 1.0		favors 0.5130650095480268 opposes 0.43177477481436144 __DUMMY__ 0.05516021563761187	true	1.0
N921	favors 1.0		favors 0.5120523921889023 opposes 0.43260915121912424 __DUMMY__ 0.0553384565919735	true	1.0
N1340	favors 1.0		favors 0.513498988484921 opposes 0.4313500825794965 __DUMMY__ 0.05515092893558238	true	1.0
N1341	favors 1.0	favors 1.0	favors 0.7437332378713474 opposes 0.2305671967513861 __DUMMY__ 0.025699565377266663	false	1.0
N922	favors 1.0		favors 0.5134054941667312 opposes 0.4312206333026041 __DUMMY__ 0.05537387253066471	true	1.0
N1346	favors 1.0	favors 1.0	favors 0.7505433237288387 opposes 0.22440809413905843 __DUMMY__ 0.025048582132102884	false	1.0
N1347	opposes 1.0		favors 0.5122681887896464 opposes 0.432599081183903 __DUMMY__ 0.05513273002645069	true	0.5
N1344	opposes 1.0		favors 0.5077164195235803 opposes 0.4369349201215483 __DUMMY__ 0.05534866035487163	true	0.5
N1345	opposes 1.0	opposes 1.0	opposes 0.6976312503419171 favors 0.27698146767611476 __DUMMY__ 0.02538728198196813	false	1.0
N927	opposes 1.0		favors 0.5118060265731509 opposes 0.4330400492061662 __DUMMY__ 0.05515392422068304	true	0.5
N928	favors 1.0		favors 0.503295090093487 opposes 0.44159997989846195 __DUMMY__ 0.055104930008050924	true	1.0
N929	favors 1.0		favors 0.5242087321766553 opposes 0.4209173789719656 __DUMMY__ 0.054873888851379046	true	1.0
N1348	favors 1.0		favors 0.5254113838589685 opposes 0.419759081168928 __DUMMY__ 0.054829534972103536	true	1.0
N1349	favors 1.0		favors 0.5051826774054705 opposes 0.44013249182519504 __DUMMY__ 0.054684830769334454	true	1.0
N912	opposes 1.0		favors 0.5153940718450004 opposes 0.43023963806480087 __DUMMY__ 0.05436629009019877	true	0.5
N913	favors 1.0		favors 0.5122115022873188 opposes 0.4329517383766755 __DUMMY__ 0.05483675933600575	true	1.0
N914	favors 1.0		favors 0.5149815198480333 opposes 0.42994448700569526 __DUMMY__ 0.05507399314627138	true	1.0
N915	favors 1.0		favors 0.5165070074864027 opposes 0.42950208674151685 __DUMMY__ 0.05399090577208049	true	1.0
N1331	favors 1.0		favors 0.5175022581827836 opposes 0.42743519567819005 __DUMMY__ 0.05506254613902629	true	1.0
N1332	favors 1.0		favors 0.517052839641367 opposes 0.4285413373956617 __DUMMY__ 0.054405822962971404	true	1.0
N910	opposes 1.0	opposes 1.0	opposes 0.7041578205958652 favors 0.27033246098063385 __DUMMY__ 0.025509718423500895	false	1.0
N1330	opposes 1.0		favors 0.5058264114842638 opposes 0.4394625922181161 __DUMMY__ 0.054710996297619954	true	0.5
N911	favors 1.0		favors 0.5170028957203169 opposes 0.42790587787006434 __DUMMY__ 0.05509122640961887	true	1.0
N1335	opposes 1.0		favors 0.5174875226623897 opposes 0.42845586359926735 __DUMMY__ 0.05405661373834292	true	0.5
N1336	favors 1.0		favors 0.520356165144267 opposes 0.4253237868397121 __DUMMY__ 0.05432004801602098	true	1.0
N1333	favors 1.0		favors 0.5131712780530733 opposes 0.43201094737717116 __DUMMY__ 0.05481777456975555	true	1.0
N1334	favors 1.0		favors 0.5156572972948409 opposes 0.42927395936234647 __DUMMY__ 0.055068743342812594	true	1.0
N916	favors 1.0		favors 0.5197139681299869 opposes 0.4259671034573691 __DUMMY__ 0.05431892841264393	true	1.0
N1339	opposes 1.0		favors 0.5284117570113915 opposes 0.4177634875802018 __DUMMY__ 0.05382475540840659	true	0.5
N917	favors 1.0		favors 0.5033374746700334 opposes 0.4417695519018478 __DUMMY__ 0.05489297342811879	true	1.0
N1337	favors 1.0		favors 0.5045919915568484 opposes 0.4405069211065358 __DUMMY__ 0.05490108733661577	true	1.0
N918	opposes 1.0		favors 0.5163256058635908 opposes 0.4286247236221334 __DUMMY__ 0.055049670514275895	true	0.5
N919	opposes 1.0		favors 0.5280398782657125 opposes 0.41812461881288854 __DUMMY__ 0.05383550292139894	true	0.5
N1338	opposes 1.0		favors 0.5171429661038638 opposes 0.4278549347105033 __DUMMY__ 0.05500209918563289	true	0.5
N940	opposes 1.0		favors 0.5131314467437335 opposes 0.43168949724572225 __DUMMY__ 0.055179056010544326	true	0.5
N945	favors 1.0		favors 0.5167841654349589 opposes 0.4285887961770772 __DUMMY__ 0.054627038387963865	true	1.0
N946	opposes 1.0		favors 0.5266312910111166 opposes 0.41945890323459223 __DUMMY__ 0.05390980575429117	true	0.5
N947	favors 1.0		favors 0.5116737095138745 opposes 0.433141035050395 __DUMMY__ 0.05518525543573058	true	1.0
N948	opposes 1.0		favors 0.5021329367260933 opposes 0.44275748028654205 __DUMMY__ 0.05510958298736473	true	0.5
N941	opposes 1.0		favors 0.512006140174501 opposes 0.4326394795350076 __DUMMY__ 0.055354380290491445	true	0.5
N1320	opposes 1.0		favors 0.5133718479643107 opposes 0.43147758407604164 __DUMMY__ 0.055150567959647616	true	0.5
N1321	favors 1.0		favors 0.5121685569388739 opposes 0.4325015482981562 __DUMMY__ 0.055329894762970136	true	1.0
N942	opposes 1.0		favors 0.5137522185869798 opposes 0.4309107859854895 __DUMMY__ 0.05533699542753069	true	0.5
N943	favors 1.0		favors 0.5316769528959412 opposes 0.4145624356030386 __DUMMY__ 0.05376061150102017	true	1.0
N944	favors 1.0		favors 0.5069309088985104 opposes 0.4377012940356537 __DUMMY__ 0.05536779706583578	true	1.0
N1324	opposes 1.0		favors 0.5071574407867212 opposes 0.43748362120192863 __DUMMY__ 0.05535893801135019	true	0.5
N1325	opposes 1.0		favors 0.5169473091209104 opposes 0.4284463191104016 __DUMMY__ 0.05460637176868797	true	0.5
N1322	favors 1.0		favors 0.5140412734759097 opposes 0.43060023281044496 __DUMMY__ 0.05535849371364542	true	1.0
N1323	favors 1.0	favors 1.0	favors 0.7539025718967083 opposes 0.22118927967246713 __DUMMY__ 0.02490814843082449	false	1.0
N1328	opposes 1.0		favors 0.5041446151107395 opposes 0.44077559638404845 __DUMMY__ 0.05507978850521209	true	0.5
N949	favors 1.0	favors 1.0	favors 0.7500829163100821 opposes 0.22444419686664885 __DUMMY__ 0.0254728868232691	false	1.0
N1329	favors 1.0		favors 0.5247535030594523 opposes 0.4204319508306339 __DUMMY__ 0.05481454610991371	true	1.0
N1326	favors 1.0		favors 0.5271716243607487 opposes 0.41893965089868596 __DUMMY__ 0.05388872474056522	true	1.0
N1327	opposes 1.0		favors 0.5121698882355079 opposes 0.43268295072579854 __DUMMY__ 0.05514716103869342	true	0.5
N934	opposes 1.0		favors 0.5150550383176029 opposes 0.4298302326399137 __DUMMY__ 0.055114729042483414	true	0.5
N935	opposes 1.0		favors 0.5168620760132995 opposes 0.4290791767853735 __DUMMY__ 0.05405874720132698	true	0.5
N1790	favors 1.0		favors 0.5033479029059669 opposes 0.4415979368327113 __DUMMY__ 0.05505416026132176	true	1.0
N936	opposes 1.0		favors 0.520046919844792 opposes 0.4255713585539723 __DUMMY__ 0.05438172160123588	true	0.5
N937	opposes 1.0		favors 0.5040460908175454 opposes 0.44105232173327313 __DUMMY__ 0.05490158744918133	true	0.5
N930	favors 1.0		favors 0.5054032061530781 opposes 0.439894161931915 __DUMMY__ 0.05470263191500691	true	1.0
N1793	opposes 1.0		favors 0.5172468593737418 opposes 0.4276973915780773 __DUMMY__ 0.055055749048180856	true	0.5
N1310	opposes 1.0		favors 0.5053156519718427 opposes 0.43998765329080786 __DUMMY__ 0.054696694737349574	true	0.5
N931	opposes 1.0		favors 0.5171748540849436 opposes 0.4277217969982361 __DUMMY__ 0.05510334891682047	true	0.5
N1794	favors 1.0		favors 0.5165992336115557 opposes 0.4290454117696877 __DUMMY__ 0.054355354618756575	true	1.0
N932	favors 1.0		favors 0.5166087139787839 opposes 0.4289679128708388 __DUMMY__ 0.05442337315037725	true	1.0
N1791	favors 1.0		favors 0.5248230655297736 opposes 0.42039572188881935 __DUMMY__ 0.054781212581406905	true	1.0
N1792	favors 1.0		favors 0.5057463915854423 opposes 0.4395845952496234 __DUMMY__ 0.05466901316493435	true	1.0
N933	opposes 1.0		favors 0.5126378874018825 opposes 0.4324665119316033 __DUMMY__ 0.05489560066651408	true	0.5
N1797	opposes 1.0		favors 0.5180694221788931 opposes 0.4279772106497179 __DUMMY__ 0.05395336717138896	true	0.5
N1313	favors 1.0		favors 0.5124865998711061 opposes 0.4326780518033111 __DUMMY__ 0.05483534832558286	true	1.0
N1314	favors 1.0		favors 0.5153173065335412 opposes 0.4296126914784823 __DUMMY__ 0.05507000198797635	true	1.0
N1798	favors 1.0		favors 0.5201493793232568 opposes 0.4255463723439554 __DUMMY__ 0.05430424833278792	true	1.0
N1311	favors 1.0		favors 0.5173996110109523 opposes 0.4275292327328241 __DUMMY__ 0.055071156256223476	true	1.0
N1795	opposes 1.0		favors 0.5126088134539603 opposes 0.4325577403218818 __DUMMY__ 0.05483344622415794	true	0.5
N1312	opposes 1.0		favors 0.5161230486941945 opposes 0.4295101070950832 __DUMMY__ 0.054366844210722326	true	0.5
N1796	opposes 1.0	opposes 1.0	opposes 0.6994128227455214 favors 0.27502145877200274 __DUMMY__ 0.025565718482475793	false	1.0
N1317	favors 1.0		favors 0.5039084745616915 opposes 0.44115908272761123 __DUMMY__ 0.05493244271069716	true	1.0
N938	favors 1.0		favors 0.5164911631591796 opposes 0.4284447316684598 __DUMMY__ 0.055064105172360635	true	1.0
N939	favors 1.0		favors 0.5283148100884064 opposes 0.417812073426943 __DUMMY__ 0.053873116484650554	true	1.0
N1318	opposes 1.0		favors 0.5167098621715864 opposes 0.4282462934629595 __DUMMY__ 0.05504384436545412	true	0.5
N1315	favors 1.0		favors 0.5176323767082287 opposes 0.42838149399004966 __DUMMY__ 0.053986129301721586	true	1.0
N1799	opposes 1.0		favors 0.5042469264447544 opposes 0.4408763152459265 __DUMMY__ 0.05487675830931901	true	0.5
N1316	favors 1.0		favors 0.5201055608326461 opposes 0.4256040029153834 __DUMMY__ 0.05429043625197038	true	1.0
N1319	favors 1.0		favors 0.5285002060243091 opposes 0.4176937907617017 __DUMMY__ 0.0538060032139892	true	1.0
N960	opposes 1.0		favors 0.5118080646648286 opposes 0.4328501497393012 __DUMMY__ 0.05534178559587034	true	0.5
N961	opposes 1.0		favors 0.5134396944404217 opposes 0.4312078293312882 __DUMMY__ 0.055352476228290155	true	0.5
N962	favors 1.0	favors 1.0	favors 0.7541865777526828 opposes 0.2209110942158902 __DUMMY__ 0.02490232803142697	false	1.0
N967	opposes 1.0		favors 0.5033813866195438 opposes 0.4415324481570326 __DUMMY__ 0.055086165223423786	true	0.5
N1382	opposes 1.0		favors 0.5070860271872836 opposes 0.4375374905062597 __DUMMY__ 0.0553764823064568	true	0.5
N968	favors 1.0		favors 0.5243706279451346 opposes 0.4207824206677752 __DUMMY__ 0.0548469513870901	true	1.0
N1383	opposes 1.0		favors 0.5169017154352312 opposes 0.42845286494373674 __DUMMY__ 0.05464541962103205	true	0.5
N969	opposes 1.0	opposes 1.0	opposes 0.7037334365071514 favors 0.27075065788397895 __DUMMY__ 0.02551590560886959	false	1.0
N1380	favors 1.0		favors 0.5142114891554117 opposes 0.4304394751306148 __DUMMY__ 0.05534903571397353	true	1.0
N1381	favors 1.0	favors 1.0	favors 0.7543182882744344 opposes 0.22074190649069755 __DUMMY__ 0.02493980523486802	false	1.0
N963	favors 1.0		favors 0.5066378924700281 opposes 0.4379802053005568 __DUMMY__ 0.05538190222941502	true	1.0
N1386	favors 1.0		favors 0.5041417396530358 opposes 0.44076054816871824 __DUMMY__ 0.055097712178246015	true	1.0
N1387	favors 1.0		favors 0.5248136091991704 opposes 0.4203596078305368 __DUMMY__ 0.05482678297029274	true	1.0
N964	favors 1.0		favors 0.5165274444470828 opposes 0.42881719800658924 __DUMMY__ 0.05465535754632804	true	1.0
N965	opposes 1.0		favors 0.5276014565856011 opposes 0.41850563706657173 __DUMMY__ 0.05389290634782709	true	0.5
N1384	favors 1.0		favors 0.5276400263325809 opposes 0.4184319697119775 __DUMMY__ 0.0539280039554416	true	1.0
N966	favors 1.0		favors 0.511405721303038 opposes 0.4334385493248312 __DUMMY__ 0.05515572937213081	true	1.0
N1385	opposes 1.0		favors 0.5120328421650714 opposes 0.4327975739628496 __DUMMY__ 0.05516958387207897	true	0.5
N1388	favors 1.0		favors 0.5059913378673505 opposes 0.4392966269806218 __DUMMY__ 0.05471203515202778	true	1.0
N1389	opposes 1.0		favors 0.5175869668736323 opposes 0.42734386614563885 __DUMMY__ 0.055069166980728924	true	0.5
N950	favors 1.0		favors 0.5044743468419546 opposes 0.44084529579698767 __DUMMY__ 0.05468035736105769	true	1.0
N951	opposes 1.0		favors 0.5170020287570855 opposes 0.4279278524269637 __DUMMY__ 0.0550701188159508	true	0.5
N956	opposes 1.0		favors 0.5034694584902727 opposes 0.44161200275008555 __DUMMY__ 0.05491853875964182	true	0.5
N1371	opposes 1.0	opposes 1.0	opposes 0.7006341393546016 favors 0.2738365887544217 __DUMMY__ 0.02552927189097662	false	1.0
N1372	favors 1.0		favors 0.5154511869749384 opposes 0.4294865386720029 __DUMMY__ 0.05506227435305863	true	1.0
N957	favors 1.0		favors 0.5162170098605052 opposes 0.4287068681929821 __DUMMY__ 0.05507612194651278	true	1.0
N958	favors 1.0		favors 0.5287863236415585 opposes 0.41740661536572815 __DUMMY__ 0.05380706099271316	true	1.0
N1370	opposes 1.0		favors 0.5167210856907744 opposes 0.42889968514683335 __DUMMY__ 0.05437922916239234	true	0.5
N959	favors 1.0		favors 0.5129437117140797 opposes 0.4318953745412409 __DUMMY__ 0.05516091374467941	true	1.0
N952	favors 1.0		favors 0.5161301913043511 opposes 0.4295422479924203 __DUMMY__ 0.054327560703228715	true	1.0
N1375	favors 1.0		favors 0.5039098861411314 opposes 0.44116303148010777 __DUMMY__ 0.05492708237876062	true	1.0
N1376	opposes 1.0		favors 0.5168453152339217 opposes 0.4280780006297272 __DUMMY__ 0.05507668413635117	true	0.5
N953	opposes 1.0		favors 0.5120177522968318 opposes 0.43307153833615597 __DUMMY__ 0.05491070936701222	true	0.5
N954	opposes 1.0		favors 0.5175477233770186 opposes 0.42852749371975574 __DUMMY__ 0.05392478290322564	true	0.5
N1373	favors 1.0		favors 0.5178705597380653 opposes 0.42812584785002344 __DUMMY__ 0.05400359241191121	true	1.0
N955	opposes 1.0	opposes 1.0	opposes 0.6968778742020918 favors 0.277888784075469 __DUMMY__ 0.0252333417224392	false	1.0
N1374	favors 1.0		favors 0.5205555954121732 opposes 0.4251081979384437 __DUMMY__ 0.05433620664938318	true	1.0
N1379	favors 1.0		favors 0.5122164006057658 opposes 0.4324530039547661 __DUMMY__ 0.05533059543946812	true	1.0
N1377	opposes 1.0		favors 0.5289634005090018 opposes 0.4172010410425222 __DUMMY__ 0.05383555844847599	true	0.5
N1378	favors 1.0	favors 1.0	favors 0.7441458655942834 opposes 0.23022270592468638 __DUMMY__ 0.025631428481030116	false	1.0
N981	opposes 1.0		favors 0.5071997265190834 opposes 0.43744207464371593 __DUMMY__ 0.055358198837200674	true	0.5
N982	opposes 1.0	opposes 1.0	opposes 0.6980220136327657 favors 0.276526547197622 __DUMMY__ 0.02545143916961236	false	1.0
N983	favors 1.0		favors 0.5263557205770608 opposes 0.41972807965083825 __DUMMY__ 0.05391619977210091	true	1.0
N500	opposes 1.0		favors 0.5152608901235229 opposes 0.42963623975576054 __DUMMY__ 0.05510287012071655	true	0.5
N984	favors 1.0		favors 0.5119481992163311 opposes 0.43287225965376364 __DUMMY__ 0.055179541129905314	true	1.0
N980	favors 1.0		favors 0.5140398362064305 opposes 0.43062029908905214 __DUMMY__ 0.055339864704517364	true	1.0
N1360	opposes 1.0		favors 0.51187223816263 opposes 0.4327987628961593 __DUMMY__ 0.055328998941210544	true	0.5
N505	favors 1.0	favors 1.0	favors 0.751543043127218 opposes 0.22347081436540794 __DUMMY__ 0.024986142507373982	false	1.0
N989	opposes 1.0		favors 0.515869830577477 opposes 0.4297217042731901 __DUMMY__ 0.05440846514933296	true	0.5
N506	opposes 1.0		favors 0.5132665235771198 opposes 0.43155545422102354 __DUMMY__ 0.055178022201856795	true	0.5
N1361	favors 1.0		favors 0.5136402805989561 opposes 0.431001221919251 __DUMMY__ 0.05535849748179294	true	1.0
N507	opposes 1.0		favors 0.5121876252037276 opposes 0.43245711074004545 __DUMMY__ 0.055355264056226934	true	0.5
N508	opposes 1.0		favors 0.5140492812245212 opposes 0.4306320497644205 __DUMMY__ 0.05531866901105832	true	0.5
N501	opposes 1.0		favors 0.5166943926270534 opposes 0.4291932231031681 __DUMMY__ 0.05411238426977851	true	0.5
N985	opposes 1.0		favors 0.5029301930725146 opposes 0.4419387838440117 __DUMMY__ 0.05513102308347374	true	0.5
N1364	favors 1.0		favors 0.5283941339839244 opposes 0.41771861561542506 __DUMMY__ 0.0538872504006505	true	1.0
N502	favors 1.0		favors 0.5201504556700141 opposes 0.42551274486937507 __DUMMY__ 0.05433679946061084	true	1.0
N986	opposes 1.0		favors 0.5242685987895664 opposes 0.42083814076114257 __DUMMY__ 0.05489326044929107	true	0.5
N1365	favors 1.0		favors 0.5116798131784795 opposes 0.4331815973134494 __DUMMY__ 0.05513858950807116	true	1.0
N503	opposes 1.0		favors 0.5045989914986507 opposes 0.44050537596991124 __DUMMY__ 0.05489563253143804	true	0.5
N987	opposes 1.0		favors 0.5049622393636097 opposes 0.4403063292626649 __DUMMY__ 0.05473143137372541	true	0.5
N1362	favors 1.0		favors 0.5343279925147364 opposes 0.4120416866912637 __DUMMY__ 0.05363032079400002	true	1.0
N1363	opposes 1.0		favors 0.5068784131949762 opposes 0.43772732510129886 __DUMMY__ 0.05539426170372493	true	0.5
N504	favors 1.0		favors 0.5166626311612846 opposes 0.4283049658107737 __DUMMY__ 0.055032403027941594	true	1.0
N988	favors 1.0		favors 0.5172868688349177 opposes 0.4276041040125034 __DUMMY__ 0.05510902715257897	true	1.0
N1368	opposes 1.0		favors 0.5051750413430028 opposes 0.44011105381728377 __DUMMY__ 0.05471390483971338	true	0.5
N1369	favors 1.0		favors 0.5176236137037508 opposes 0.4273039205003862 __DUMMY__ 0.05507246579586286	true	1.0
N1366	opposes 1.0		favors 0.502856505345545 opposes 0.442048484393809 __DUMMY__ 0.05509501026064599	true	0.5
N1367	opposes 1.0		favors 0.5254406639095429 opposes 0.4197137243138987 __DUMMY__ 0.0548456117765583	true	0.5
N509	favors 1.0		favors 0.5310649019657067 opposes 0.41514198956889237 __DUMMY__ 0.05379310846540104	true	1.0
N970	favors 1.0		favors 0.5174624740170346 opposes 0.42745044891354844 __DUMMY__ 0.05508707706941693	true	1.0
N971	opposes 1.0		favors 0.5162495893395361 opposes 0.4293556385673455 __DUMMY__ 0.05439477209311844	true	0.5
N972	favors 1.0		favors 0.5124447617349016 opposes 0.4326748652417739 __DUMMY__ 0.05488037302332431	true	1.0
N973	favors 1.0		favors 0.5153244281257272 opposes 0.429571828177557 __DUMMY__ 0.055103743696715834	true	1.0
N978	opposes 1.0		favors 0.5281222834020699 opposes 0.41800495651239905 __DUMMY__ 0.05387276008553095	true	0.5
N979	favors 1.0		favors 0.5133517325214472 opposes 0.43147904708591717 __DUMMY__ 0.055169220392635734	true	1.0
N1350	opposes 1.0		favors 0.5173156291952923 opposes 0.4276263987157375 __DUMMY__ 0.05505797208897018	true	0.5
N974	favors 1.0		favors 0.5166431663950094 opposes 0.42927372622066334 __DUMMY__ 0.05408310738432737	true	1.0
N1353	opposes 1.0		favors 0.5151432249142364 opposes 0.42980600052904333 __DUMMY__ 0.05505077455672037	true	0.5
N975	favors 1.0		favors 0.5199734483219576 opposes 0.42565197862654625 __DUMMY__ 0.05437457305149623	true	1.0
N1354	opposes 1.0		favors 0.5186473205643697 opposes 0.427431691831002 __DUMMY__ 0.053920987604628254	true	0.5
N976	favors 1.0		favors 0.5040507452084916 opposes 0.4410424976157418 __DUMMY__ 0.05490675717576653	true	1.0
N1351	favors 1.0	favors 1.0	favors 0.7448713865635369 opposes 0.22981239134390777 __DUMMY__ 0.025316222092555393	false	1.0
N977	opposes 1.0		favors 0.5166692421595154 opposes 0.4282621609700181 __DUMMY__ 0.055068596870466544	true	0.5
N1352	opposes 1.0		favors 0.5122803585579614 opposes 0.432836374318197 __DUMMY__ 0.05488326712384151	true	0.5
N1357	favors 1.0	favors 1.0	favors 0.7461506526372653 opposes 0.22832230197546188 __DUMMY__ 0.025527045387272882	false	1.0
N1358	favors 1.0		favors 0.5291183280788944 opposes 0.41711850801693545 __DUMMY__ 0.05376316390417028	true	1.0
N1355	favors 1.0		favors 0.5204663728068196 opposes 0.4252499080827352 __DUMMY__ 0.05428371911044512	true	1.0
N1356	opposes 1.0		favors 0.5038465004683589 opposes 0.44121076115776964 __DUMMY__ 0.05494273837387146	true	0.5
N1359	favors 1.0		favors 0.5130499109078261 opposes 0.4317939977170323 __DUMMY__ 0.05515609137514151	true	1.0
N520	favors 1.0		favors 0.5151764818615743 opposes 0.4297162137703419 __DUMMY__ 0.055107304368083934	true	1.0
N521	favors 1.0		favors 0.517097949760833 opposes 0.4288595031114918 __DUMMY__ 0.054042547127675124	true	1.0
N522	favors 1.0		favors 0.5200205211735079 opposes 0.42560260408994816 __DUMMY__ 0.05437687473654401	true	1.0
N527	favors 1.0		favors 0.5139861229345472 opposes 0.4307038688216427 __DUMMY__ 0.05531000824381008	true	1.0
N528	favors 1.0		favors 0.531587899060742 opposes 0.4146155479109491 __DUMMY__ 0.05379655302830898	true	1.0
N529	opposes 1.0		favors 0.5072041102646656 opposes 0.4374425151711251 __DUMMY__ 0.05535337456420938	true	0.5
N523	favors 1.0		favors 0.5047370282840427 opposes 0.44039941110717407 __DUMMY__ 0.054863560608783314	true	1.0
N524	opposes 1.0		favors 0.5166007022820235 opposes 0.4283318150091793 __DUMMY__ 0.055067482708797195	true	0.5
N525	opposes 1.0		favors 0.5281484248127176 opposes 0.4179868420053134 __DUMMY__ 0.053864733181969035	true	0.5
N526	favors 1.0	favors 1.0	favors 0.7435501561635985 opposes 0.23074457019687764 __DUMMY__ 0.02570527363952374	false	1.0
N992	favors 1.0		favors 0.5170150246864024 opposes 0.428963343665604 __DUMMY__ 0.05402163164799354	true	1.0
N993	favors 1.0		favors 0.5197758754176819 opposes 0.4258390333579308 __DUMMY__ 0.05438509122438736	true	1.0
N510	favors 1.0		favors 0.5073215806648864 opposes 0.4373136615915593 __DUMMY__ 0.05536475774355419	true	1.0
N994	favors 1.0		favors 0.5037727831494639 opposes 0.44131621994924763 __DUMMY__ 0.0549109969012886	true	1.0
N511	favors 1.0		favors 0.5171134532394132 opposes 0.42830697610823354 __DUMMY__ 0.05457957065235329	true	1.0
N995	opposes 1.0		favors 0.5167662073581669 opposes 0.428158943410009 __DUMMY__ 0.05507484923182406	true	0.5
N990	favors 1.0	favors 1.0	favors 0.7432972365211195 opposes 0.23118317191845886 __DUMMY__ 0.02551959156042165	false	1.0
N991	favors 1.0		favors 0.5155616546630628 opposes 0.42933676299070933 __DUMMY__ 0.0551015823462279	true	1.0
N516	opposes 1.0		favors 0.5060198293344869 opposes 0.4392792249992394 __DUMMY__ 0.0547009456662737	true	0.5
N517	favors 1.0		favors 0.517147471612161 opposes 0.42775223743560625 __DUMMY__ 0.055100290952232726	true	1.0
N518	opposes 1.0		favors 0.516686267192411 opposes 0.4288852046577342 __DUMMY__ 0.05442852814985463	true	0.5
N519	favors 1.0		favors 0.5127152540022355 opposes 0.43240538088695174 __DUMMY__ 0.054879365110812886	true	1.0
N996	opposes 1.0		favors 0.5282081054640707 opposes 0.417932164811788 __DUMMY__ 0.053859729724141214	true	0.5
N512	opposes 1.0		favors 0.5261816639744203 opposes 0.41990450489155623 __DUMMY__ 0.05391383113402349	true	0.5
N997	favors 1.0		favors 0.5124612102618182 opposes 0.43219796286351264 __DUMMY__ 0.05534082687466926	true	1.0
N513	favors 1.0	favors 1.0	favors 0.7430747742690239 opposes 0.2312491893099627 __DUMMY__ 0.025676036421013404	false	1.0
N514	opposes 1.0		favors 0.5041249513478551 opposes 0.4407663514685148 __DUMMY__ 0.05510869718363033	true	0.5
N998	favors 1.0		favors 0.5136636898680782 opposes 0.43096895388673273 __DUMMY__ 0.05536735624518906	true	1.0
N999	opposes 1.0		favors 0.532401495691072 opposes 0.41384162223494614 __DUMMY__ 0.053756882073981986	true	0.5
N515	opposes 1.0		favors 0.5241219858583505 opposes 0.4209938949790951 __DUMMY__ 0.05488411916255432	true	0.5
N541	favors 1.0		favors 0.5199287556475035 opposes 0.4257113176162027 __DUMMY__ 0.05435992673629386	true	1.0
N542	opposes 1.0		favors 0.5043102894562715 opposes 0.44081012842234507 __DUMMY__ 0.05487958212138325	true	0.5
N543	favors 1.0		favors 0.516508697962812 opposes 0.4284299629505778 __DUMMY__ 0.0550613390866102	true	1.0
N544	favors 1.0		favors 0.5282126003818528 opposes 0.4179347073142479 __DUMMY__ 0.053852692303899156	true	1.0
N540	opposes 1.0	opposes 1.0	opposes 0.6976092234449035 favors 0.2772076866199448 __DUMMY__ 0.02518308993515166	false	1.0
N549	favors 1.0		favors 0.5070437936250077 opposes 0.4376018151549286 __DUMMY__ 0.055354391220063665	true	1.0
N545	favors 1.0		favors 0.5130574661623435 opposes 0.43178179828848895 __DUMMY__ 0.05516073554916757	true	1.0
N546	opposes 1.0		favors 0.5120030385659089 opposes 0.43265642801304816 __DUMMY__ 0.05534053342104297	true	0.5
N547	opposes 1.0		favors 0.5137837448748868 opposes 0.4309146466228613 __DUMMY__ 0.055301608502251964	true	0.5
N548	favors 1.0		favors 0.5316961135348118 opposes 0.4145370557871208 __DUMMY__ 0.05376683067806734	true	1.0
N530	opposes 1.0	opposes 1.0	opposes 0.6980285743725265 favors 0.2765589000056405 __DUMMY__ 0.025412525621833007	false	1.0
N531	opposes 1.0		favors 0.5264989517197447 opposes 0.4196087768976744 __DUMMY__ 0.05389227138258087	true	0.5
N532	opposes 1.0	opposes 1.0	opposes 0.70083767382313 favors 0.2734727014018498 __DUMMY__ 0.025689624775020282	false	1.0
N533	favors 1.0		favors 0.5036122089481805 opposes 0.44128192200610183 __DUMMY__ 0.05510586904571766	true	1.0
N1390	favors 1.0		favors 0.5173578042017096 opposes 0.42821496348652643 __DUMMY__ 0.05442723231176403	true	1.0
N1393	opposes 1.0		favors 0.5174860199750465 opposes 0.4284062537175713 __DUMMY__ 0.05410772630738232	true	0.5
N538	opposes 1.0		favors 0.5126218033128445 opposes 0.4324970852109624 __DUMMY__ 0.05488111147619324	true	0.5
N539	opposes 1.0		favors 0.515177023034118 opposes 0.4297219373672544 __DUMMY__ 0.05510103959862756	true	0.5
N1394	opposes 1.0		favors 0.5204278273876162 opposes 0.42522575722879496 __DUMMY__ 0.05434641538358882	true	0.5
N1391	opposes 1.0		favors 0.5131009340958123 opposes 0.43205084367923985 __DUMMY__ 0.05484822222494795	true	0.5
N1392	opposes 1.0		favors 0.5155622408429088 opposes 0.42936176926231717 __DUMMY__ 0.05507598989477404	true	0.5
N534	favors 1.0		favors 0.5240056592181546 opposes 0.42111278252659645 __DUMMY__ 0.054881558255248895	true	1.0
N1397	favors 1.0	favors 1.0	favors 0.7517360855364101 opposes 0.22326220417974982 __DUMMY__ 0.02500171028383999	false	1.0
N535	favors 1.0		favors 0.50557238782541 opposes 0.4397227406364923 __DUMMY__ 0.054704871538097694	true	1.0
N1398	favors 1.0		favors 0.5134984710996401 opposes 0.43134853840586457 __DUMMY__ 0.05515299049449527	true	1.0
N1395	opposes 1.0		favors 0.5045829005701297 opposes 0.44049521222943705 __DUMMY__ 0.054921887200433214	true	0.5
N536	opposes 1.0		favors 0.5171571611278056 opposes 0.4277417202227293 __DUMMY__ 0.05510111864946506	true	0.5
N537	favors 1.0		favors 0.5165424066139125 opposes 0.4290408818156891 __DUMMY__ 0.054416711570398305	true	1.0
N1396	favors 1.0		favors 0.517007725812716 opposes 0.42796673787833833 __DUMMY__ 0.055025536308945494	true	1.0
N1399	opposes 1.0		favors 0.5123656436461513 opposes 0.43230325213705734 __DUMMY__ 0.055331104216791306	true	0.5
N563	opposes 1.0		favors 0.529329921055041 opposes 0.41681039632728456 __DUMMY__ 0.05385968261767447	true	0.5
N564	opposes 1.0		favors 0.5132468509070588 opposes 0.4315902813522097 __DUMMY__ 0.0551628677407314	true	0.5
N565	favors 1.0		favors 0.5119793967979763 opposes 0.43268374332315174 __DUMMY__ 0.05533685987887205	true	1.0
N566	favors 1.0		favors 0.5139262122768146 opposes 0.43075012119820233 __DUMMY__ 0.05532366652498311	true	1.0
N560	favors 1.0		favors 0.5206502225445202 opposes 0.4249571920958504 __DUMMY__ 0.054392585359629486	true	1.0
N561	favors 1.0		favors 0.5042282496938062 opposes 0.44088797125903434 __DUMMY__ 0.05488377904715937	true	1.0
N562	favors 1.0		favors 0.516574138013241 opposes 0.4283197781904536 __DUMMY__ 0.05510608379630549	true	1.0
N567	favors 1.0	favors 1.0	favors 0.7543089919781014 opposes 0.22075884665667408 __DUMMY__ 0.024932161365224397	false	1.0
N568	favors 1.0		favors 0.5068112218411959 opposes 0.43783983684489175 __DUMMY__ 0.05534894131391247	true	1.0
N569	opposes 1.0		favors 0.5172172766887363 opposes 0.4281278452546517 __DUMMY__ 0.054654878056611934	true	0.5
N552	favors 1.0	favors 1.0	favors 0.7428160042293925 opposes 0.23149348705258815 __DUMMY__ 0.025690508718019284	false	1.0
N553	opposes 1.0		favors 0.5032136661095855 opposes 0.4416896255955942 __DUMMY__ 0.055096708294820225	true	0.5
N554	opposes 1.0		favors 0.5055455477383896 opposes 0.43977910518521607 __DUMMY__ 0.05467534707639449	true	0.5
N555	favors 1.0		favors 0.51731318725365 opposes 0.4276126848818684 __DUMMY__ 0.05507412786448176	true	1.0
N550	favors 1.0		favors 0.5166340594163885 opposes 0.42876369639660966 __DUMMY__ 0.054602244187001894	true	1.0
N551	favors 1.0		favors 0.5263793815033108 opposes 0.4197309632169738 __DUMMY__ 0.05388965527971548	true	1.0
N556	opposes 1.0		favors 0.5171337305028784 opposes 0.42849117127689706 __DUMMY__ 0.0543750982202245	true	0.5
