N1742	opposes 1.0	opposes 1.0	opposes 0.6811770311260364 favors 0.318160180047417 __DUMMY__ 6.62788826546582E-4	false	1.0
N1743	opposes 1.0	opposes 1.0	opposes 0.7141026408035853 favors 0.2851666499757411 __DUMMY__ 7.307092206736152E-4	false	1.0
N1740	favors 1.0	favors 1.0	favors 0.7405017577837667 opposes 0.2588975312332694 __DUMMY__ 6.007109829637707E-4	false	1.0
N1741	opposes 1.0	opposes 1.0	opposes 0.7085110737926648 favors 0.29073657668907105 __DUMMY__ 7.5234951826424E-4	false	1.0
N1746	opposes 1.0	opposes 1.0	opposes 0.6720478222240847 favors 0.3273337686652284 __DUMMY__ 6.184091106869827E-4	false	1.0
N1747	opposes 1.0	opposes 1.0	opposes 0.7203901268413982 favors 0.27889945094377394 __DUMMY__ 7.104222148278047E-4	false	1.0
N1744	favors 1.0	favors 1.0	favors 0.7560609897276445 opposes 0.24321187966057356 __DUMMY__ 7.271306117818843E-4	false	1.0
N1745	favors 1.0	favors 1.0	favors 0.7587263683546374 opposes 0.240554662996334 __DUMMY__ 7.189686490285654E-4	false	1.0
N1748	opposes 1.0	opposes 1.0	opposes 0.7097794186168792 favors 0.2895293694365426 __DUMMY__ 6.912119465782531E-4	false	1.0
N1749	favors 1.0	favors 1.0	favors 0.7886142423121658 opposes 0.2107413796093316 __DUMMY__ 6.443780785025281E-4	false	1.0
N1731	opposes 1.0	opposes 1.0	opposes 0.7239441054512394 favors 0.2754759994043204 __DUMMY__ 5.798951444401559E-4	false	1.0
N1732	opposes 1.0	opposes 1.0	opposes 0.6889107431269668 favors 0.3104109776589355 __DUMMY__ 6.7827921409773E-4	false	1.0
N1730	favors 1.0	favors 1.0	favors 0.747440519663701 opposes 0.25182516574448305 __DUMMY__ 7.34314591815967E-4	false	1.0
N1735	opposes 1.0	opposes 1.0	opposes 0.710132887156767 favors 0.2890366798722787 __DUMMY__ 8.304329709542768E-4	false	1.0
N1736	favors 1.0	favors 1.0	favors 0.7531161433865827 opposes 0.2461312445279084 __DUMMY__ 7.526120855088498E-4	false	1.0
N1733	opposes 1.0	opposes 1.0	opposes 0.7205415573729387 favors 0.2788776394393966 __DUMMY__ 5.808031876647233E-4	false	1.0
N1734	favors 1.0	favors 1.0	favors 0.7675507904067145 opposes 0.23175096640481427 __DUMMY__ 6.982431884713116E-4	false	1.0
N1739	favors 1.0	favors 1.0	favors 0.7784464843119853 opposes 0.22082008138441822 __DUMMY__ 7.334343035966362E-4	false	1.0
N1737	favors 1.0		favors 0.5539680396401141 opposes 0.4376131097334401 __DUMMY__ 0.008418850626445906	true	1.0
N1738	opposes 1.0	opposes 1.0	opposes 0.7354517489068093 favors 0.2638980037850526 __DUMMY__ 6.502473081380184E-4	false	1.0
N1720	opposes 1.0	opposes 1.0	opposes 0.7265072241499949 favors 0.27289206486704126 __DUMMY__ 6.007109829637706E-4	false	1.0
N1721	opposes 1.0	opposes 1.0	opposes 0.7085110737926648 favors 0.29073657668907105 __DUMMY__ 7.5234951826424E-4	false	1.0
N1724	favors 1.0	favors 1.0	favors 0.7560609897276445 opposes 0.24321187966057356 __DUMMY__ 7.271306117818843E-4	false	1.0
N1725	favors 1.0	favors 1.0	favors 0.7587263683546374 opposes 0.240554662996334 __DUMMY__ 7.189686490285654E-4	false	1.0
N1722	favors 1.0	favors 1.0	favors 0.7868621394511475 opposes 0.21247507172230598 __DUMMY__ 6.62788826546582E-4	false	1.0
N1723	favors 1.0	favors 1.0	favors 0.7552913210605916 opposes 0.24397796971873476 __DUMMY__ 7.307092206736151E-4	false	1.0
N1728	opposes 1.0	opposes 1.0	opposes 0.7097794186168792 favors 0.2895293694365426 __DUMMY__ 6.912119465782531E-4	false	1.0
N1729	favors 1.0	favors 1.0	favors 0.7886142423121658 opposes 0.2107413796093316 __DUMMY__ 6.443780785025281E-4	false	1.0
N1726	favors 1.0	favors 1.0	favors 0.7961165550105721 opposes 0.20326503587874087 __DUMMY__ 6.184091106869826E-4	false	1.0
N1727	opposes 1.0	opposes 1.0	opposes 0.7203901268413982 favors 0.27889945094377394 __DUMMY__ 7.104222148278047E-4	false	1.0
N1710	favors 1.0	favors 1.0	favors 0.747440519663701 opposes 0.2518251657444831 __DUMMY__ 7.343145918159671E-4	false	1.0
N1713	opposes 1.0	opposes 1.0	opposes 0.7205415573729387 favors 0.2788776394393966 __DUMMY__ 5.808031876647233E-4	false	1.0
N1714	favors 1.0	favors 1.0	favors 0.7675507904067145 opposes 0.23175096640481427 __DUMMY__ 6.982431884713116E-4	false	1.0
N1711	favors 1.0	favors 1.0	favors 0.7437444940129958 opposes 0.2556756108425641 __DUMMY__ 5.798951444401559E-4	false	1.0
N1712	favors 1.0	favors 1.0	favors 0.7802870451784862 opposes 0.21903467560741607 __DUMMY__ 6.7827921409773E-4	false	1.0
N1717	favors 1.0	favors 1.0	favors 0.7656405805163713 opposes 0.23366414143776643 __DUMMY__ 6.952780458623774E-4	false	1.0
N1718	opposes 1.0	opposes 1.0	opposes 0.7354517489068093 favors 0.2638980037850526 __DUMMY__ 6.502473081380184E-4	false	1.0
N1715	favors 1.0	favors 1.0	favors 0.7571094957175283 opposes 0.2420600713115174 __DUMMY__ 8.304329709542766E-4	false	1.0
N1716	favors 1.0		favors 0.530882824083079 opposes 0.46060625813165285 __DUMMY__ 0.008510917785268125	true	1.0
N1719	favors 1.0	favors 1.0	favors 0.7784464843119853 opposes 0.22082008138441822 __DUMMY__ 7.334343035966362E-4	false	1.0
N1782	favors 1.0	favors 1.0	favors 0.7552913210605916 opposes 0.24397796971873476 __DUMMY__ 7.307092206736151E-4	false	1.0
N1783	favors 1.0	favors 1.0	favors 0.7560609897276445 opposes 0.24321187966057356 __DUMMY__ 7.271306117818843E-4	false	1.0
N1780	opposes 1.0	opposes 1.0	opposes 0.7085110737926648 favors 0.29073657668907105 __DUMMY__ 7.523495182642403E-4	false	1.0
N1781	opposes 1.0	opposes 1.0	opposes 0.6811770311260364 favors 0.318160180047417 __DUMMY__ 6.62788826546582E-4	false	1.0
N1786	opposes 1.0	opposes 1.0	opposes 0.7203901268413982 favors 0.27889945094377394 __DUMMY__ 7.104222148278047E-4	false	1.0
N1302	favors 1.0	favors 1.0	favors 0.7587263683546374 opposes 0.240554662996334 __DUMMY__ 7.189686490285654E-4	false	1.0
N1303	favors 1.0	favors 1.0	favors 0.7961165550105721 opposes 0.20326503587874087 __DUMMY__ 6.184091106869826E-4	false	1.0
N1787	opposes 1.0	opposes 1.0	opposes 0.7097794186168792 favors 0.2895293694365426 __DUMMY__ 6.912119465782531E-4	false	1.0
N1300	favors 1.0	favors 1.0	favors 0.7552913210605916 opposes 0.24397796971873473 __DUMMY__ 7.307092206736151E-4	false	1.0
N1784	favors 1.0		favors 0.5422544292900544 opposes 0.4493342323414178 __DUMMY__ 0.008411338368527707	true	1.0
N1301	opposes 1.0	opposes 1.0	opposes 0.7135868140174965 favors 0.28568605537072167 __DUMMY__ 7.271306117818843E-4	false	1.0
N1785	opposes 1.0	opposes 1.0	opposes 0.6720478222240847 favors 0.3273337686652284 __DUMMY__ 6.184091106869827E-4	false	1.0
N1306	opposes 1.0	opposes 1.0	opposes 0.6785771317658078 favors 0.32077849015568966 __DUMMY__ 6.443780785025281E-4	false	1.0
N1307	favors 1.0		favors 0.5208034489129129 opposes 0.47074177235289927 __DUMMY__ 0.008454778734187865	true	1.0
N1304	favors 1.0	favors 1.0	favors 0.7483539222343842 opposes 0.25093565555078795 __DUMMY__ 7.104222148278048E-4	false	1.0
N1788	favors 1.0	favors 1.0	favors 0.7886142423121658 opposes 0.2107413796093316 __DUMMY__ 6.443780785025281E-4	false	1.0
N1789	opposes 1.0	opposes 1.0	opposes 0.7206598294080203 favors 0.27860585600016374 __DUMMY__ 7.34314591815967E-4	false	1.0
N1305	favors 1.0	favors 1.0	favors 0.757348983560212 opposes 0.24195980449320983 __DUMMY__ 6.912119465782528E-4	false	1.0
N1308	opposes 1.0	opposes 1.0	opposes 0.7239441054512394 favors 0.2754759994043204 __DUMMY__ 5.798951444401559E-4	false	1.0
N1309	opposes 1.0	opposes 1.0	opposes 0.6889107431269668 favors 0.3104109776589355 __DUMMY__ 6.782792140977294E-4	false	1.0
N1771	favors 1.0	favors 1.0	favors 0.7802870451784861 opposes 0.2190346756074161 __DUMMY__ 6.7827921409773E-4	false	1.0
N1772	opposes 1.0	opposes 1.0	opposes 0.7205415573729387 favors 0.2788776394393966 __DUMMY__ 5.808031876647233E-4	false	1.0
N1770	opposes 1.0	opposes 1.0	opposes 0.7239441054512394 favors 0.2754759994043204 __DUMMY__ 5.798951444401559E-4	false	1.0
N1775	favors 1.0	favors 1.0	favors 0.7531161433865827 opposes 0.2461312445279084 __DUMMY__ 7.526120855088497E-4	false	1.0
N1776	favors 1.0	favors 1.0	favors 0.7656405805163713 opposes 0.23366414143776643 __DUMMY__ 6.952780458623774E-4	false	1.0
N1773	favors 1.0	favors 1.0	favors 0.7675507904067145 opposes 0.23175096640481427 __DUMMY__ 6.982431884713118E-4	false	1.0
N1774	opposes 1.0	opposes 1.0	opposes 0.710132887156767 favors 0.2890366798722787 __DUMMY__ 8.304329709542768E-4	false	1.0
N1779	favors 1.0	favors 1.0	favors 0.7405017577837666 opposes 0.2588975312332696 __DUMMY__ 6.007109829637706E-4	false	1.0
N1777	favors 1.0	favors 1.0	favors 0.7304033134901579 opposes 0.26894643920170425 __DUMMY__ 6.502473081380185E-4	false	1.0
N1778	favors 1.0	favors 1.0	favors 0.7784464843119853 opposes 0.22082008138441822 __DUMMY__ 7.334343035966362E-4	false	1.0
N901	favors 1.0	favors 1.0	favors 0.7560609897276445 opposes 0.24321187966057356 __DUMMY__ 7.271306117818843E-4	false	1.0
N902	favors 1.0	favors 1.0	favors 0.7587263683546374 opposes 0.240554662996334 __DUMMY__ 7.189686490285654E-4	false	1.0
N903	opposes 1.0	opposes 1.0	opposes 0.6720478222240847 favors 0.3273337686652284 __DUMMY__ 6.184091106869827E-4	false	1.0
N904	opposes 1.0		favors 0.5219504253314645 opposes 0.4696171647372104 __DUMMY__ 0.008432409931325205	true	0.5
N1760	opposes 1.0	opposes 1.0	opposes 0.7085110737926648 favors 0.29073657668907105 __DUMMY__ 7.523495182642403E-4	false	1.0
N1761	opposes 1.0	opposes 1.0	opposes 0.6811770311260364 favors 0.318160180047417 __DUMMY__ 6.62788826546582E-4	false	1.0
N900	favors 1.0	favors 1.0	favors 0.7552913210605916 opposes 0.2439779697187347 __DUMMY__ 7.30709220673615E-4	false	1.0
N909	favors 1.0		favors 0.58137617092014 opposes 0.41023530498162225 __DUMMY__ 0.008388524098237633	true	1.0
N1764	favors 1.0	favors 1.0	favors 0.7587263683546374 opposes 0.240554662996334 __DUMMY__ 7.189686490285654E-4	false	1.0
N1765	opposes 1.0	opposes 1.0	opposes 0.6720478222240847 favors 0.3273337686652284 __DUMMY__ 6.184091106869827E-4	false	1.0
N1762	favors 1.0	favors 1.0	favors 0.7552913210605916 opposes 0.24397796971873476 __DUMMY__ 7.307092206736151E-4	false	1.0
N1763	opposes 1.0		favors 0.5355636966019641 opposes 0.45593913265919833 __DUMMY__ 0.008497170738837479	true	0.5
N1768	favors 1.0	favors 1.0	favors 0.7886142423121658 opposes 0.2107413796093316 __DUMMY__ 6.443780785025281E-4	false	1.0
N905	opposes 1.0	opposes 1.0	opposes 0.7097794186168792 favors 0.2895293694365426 __DUMMY__ 6.912119465782531E-4	false	1.0
N906	favors 1.0	favors 1.0	favors 0.7886142423121658 opposes 0.21074137960933156 __DUMMY__ 6.44378078502528E-4	false	1.0
N1769	opposes 1.0	opposes 1.0	opposes 0.7206598294080203 favors 0.27860585600016374 __DUMMY__ 7.34314591815967E-4	false	1.0
N1766	opposes 1.0	opposes 1.0	opposes 0.7203901268413982 favors 0.27889945094377405 __DUMMY__ 7.104222148278047E-4	false	1.0
N907	opposes 1.0	opposes 1.0	opposes 0.7206598294080203 favors 0.27860585600016374 __DUMMY__ 7.343145918159671E-4	false	1.0
N908	opposes 1.0	opposes 1.0	opposes 0.7239441054512394 favors 0.2754759994043204 __DUMMY__ 5.798951444401558E-4	false	1.0
N1767	opposes 1.0	opposes 1.0	opposes 0.7097794186168792 favors 0.2895293694365426 __DUMMY__ 6.912119465782531E-4	false	1.0
N1750	opposes 1.0	opposes 1.0	opposes 0.7206598294080203 favors 0.27860585600016374 __DUMMY__ 7.343145918159671E-4	false	1.0
N1753	favors 1.0	favors 1.0	favors 0.7675507904067145 opposes 0.23175096640481427 __DUMMY__ 6.982431884713116E-4	false	1.0
N1754	opposes 1.0	opposes 1.0	opposes 0.710132887156767 favors 0.2890366798722787 __DUMMY__ 8.304329709542768E-4	false	1.0
N1751	opposes 1.0	opposes 1.0	opposes 0.7239441054512394 favors 0.2754759994043204 __DUMMY__ 5.798951444401559E-4	false	1.0
N1752	opposes 1.0	opposes 1.0	opposes 0.7205415573729387 favors 0.2788776394393966 __DUMMY__ 5.808031876647233E-4	false	1.0
N1757	favors 1.0	favors 1.0	favors 0.7304033134901579 opposes 0.26894643920170425 __DUMMY__ 6.502473081380185E-4	false	1.0
N1758	favors 1.0		favors 0.5781611755054228 opposes 0.41335778326111744 __DUMMY__ 0.0084810412334598	true	1.0
N1755	favors 1.0	favors 1.0	favors 0.7531161433865827 opposes 0.2461312445279084 __DUMMY__ 7.526120855088498E-4	false	1.0
N1756	favors 1.0	favors 1.0	favors 0.7656405805163713 opposes 0.23366414143776643 __DUMMY__ 6.952780458623774E-4	false	1.0
N1759	favors 1.0	favors 1.0	favors 0.7405017577837666 opposes 0.2588975312332696 __DUMMY__ 6.007109829637706E-4	false	1.0
N923	favors 1.0	favors 1.0	favors 0.7961165550105721 opposes 0.20326503587874087 __DUMMY__ 6.184091106869826E-4	false	1.0
N924	opposes 1.0	opposes 1.0	opposes 0.7203901268413982 favors 0.27889945094377394 __DUMMY__ 7.104222148278047E-4	false	1.0
N925	opposes 1.0	opposes 1.0	opposes 0.7097794186168792 favors 0.2895293694365426 __DUMMY__ 6.912119465782531E-4	false	1.0
N926	favors 1.0	favors 1.0	favors 0.7886142423121658 opposes 0.21074137960933156 __DUMMY__ 6.44378078502528E-4	false	1.0
N1342	favors 1.0	favors 1.0	favors 0.7587263683546374 opposes 0.240554662996334 __DUMMY__ 7.189686490285654E-4	false	1.0
N1343	favors 1.0	favors 1.0	favors 0.7961165550105721 opposes 0.20326503587874087 __DUMMY__ 6.184091106869826E-4	false	1.0
N920	favors 1.0	favors 1.0	favors 0.7552913210605916 opposes 0.24397796971873476 __DUMMY__ 7.307092206736151E-4	false	1.0
N921	favors 1.0	favors 1.0	favors 0.7560609897276445 opposes 0.24321187966057356 __DUMMY__ 7.271306117818843E-4	false	1.0
N1340	favors 1.0	favors 1.0	favors 0.7552913210605916 opposes 0.24397796971873476 __DUMMY__ 7.307092206736151E-4	false	1.0
N1341	favors 1.0	favors 1.0	favors 0.7560609897276445 opposes 0.24321187966057356 __DUMMY__ 7.271306117818843E-4	false	1.0
N922	favors 1.0	favors 1.0	favors 0.7587263683546374 opposes 0.240554662996334 __DUMMY__ 7.189686490285654E-4	false	1.0
N1346	favors 1.0	favors 1.0	favors 0.7886142423121658 opposes 0.21074137960933156 __DUMMY__ 6.44378078502528E-4	false	1.0
N1347	opposes 1.0	opposes 1.0	opposes 0.7206598294080203 favors 0.27860585600016374 __DUMMY__ 7.343145918159671E-4	false	1.0
N1344	opposes 1.0	opposes 1.0	opposes 0.7203901268413982 favors 0.27889945094377394 __DUMMY__ 7.104222148278047E-4	false	1.0
N1345	opposes 1.0	opposes 1.0	opposes 0.7097794186168792 favors 0.2895293694365426 __DUMMY__ 6.912119465782531E-4	false	1.0
N927	opposes 1.0	opposes 1.0	opposes 0.7206598294080203 favors 0.27860585600016374 __DUMMY__ 7.343145918159671E-4	false	1.0
N928	favors 1.0	favors 1.0	favors 0.7437444940129958 opposes 0.2556756108425641 __DUMMY__ 5.798951444401558E-4	false	1.0
N929	favors 1.0	favors 1.0	favors 0.7802870451784861 opposes 0.2190346756074161 __DUMMY__ 6.7827921409773E-4	false	1.0
N1348	favors 1.0	favors 1.0	favors 0.7802870451784862 opposes 0.21903467560741605 __DUMMY__ 6.782792140977295E-4	false	1.0
N1349	favors 1.0	favors 1.0	favors 0.7466602227830694 opposes 0.25275897402926584 __DUMMY__ 5.808031876647233E-4	false	1.0
N912	opposes 1.0	opposes 1.0	opposes 0.7101328871567671 favors 0.2890366798722786 __DUMMY__ 8.304329709542763E-4	false	1.0
N913	favors 1.0	favors 1.0	favors 0.7531161433865827 opposes 0.2461312445279084 __DUMMY__ 7.526120855088498E-4	false	1.0
N914	favors 1.0	favors 1.0	favors 0.7656405805163712 opposes 0.23366414143776643 __DUMMY__ 6.952780458623769E-4	false	1.0
N915	favors 1.0	favors 1.0	favors 0.7304033134901579 opposes 0.26894643920170425 __DUMMY__ 6.502473081380185E-4	false	1.0
N1331	favors 1.0	favors 1.0	favors 0.7675507904067145 opposes 0.2317509664048143 __DUMMY__ 6.982431884713116E-4	false	1.0
N1332	favors 1.0	favors 1.0	favors 0.7571094957175283 opposes 0.2420600713115174 __DUMMY__ 8.304329709542766E-4	false	1.0
N910	opposes 1.0	opposes 1.0	opposes 0.7205415573729387 favors 0.2788776394393966 __DUMMY__ 5.808031876647233E-4	false	1.0
N1330	opposes 1.0	opposes 1.0	opposes 0.7205415573729387 favors 0.2788776394393966 __DUMMY__ 5.808031876647233E-4	false	1.0
N911	favors 1.0	favors 1.0	favors 0.7675507904067145 opposes 0.2317509664048143 __DUMMY__ 6.982431884713116E-4	false	1.0
N1335	opposes 1.0		opposes 0.5005895745692566 favors 0.49119297474425594 __DUMMY__ 0.008217450686487406	true	1.0
N1336	favors 1.0	favors 1.0	favors 0.7784464843119853 opposes 0.22082008138441822 __DUMMY__ 7.334343035966363E-4	false	1.0
N1333	favors 1.0	favors 1.0	favors 0.7531161433865827 opposes 0.2461312445279084 __DUMMY__ 7.526120855088498E-4	false	1.0
N1334	favors 1.0	favors 1.0	favors 0.7656405805163713 opposes 0.23366414143776643 __DUMMY__ 6.952780458623774E-4	false	1.0
N916	favors 1.0	favors 1.0	favors 0.7784464843119853 opposes 0.22082008138441825 __DUMMY__ 7.334343035966362E-4	false	1.0
N1339	opposes 1.0	opposes 1.0	opposes 0.6811770311260364 favors 0.318160180047417 __DUMMY__ 6.62788826546582E-4	false	1.0
N917	favors 1.0	favors 1.0	favors 0.7405017577837666 opposes 0.2588975312332696 __DUMMY__ 6.007109829637706E-4	false	1.0
N1337	favors 1.0		favors 0.5089697404946909 opposes 0.4828685713614983 __DUMMY__ 0.008161688143810866	true	1.0
N918	opposes 1.0		favors 0.5456841467397613 opposes 0.4457466722983811 __DUMMY__ 0.008569180961857669	true	0.5
N919	opposes 1.0	opposes 1.0	opposes 0.6811770311260364 favors 0.318160180047417 __DUMMY__ 6.62788826546582E-4	false	1.0
N1338	opposes 1.0		favors 0.5456841467397617 opposes 0.4457466722983805 __DUMMY__ 0.008569180961857667	true	0.5
N940	opposes 1.0		favors 0.534342011946236 opposes 0.45716313097212286 __DUMMY__ 0.008494857081641114	true	0.5
N945	favors 1.0	favors 1.0	favors 0.7573489835602119 opposes 0.2419598044932099 __DUMMY__ 6.912119465782531E-4	false	1.0
N946	opposes 1.0	opposes 1.0	opposes 0.6785771317658078 favors 0.32077849015568966 __DUMMY__ 6.443780785025281E-4	false	1.0
N947	favors 1.0	favors 1.0	favors 0.747440519663701 opposes 0.2518251657444831 __DUMMY__ 7.343145918159671E-4	false	1.0
N948	opposes 1.0	opposes 1.0	opposes 0.7239441054512394 favors 0.2754759994043204 __DUMMY__ 5.798951444401558E-4	false	1.0
N941	opposes 1.0	opposes 1.0	opposes 0.7135868140174965 favors 0.28568605537072167 __DUMMY__ 7.271306117818843E-4	false	1.0
N1320	opposes 1.0	opposes 1.0	opposes 0.7141026408035854 favors 0.2851666499757411 __DUMMY__ 7.307092206736152E-4	false	1.0
N1321	favors 1.0	favors 1.0	favors 0.7560609897276445 opposes 0.24321187966057356 __DUMMY__ 7.271306117818843E-4	false	1.0
N942	opposes 1.0	opposes 1.0	opposes 0.7089808035450326 favors 0.29030022780593884 __DUMMY__ 7.189686490285654E-4	false	1.0
N943	favors 1.0	favors 1.0	favors 0.7961165550105722 opposes 0.20326503587874087 __DUMMY__ 6.184091106869828E-4	false	1.0
N944	favors 1.0	favors 1.0	favors 0.7483539222343842 opposes 0.25093565555078795 __DUMMY__ 7.104222148278048E-4	false	1.0
N1324	opposes 1.0	opposes 1.0	opposes 0.7203901268413982 favors 0.27889945094377394 __DUMMY__ 7.104222148278047E-4	false	1.0
N1325	opposes 1.0	opposes 1.0	opposes 0.7097794186168792 favors 0.2895293694365426 __DUMMY__ 6.912119465782531E-4	false	1.0
N1322	favors 1.0	favors 1.0	favors 0.7587263683546374 opposes 0.240554662996334 __DUMMY__ 7.189686490285654E-4	false	1.0
N1323	favors 1.0	favors 1.0	favors 0.7961165550105721 opposes 0.20326503587874087 __DUMMY__ 6.184091106869826E-4	false	1.0
N1328	opposes 1.0	opposes 1.0	opposes 0.7239441054512394 favors 0.2754759994043204 __DUMMY__ 5.798951444401559E-4	false	1.0
N949	favors 1.0	favors 1.0	favors 0.7802870451784861 opposes 0.2190346756074161 __DUMMY__ 6.782792140977302E-4	false	1.0
N1329	favors 1.0	favors 1.0	favors 0.7802870451784862 opposes 0.21903467560741605 __DUMMY__ 6.782792140977295E-4	false	1.0
N1326	favors 1.0	favors 1.0	favors 0.7886142423121658 opposes 0.21074137960933156 __DUMMY__ 6.44378078502528E-4	false	1.0
N1327	opposes 1.0	opposes 1.0	opposes 0.7206598294080203 favors 0.27860585600016374 __DUMMY__ 7.343145918159671E-4	false	1.0
N934	opposes 1.0	opposes 1.0	opposes 0.7035127011721631 favors 0.2957920207819745 __DUMMY__ 6.952780458623767E-4	false	1.0
N935	opposes 1.0	opposes 1.0	opposes 0.7354517489068093 favors 0.2638980037850527 __DUMMY__ 6.502473081380185E-4	false	1.0
N1790	favors 1.0	favors 1.0	favors 0.7437444940129958 opposes 0.2556756108425641 __DUMMY__ 5.798951444401559E-4	false	1.0
N936	opposes 1.0	opposes 1.0	opposes 0.6904067646510981 favors 0.30885980104530525 __DUMMY__ 7.334343035966359E-4	false	1.0
N937	opposes 1.0	opposes 1.0	opposes 0.7265072241499949 favors 0.27289206486704126 __DUMMY__ 6.007109829637706E-4	false	1.0
N930	favors 1.0	favors 1.0	favors 0.7466602227830694 opposes 0.25275897402926584 __DUMMY__ 5.808031876647233E-4	false	1.0
N1793	opposes 1.0	opposes 1.0	opposes 0.7018688500125673 favors 0.2974329067989614 __DUMMY__ 6.982431884713117E-4	false	1.0
N1310	opposes 1.0	opposes 1.0	opposes 0.7205415573729387 favors 0.2788776394393966 __DUMMY__ 5.808031876647233E-4	false	1.0
N931	opposes 1.0	opposes 1.0	opposes 0.7018688500125673 favors 0.2974329067989614 __DUMMY__ 6.982431884713116E-4	false	1.0
N1794	favors 1.0	favors 1.0	favors 0.7571094957175283 opposes 0.2420600713115174 __DUMMY__ 8.304329709542766E-4	false	1.0
N932	favors 1.0	favors 1.0	favors 0.7571094957175283 opposes 0.2420600713115175 __DUMMY__ 8.304329709542763E-4	false	1.0
N1791	favors 1.0	favors 1.0	favors 0.7802870451784862 opposes 0.21903467560741607 __DUMMY__ 6.7827921409773E-4	false	1.0
N1792	favors 1.0	favors 1.0	favors 0.7466602227830694 opposes 0.25275897402926584 __DUMMY__ 5.808031876647233E-4	false	1.0
N933	opposes 1.0	opposes 1.0	opposes 0.7155628993689681 favors 0.28368448854552303 __DUMMY__ 7.526120855088497E-4	false	1.0
N1797	opposes 1.0	opposes 1.0	opposes 0.7354517489068093 favors 0.2638980037850526 __DUMMY__ 6.502473081380184E-4	false	1.0
N1313	favors 1.0	favors 1.0	favors 0.7531161433865827 opposes 0.2461312445279084 __DUMMY__ 7.526120855088498E-4	false	1.0
N1314	favors 1.0	favors 1.0	favors 0.7656405805163713 opposes 0.23366414143776643 __DUMMY__ 6.952780458623774E-4	false	1.0
N1798	favors 1.0	favors 1.0	favors 0.7784464843119853 opposes 0.22082008138441822 __DUMMY__ 7.334343035966362E-4	false	1.0
N1311	favors 1.0	favors 1.0	favors 0.7675507904067145 opposes 0.2317509664048143 __DUMMY__ 6.982431884713116E-4	false	1.0
N1795	opposes 1.0	opposes 1.0	opposes 0.7155628993689681 favors 0.28368448854552303 __DUMMY__ 7.526120855088497E-4	false	1.0
N1796	opposes 1.0	opposes 1.0	opposes 0.703512701172163 favors 0.29579202078197453 __DUMMY__ 6.952780458623774E-4	false	1.0
N1312	opposes 1.0	opposes 1.0	opposes 0.710132887156767 favors 0.2890366798722787 __DUMMY__ 8.304329709542769E-4	false	1.0
N1317	favors 1.0	favors 1.0	favors 0.7405017577837666 opposes 0.2588975312332696 __DUMMY__ 6.007109829637705E-4	false	1.0
N938	favors 1.0	favors 1.0	favors 0.7617570402102326 opposes 0.23749061027150326 __DUMMY__ 7.523495182642401E-4	false	1.0
N939	favors 1.0	favors 1.0	favors 0.7868621394511475 opposes 0.21247507172230598 __DUMMY__ 6.62788826546582E-4	false	1.0
N1318	opposes 1.0	opposes 1.0	opposes 0.7085110737926648 favors 0.29073657668907105 __DUMMY__ 7.523495182642401E-4	false	1.0
N1315	favors 1.0	favors 1.0	favors 0.7304033134901579 opposes 0.26894643920170425 __DUMMY__ 6.502473081380185E-4	false	1.0
N1799	opposes 1.0	opposes 1.0	opposes 0.7265072241499949 favors 0.27289206486704126 __DUMMY__ 6.007109829637706E-4	false	1.0
N1316	favors 1.0	favors 1.0	favors 0.7784464843119853 opposes 0.22082008138441822 __DUMMY__ 7.334343035966362E-4	false	1.0
N1319	favors 1.0	favors 1.0	favors 0.7868621394511475 opposes 0.21247507172230598 __DUMMY__ 6.62788826546582E-4	false	1.0
N960	opposes 1.0	opposes 1.0	opposes 0.7135868140174965 favors 0.28568605537072167 __DUMMY__ 7.271306117818843E-4	false	1.0
N961	opposes 1.0	opposes 1.0	opposes 0.7089808035450326 favors 0.29030022780593884 __DUMMY__ 7.189686490285654E-4	false	1.0
N962	favors 1.0	favors 1.0	favors 0.7961165550105721 opposes 0.20326503587874087 __DUMMY__ 6.184091106869826E-4	false	1.0
N967	opposes 1.0	opposes 1.0	opposes 0.7239441054512394 favors 0.2754759994043204 __DUMMY__ 5.798951444401558E-4	false	1.0
N1382	opposes 1.0	opposes 1.0	opposes 0.7203901268413982 favors 0.27889945094377394 __DUMMY__ 7.104222148278047E-4	false	1.0
N968	favors 1.0	favors 1.0	favors 0.7802870451784861 opposes 0.2190346756074161 __DUMMY__ 6.782792140977302E-4	false	1.0
N1383	opposes 1.0	opposes 1.0	opposes 0.7097794186168792 favors 0.2895293694365426 __DUMMY__ 6.912119465782531E-4	false	1.0
N969	opposes 1.0	opposes 1.0	opposes 0.7205415573729387 favors 0.2788776394393966 __DUMMY__ 5.808031876647233E-4	false	1.0
N1380	favors 1.0	favors 1.0	favors 0.7587263683546375 opposes 0.240554662996334 __DUMMY__ 7.189686490285662E-4	false	1.0
N1381	favors 1.0	favors 1.0	favors 0.7961165550105721 opposes 0.20326503587874087 __DUMMY__ 6.184091106869826E-4	false	1.0
N963	favors 1.0	favors 1.0	favors 0.7483539222343842 opposes 0.25093565555078795 __DUMMY__ 7.104222148278048E-4	false	1.0
N1386	favors 1.0		favors 0.5144140960328918 opposes 0.4774395306802222 __DUMMY__ 0.00814637328688598	true	1.0
N1387	favors 1.0	favors 1.0	favors 0.7802870451784862 opposes 0.21903467560741605 __DUMMY__ 6.782792140977295E-4	false	1.0
N964	favors 1.0	favors 1.0	favors 0.7573489835602119 opposes 0.2419598044932099 __DUMMY__ 6.912119465782531E-4	false	1.0
N965	opposes 1.0	opposes 1.0	opposes 0.6785771317658078 favors 0.32077849015568966 __DUMMY__ 6.443780785025281E-4	false	1.0
N1384	favors 1.0	favors 1.0	favors 0.7886142423121658 opposes 0.21074137960933156 __DUMMY__ 6.44378078502528E-4	false	1.0
N966	favors 1.0	favors 1.0	favors 0.747440519663701 opposes 0.2518251657444831 __DUMMY__ 7.343145918159671E-4	false	1.0
N1385	opposes 1.0	opposes 1.0	opposes 0.7206598294080203 favors 0.27860585600016374 __DUMMY__ 7.343145918159671E-4	false	1.0
N1388	favors 1.0	favors 1.0	favors 0.7466602227830694 opposes 0.25275897402926584 __DUMMY__ 5.808031876647233E-4	false	1.0
N1389	opposes 1.0	opposes 1.0	opposes 0.7018688500125673 favors 0.2974329067989614 __DUMMY__ 6.982431884713116E-4	false	1.0
N950	favors 1.0	favors 1.0	favors 0.7466602227830694 opposes 0.25275897402926584 __DUMMY__ 5.808031876647233E-4	false	1.0
N951	opposes 1.0	opposes 1.0	opposes 0.7018688500125673 favors 0.2974329067989614 __DUMMY__ 6.982431884713116E-4	false	1.0
N956	opposes 1.0	opposes 1.0	opposes 0.7265072241499949 favors 0.27289206486704126 __DUMMY__ 6.007109829637706E-4	false	1.0
N1371	opposes 1.0	opposes 1.0	opposes 0.7155628993689681 favors 0.28368448854552303 __DUMMY__ 7.526120855088497E-4	false	1.0
N1372	favors 1.0	favors 1.0	favors 0.7656405805163713 opposes 0.23366414143776643 __DUMMY__ 6.952780458623774E-4	false	1.0
N957	favors 1.0	favors 1.0	favors 0.7617570402102326 opposes 0.23749061027150326 __DUMMY__ 7.523495182642401E-4	false	1.0
N958	favors 1.0	favors 1.0	favors 0.7868621394511475 opposes 0.21247507172230598 __DUMMY__ 6.62788826546582E-4	false	1.0
N959	favors 1.0	favors 1.0	favors 0.7552913210605916 opposes 0.24397796971873476 __DUMMY__ 7.307092206736151E-4	false	1.0
N1370	opposes 1.0	opposes 1.0	opposes 0.710132887156767 favors 0.2890366798722787 __DUMMY__ 8.304329709542769E-4	false	1.0
N1375	favors 1.0	favors 1.0	favors 0.7405017577837666 opposes 0.2588975312332696 __DUMMY__ 6.007109829637706E-4	false	1.0
N952	favors 1.0	favors 1.0	favors 0.7571094957175283 opposes 0.2420600713115175 __DUMMY__ 8.304329709542763E-4	false	1.0
N1376	opposes 1.0		favors 0.5456841467397617 opposes 0.4457466722983805 __DUMMY__ 0.008569180961857667	true	0.5
N953	opposes 1.0	opposes 1.0	opposes 0.7155628993689681 favors 0.28368448854552303 __DUMMY__ 7.526120855088497E-4	false	1.0
N954	opposes 1.0	opposes 1.0	opposes 0.7354517489068093 favors 0.2638980037850527 __DUMMY__ 6.502473081380185E-4	false	1.0
N1373	favors 1.0	favors 1.0	favors 0.7304033134901579 opposes 0.26894643920170425 __DUMMY__ 6.502473081380185E-4	false	1.0
N955	opposes 1.0	opposes 1.0	opposes 0.6904067646510981 favors 0.30885980104530525 __DUMMY__ 7.334343035966359E-4	false	1.0
N1374	favors 1.0	favors 1.0	favors 0.7784464843119853 opposes 0.22082008138441822 __DUMMY__ 7.334343035966362E-4	false	1.0
N1379	favors 1.0	favors 1.0	favors 0.7560609897276445 opposes 0.24321187966057356 __DUMMY__ 7.271306117818843E-4	false	1.0
N1377	opposes 1.0	opposes 1.0	opposes 0.6811770311260364 favors 0.318160180047417 __DUMMY__ 6.62788826546582E-4	false	1.0
N1378	favors 1.0	favors 1.0	favors 0.7552913210605916 opposes 0.24397796971873476 __DUMMY__ 7.307092206736151E-4	false	1.0
N981	opposes 1.0	opposes 1.0	opposes 0.7203901268413982 favors 0.27889945094377394 __DUMMY__ 7.104222148278047E-4	false	1.0
N982	opposes 1.0	opposes 1.0	opposes 0.7097794186168792 favors 0.2895293694365426 __DUMMY__ 6.912119465782531E-4	false	1.0
N983	favors 1.0	favors 1.0	favors 0.7886142423121658 opposes 0.21074137960933156 __DUMMY__ 6.44378078502528E-4	false	1.0
N500	opposes 1.0	opposes 1.0	opposes 0.7035127011721631 favors 0.29579202078197453 __DUMMY__ 6.952780458623772E-4	false	1.0
N984	favors 1.0	favors 1.0	favors 0.747440519663701 opposes 0.2518251657444831 __DUMMY__ 7.343145918159671E-4	false	1.0
N980	favors 1.0	favors 1.0	favors 0.7587263683546374 opposes 0.240554662996334 __DUMMY__ 7.189686490285654E-4	false	1.0
N1360	opposes 1.0	opposes 1.0	opposes 0.7135868140174964 favors 0.28568605537072167 __DUMMY__ 7.271306117818844E-4	false	1.0
N505	favors 1.0	favors 1.0	favors 0.7868621394511475 opposes 0.212475071722306 __DUMMY__ 6.62788826546582E-4	false	1.0
N989	opposes 1.0	opposes 1.0	opposes 0.710132887156767 favors 0.2890366798722787 __DUMMY__ 8.304329709542769E-4	false	1.0
N506	opposes 1.0	opposes 1.0	opposes 0.7141026408035853 favors 0.2851666499757411 __DUMMY__ 7.307092206736152E-4	false	1.0
N1361	favors 1.0	favors 1.0	favors 0.7587263683546374 opposes 0.240554662996334 __DUMMY__ 7.189686490285654E-4	false	1.0
N507	opposes 1.0	opposes 1.0	opposes 0.7135868140174965 favors 0.28568605537072167 __DUMMY__ 7.271306117818849E-4	false	1.0
N508	opposes 1.0	opposes 1.0	opposes 0.7089808035450326 favors 0.29030022780593884 __DUMMY__ 7.189686490285654E-4	false	1.0
N501	opposes 1.0		opposes 0.5005895745692567 favors 0.4911929747442559 __DUMMY__ 0.008217450686487406	true	1.0
N985	opposes 1.0	opposes 1.0	opposes 0.7239441054512394 favors 0.2754759994043204 __DUMMY__ 5.798951444401559E-4	false	1.0
N1364	favors 1.0	favors 1.0	favors 0.7886142423121658 opposes 0.21074137960933156 __DUMMY__ 6.44378078502528E-4	false	1.0
N502	favors 1.0	favors 1.0	favors 0.7784464843119853 opposes 0.22082008138441822 __DUMMY__ 7.334343035966363E-4	false	1.0
N986	opposes 1.0	opposes 1.0	opposes 0.6889107431269667 favors 0.31041097765893555 __DUMMY__ 6.7827921409773E-4	false	1.0
N1365	favors 1.0	favors 1.0	favors 0.747440519663701 opposes 0.2518251657444831 __DUMMY__ 7.343145918159671E-4	false	1.0
N503	opposes 1.0	opposes 1.0	opposes 0.7265072241499949 favors 0.27289206486704126 __DUMMY__ 6.007109829637706E-4	false	1.0
N987	opposes 1.0	opposes 1.0	opposes 0.7205415573729387 favors 0.2788776394393966 __DUMMY__ 5.808031876647233E-4	false	1.0
N1362	favors 1.0	favors 1.0	favors 0.7961165550105721 opposes 0.20326503587874087 __DUMMY__ 6.184091106869826E-4	false	1.0
N1363	opposes 1.0	opposes 1.0	opposes 0.7203901268413982 favors 0.27889945094377394 __DUMMY__ 7.104222148278047E-4	false	1.0
N504	favors 1.0	favors 1.0	favors 0.7617570402102326 opposes 0.23749061027150323 __DUMMY__ 7.523495182642401E-4	false	1.0
N988	favors 1.0	favors 1.0	favors 0.7675507904067145 opposes 0.2317509664048143 __DUMMY__ 6.982431884713116E-4	false	1.0
N1368	opposes 1.0	opposes 1.0	opposes 0.7205415573729387 favors 0.2788776394393966 __DUMMY__ 5.808031876647233E-4	false	1.0
N1369	favors 1.0		favors 0.5573194045849331 opposes 0.4342468749689244 __DUMMY__ 0.0084337204461424	true	1.0
N1366	opposes 1.0	opposes 1.0	opposes 0.7239441054512394 favors 0.2754759994043204 __DUMMY__ 5.798951444401559E-4	false	1.0
N1367	opposes 1.0	opposes 1.0	opposes 0.6889107431269668 favors 0.3104109776589355 __DUMMY__ 6.782792140977294E-4	false	1.0
N509	favors 1.0	favors 1.0	favors 0.7961165550105721 opposes 0.20326503587874087 __DUMMY__ 6.184091106869826E-4	false	1.0
N970	favors 1.0	favors 1.0	favors 0.7675507904067145 opposes 0.2317509664048143 __DUMMY__ 6.982431884713116E-4	false	1.0
N971	opposes 1.0	opposes 1.0	opposes 0.7101328871567671 favors 0.2890366798722786 __DUMMY__ 8.304329709542763E-4	false	1.0
N972	favors 1.0	favors 1.0	favors 0.7531161433865827 opposes 0.2461312445279084 __DUMMY__ 7.526120855088498E-4	false	1.0
N973	favors 1.0	favors 1.0	favors 0.7656405805163712 opposes 0.23366414143776643 __DUMMY__ 6.952780458623769E-4	false	1.0
N978	opposes 1.0	opposes 1.0	opposes 0.6811770311260364 favors 0.318160180047417 __DUMMY__ 6.62788826546582E-4	false	1.0
N979	favors 1.0	favors 1.0	favors 0.7552913210605916 opposes 0.24397796971873476 __DUMMY__ 7.30709220673615E-4	false	1.0
N1350	opposes 1.0	opposes 1.0	opposes 0.7018688500125673 favors 0.2974329067989614 __DUMMY__ 6.982431884713116E-4	false	1.0
N974	favors 1.0	favors 1.0	favors 0.7304033134901579 opposes 0.26894643920170425 __DUMMY__ 6.502473081380185E-4	false	1.0
N1353	opposes 1.0	opposes 1.0	opposes 0.703512701172163 favors 0.29579202078197453 __DUMMY__ 6.952780458623773E-4	false	1.0
N975	favors 1.0	favors 1.0	favors 0.7784464843119853 opposes 0.22082008138441825 __DUMMY__ 7.334343035966362E-4	false	1.0
N1354	opposes 1.0	opposes 1.0	opposes 0.7354517489068093 favors 0.2638980037850527 __DUMMY__ 6.502473081380185E-4	false	1.0
N976	favors 1.0	favors 1.0	favors 0.7405017577837666 opposes 0.2588975312332696 __DUMMY__ 6.007109829637706E-4	false	1.0
N1351	favors 1.0	favors 1.0	favors 0.7571094957175283 opposes 0.24206007131151736 __DUMMY__ 8.304329709542767E-4	false	1.0
N977	opposes 1.0	opposes 1.0	opposes 0.7085110737926646 favors 0.290736576689071 __DUMMY__ 7.523495182642399E-4	false	1.0
N1352	opposes 1.0	opposes 1.0	opposes 0.7155628993689681 favors 0.28368448854552303 __DUMMY__ 7.526120855088497E-4	false	1.0
N1357	favors 1.0	favors 1.0	favors 0.7617570402102326 opposes 0.2374906102715032 __DUMMY__ 7.5234951826424E-4	false	1.0
N1358	favors 1.0	favors 1.0	favors 0.7868621394511475 opposes 0.21247507172230598 __DUMMY__ 6.62788826546582E-4	false	1.0
N1355	favors 1.0	favors 1.0	favors 0.7784464843119853 opposes 0.22082008138441822 __DUMMY__ 7.334343035966362E-4	false	1.0
N1356	opposes 1.0	opposes 1.0	opposes 0.7265072241499948 favors 0.2728920648670415 __DUMMY__ 6.00710982963771E-4	false	1.0
N1359	favors 1.0	favors 1.0	favors 0.7552913210605916 opposes 0.24397796971873476 __DUMMY__ 7.307092206736151E-4	false	1.0
N520	favors 1.0	favors 1.0	favors 0.7656405805163713 opposes 0.23366414143776637 __DUMMY__ 6.952780458623772E-4	false	1.0
N521	favors 1.0	favors 1.0	favors 0.7304033134901579 opposes 0.2689464392017042 __DUMMY__ 6.502473081380184E-4	false	1.0
N522	favors 1.0	favors 1.0	favors 0.7784464843119853 opposes 0.22082008138441822 __DUMMY__ 7.334343035966363E-4	false	1.0
N527	favors 1.0	favors 1.0	favors 0.7587263683546374 opposes 0.240554662996334 __DUMMY__ 7.189686490285654E-4	false	1.0
N528	favors 1.0	favors 1.0	favors 0.7961165550105721 opposes 0.20326503587874087 __DUMMY__ 6.184091106869826E-4	false	1.0
N529	opposes 1.0	opposes 1.0	opposes 0.7203901268413982 favors 0.27889945094377394 __DUMMY__ 7.104222148278047E-4	false	1.0
N523	favors 1.0	favors 1.0	favors 0.7405017577837666 opposes 0.2588975312332696 __DUMMY__ 6.007109829637706E-4	false	1.0
N524	opposes 1.0	opposes 1.0	opposes 0.7085110737926648 favors 0.29073657668907105 __DUMMY__ 7.523495182642401E-4	false	1.0
N525	opposes 1.0	opposes 1.0	opposes 0.6811770311260364 favors 0.318160180047417 __DUMMY__ 6.627888265465819E-4	false	1.0
N526	favors 1.0	favors 1.0	favors 0.7560609897276445 opposes 0.24321187966057362 __DUMMY__ 7.271306117818849E-4	false	1.0
N992	favors 1.0	favors 1.0	favors 0.7304033134901579 opposes 0.26894643920170425 __DUMMY__ 6.502473081380185E-4	false	1.0
N993	favors 1.0	favors 1.0	favors 0.7784464843119853 opposes 0.22082008138441825 __DUMMY__ 7.334343035966362E-4	false	1.0
N510	favors 1.0		favors 0.5219504253314645 opposes 0.4696171647372102 __DUMMY__ 0.008432409931325203	true	1.0
N994	favors 1.0	favors 1.0	favors 0.7405017577837666 opposes 0.2588975312332696 __DUMMY__ 6.007109829637706E-4	false	1.0
N995	opposes 1.0	opposes 1.0	opposes 0.7085110737926646 favors 0.290736576689071 __DUMMY__ 7.523495182642399E-4	false	1.0
N511	favors 1.0	favors 1.0	favors 0.7573489835602119 opposes 0.24195980449320986 __DUMMY__ 6.912119465782531E-4	false	1.0
N990	favors 1.0	favors 1.0	favors 0.7531161433865827 opposes 0.2461312445279084 __DUMMY__ 7.526120855088498E-4	false	1.0
N991	favors 1.0	favors 1.0	favors 0.7656405805163712 opposes 0.23366414143776643 __DUMMY__ 6.952780458623769E-4	false	1.0
N516	opposes 1.0	opposes 1.0	opposes 0.7205415573729386 favors 0.27887763943939664 __DUMMY__ 5.808031876647233E-4	false	1.0
N517	favors 1.0	favors 1.0	favors 0.7675507904067145 opposes 0.23175096640481427 __DUMMY__ 6.982431884713118E-4	false	1.0
N518	opposes 1.0	opposes 1.0	opposes 0.710132887156767 favors 0.2890366798722787 __DUMMY__ 8.304329709542767E-4	false	1.0
N519	favors 1.0	favors 1.0	favors 0.7531161433865827 opposes 0.2461312445279084 __DUMMY__ 7.526120855088498E-4	false	1.0
N996	opposes 1.0	opposes 1.0	opposes 0.6811770311260364 favors 0.318160180047417 __DUMMY__ 6.627888265465819E-4	false	1.0
N512	opposes 1.0	opposes 1.0	opposes 0.6785771317658079 favors 0.32077849015568954 __DUMMY__ 6.443780785025281E-4	false	1.0
N997	favors 1.0	favors 1.0	favors 0.7560609897276445 opposes 0.24321187966057356 __DUMMY__ 7.271306117818844E-4	false	1.0
N513	favors 1.0	favors 1.0	favors 0.747440519663701 opposes 0.25182516574448305 __DUMMY__ 7.34314591815967E-4	false	1.0
N514	opposes 1.0	opposes 1.0	opposes 0.7239441054512394 favors 0.2754759994043204 __DUMMY__ 5.798951444401559E-4	false	1.0
N998	favors 1.0	favors 1.0	favors 0.7587263683546375 opposes 0.240554662996334 __DUMMY__ 7.189686490285654E-4	false	1.0
N999	opposes 1.0	opposes 1.0	opposes 0.6720478222240847 favors 0.3273337686652284 __DUMMY__ 6.184091106869825E-4	false	1.0
N515	opposes 1.0	opposes 1.0	opposes 0.6889107431269668 favors 0.3104109776589355 __DUMMY__ 6.7827921409773E-4	false	1.0
N541	favors 1.0	favors 1.0	favors 0.7784464843119853 opposes 0.22082008138441822 __DUMMY__ 7.334343035966363E-4	false	1.0
N542	opposes 1.0	opposes 1.0	opposes 0.7265072241499949 favors 0.27289206486704126 __DUMMY__ 6.007109829637706E-4	false	1.0
N543	favors 1.0	favors 1.0	favors 0.7617570402102326 opposes 0.23749061027150323 __DUMMY__ 7.523495182642401E-4	false	1.0
N544	favors 1.0	favors 1.0	favors 0.7868621394511475 opposes 0.212475071722306 __DUMMY__ 6.62788826546582E-4	false	1.0
N540	opposes 1.0	opposes 1.0	opposes 0.7354517489068093 favors 0.2638980037850526 __DUMMY__ 6.502473081380184E-4	false	1.0
N549	favors 1.0	favors 1.0	favors 0.7483539222343842 opposes 0.25093565555078795 __DUMMY__ 7.104222148278046E-4	false	1.0
N545	favors 1.0	favors 1.0	favors 0.7552913210605916 opposes 0.24397796971873476 __DUMMY__ 7.307092206736151E-4	false	1.0
N546	opposes 1.0	opposes 1.0	opposes 0.7135868140174965 favors 0.28568605537072167 __DUMMY__ 7.271306117818849E-4	false	1.0
N547	opposes 1.0	opposes 1.0	opposes 0.7089808035450326 favors 0.29030022780593884 __DUMMY__ 7.189686490285654E-4	false	1.0
N548	favors 1.0	favors 1.0	favors 0.7961165550105721 opposes 0.20326503587874087 __DUMMY__ 6.184091106869826E-4	false	1.0
N530	opposes 1.0	opposes 1.0	opposes 0.7097794186168792 favors 0.2895293694365426 __DUMMY__ 6.912119465782531E-4	false	1.0
N531	opposes 1.0	opposes 1.0	opposes 0.6785771317658079 favors 0.32077849015568954 __DUMMY__ 6.443780785025281E-4	false	1.0
N532	opposes 1.0	opposes 1.0	opposes 0.7206598294080203 favors 0.27860585600016374 __DUMMY__ 7.34314591815967E-4	false	1.0
N533	favors 1.0	favors 1.0	favors 0.7437444940129957 opposes 0.2556756108425642 __DUMMY__ 5.798951444401559E-4	false	1.0
N1390	favors 1.0	favors 1.0	favors 0.7571094957175283 opposes 0.2420600713115174 __DUMMY__ 8.304329709542766E-4	false	1.0
N1393	opposes 1.0	opposes 1.0	opposes 0.7354517489068093 favors 0.2638980037850527 __DUMMY__ 6.502473081380185E-4	false	1.0
N538	opposes 1.0	opposes 1.0	opposes 0.7155628993689681 favors 0.2836844885455231 __DUMMY__ 7.526120855088497E-4	false	1.0
