N1742	opposes 1.0	opposes 1.0	opposes 0.6846464793571099 favors 0.3126835078549969 __DUMMY__ 0.0026700127878931047	false	1.0
N1743	opposes 1.0	opposes 1.0	opposes 0.7176889355982591 favors 0.2793483412532253 __DUMMY__ 0.0029627231485156286	false	1.0
N1740	favors 1.0	favors 1.0	favors 0.7399638861061177 opposes 0.2573070547264672 __DUMMY__ 0.002729059167415072	false	1.0
N1741	opposes 1.0	opposes 1.0	opposes 0.7107323115177047 favors 0.2862893049296419 __DUMMY__ 0.002978383552653476	false	1.0
N1746	opposes 1.0	opposes 1.0	opposes 0.6809934151485421 favors 0.3163442437023978 __DUMMY__ 0.002662341149060108	false	1.0
N1747	opposes 1.0		favors 0.5108560770250291 opposes 0.47656631365502056 __DUMMY__ 0.012577609319950264	true	0.5
N1744	favors 1.0		favors 0.5219789803617094 opposes 0.46525160891648076 __DUMMY__ 0.01276941072180982	true	1.0
N1745	favors 1.0	favors 1.0	favors 0.7512062205946398 opposes 0.24576093232267823 __DUMMY__ 0.003032847082682004	false	1.0
N1748	opposes 1.0	opposes 1.0	opposes 0.7117867452181899 favors 0.2855098201009776 __DUMMY__ 0.0027034346808325403	false	1.0
N1749	favors 1.0	favors 1.0	favors 0.7815773889297044 opposes 0.21577855569870344 __DUMMY__ 0.002644055371592136	false	1.0
N1731	opposes 1.0	opposes 1.0	opposes 0.7219743898517765 favors 0.27531696231171354 __DUMMY__ 0.002708647836509925	false	1.0
N1732	opposes 1.0	opposes 1.0	opposes 0.6989384899006585 favors 0.298119110315091 __DUMMY__ 0.0029423997842504828	false	1.0
N1730	favors 1.0	favors 1.0	favors 0.7439320518012736 opposes 0.2532309346158076 __DUMMY__ 0.002837013582918796	false	1.0
N1735	opposes 1.0	opposes 1.0	opposes 0.710566381759137 favors 0.2866584101268357 __DUMMY__ 0.0027752081140273036	false	1.0
N1736	favors 1.0	favors 1.0	favors 0.7504852025190354 opposes 0.24671030589693732 __DUMMY__ 0.0028044915840273136	false	1.0
N1733	opposes 1.0		favors 0.5216825144079342 opposes 0.46609749129368655 __DUMMY__ 0.012219994298379147	true	0.5
N1734	favors 1.0	favors 1.0	favors 0.7590243690546145 opposes 0.23792406037466876 __DUMMY__ 0.0030515705707168145	false	1.0
N1739	favors 1.0		favors 0.5702149455247771 opposes 0.41745032538656235 __DUMMY__ 0.012334729088660514	true	1.0
N1737	favors 1.0		favors 0.5391085246007826 opposes 0.44800440540430936 __DUMMY__ 0.012887069994908067	true	1.0
N1738	opposes 1.0	opposes 1.0	opposes 0.7329214082291812 favors 0.2644019925151487 __DUMMY__ 0.002676599255670235	false	1.0
N1720	opposes 1.0	opposes 1.0	opposes 0.725480037350217 favors 0.2717813257145158 __DUMMY__ 0.0027386369352671697	false	1.0
N1721	opposes 1.0	opposes 1.0	opposes 0.7096583495156238 favors 0.2873539822125196 __DUMMY__ 0.0029876682718564464	false	1.0
N1724	favors 1.0	favors 1.0	favors 0.7488128879610351 opposes 0.2481623034974529 __DUMMY__ 0.0030248085415121246	false	1.0
N1725	favors 1.0	favors 1.0	favors 0.7512485207908273 opposes 0.24569629816721927 __DUMMY__ 0.0030551810419535363	false	1.0
N1722	favors 1.0	favors 1.0	favors 0.7851455642395322 opposes 0.21217636691724923 __DUMMY__ 0.0026780688432185185	false	1.0
N1723	favors 1.0		favors 0.5247399200070828 opposes 0.4625464355958755 __DUMMY__ 0.012713644397041781	true	1.0
N1728	opposes 1.0		favors 0.5367407921949227 opposes 0.4511862872635048 __DUMMY__ 0.01207292054157259	true	0.5
N1729	favors 1.0	favors 1.0	favors 0.7858603553091545 opposes 0.21150373741822537 __DUMMY__ 0.002635907272620005	false	1.0
N1726	favors 1.0	favors 1.0	favors 0.7916600320723548 opposes 0.2057097355341833 __DUMMY__ 0.002630232393461865	false	1.0
N1727	opposes 1.0	opposes 1.0	opposes 0.7244236071426219 favors 0.27266148975117677 __DUMMY__ 0.002914903106201288	false	1.0
N1710	favors 1.0		favors 0.5136779996627768 opposes 0.4738912057707599 __DUMMY__ 0.012430794566463113	true	1.0
N1713	opposes 1.0	opposes 1.0	opposes 0.7180130581412976 favors 0.2792100228983393 __DUMMY__ 0.0027769189603632075	false	1.0
N1714	favors 1.0		favors 0.5425900779927505 opposes 0.44454676513599867 __DUMMY__ 0.012863156871250782	true	1.0
N1711	favors 1.0		favors 0.5132722599020352 opposes 0.47464344010761444 __DUMMY__ 0.012084299990350203	true	1.0
N1712	favors 1.0	favors 1.0	favors 0.7711323288600217 opposes 0.225924731284607 __DUMMY__ 0.0029429398553713405	false	1.0
N1717	favors 1.0	favors 1.0	favors 0.7592132574098367 opposes 0.23766915359655602 __DUMMY__ 0.003117588993607225	false	1.0
N1718	opposes 1.0	opposes 1.0	opposes 0.7363621757775771 favors 0.26098224444326173 __DUMMY__ 0.002655579779161125	false	1.0
N1715	favors 1.0	favors 1.0	favors 0.7559875281768826 opposes 0.24125754115466658 __DUMMY__ 0.0027549306684507445	false	1.0
N1716	favors 1.0		favors 0.5268179854697089 opposes 0.46085028878804185 __DUMMY__ 0.012331725742249293	true	1.0
N1719	favors 1.0	favors 1.0	favors 0.7778235594768518 opposes 0.21935423338169308 __DUMMY__ 0.0028222071414551455	false	1.0
N1782	favors 1.0	favors 1.0	favors 0.7495137430035854 opposes 0.2474996131998529 __DUMMY__ 0.0029866437965616823	false	1.0
N1783	favors 1.0	favors 1.0	favors 0.7487689147625706 opposes 0.2482075686434673 __DUMMY__ 0.003023516593962106	false	1.0
N1780	opposes 1.0		favors 0.5373560742014094 opposes 0.44984879746840095 __DUMMY__ 0.012795128330189634	true	0.5
N1781	opposes 1.0	opposes 1.0	opposes 0.6834745691628006 favors 0.31383326387542987 __DUMMY__ 0.0026921669617694394	false	1.0
N1786	opposes 1.0	opposes 1.0	opposes 0.7240445945448016 favors 0.2730196649412508 __DUMMY__ 0.002935740513947513	false	1.0
N1302	favors 1.0	favors 1.0	favors 0.7511618654496176 opposes 0.2457817630009068 __DUMMY__ 0.003056371549475526	false	1.0
N1303	favors 1.0		favors 0.5964136181580925 opposes 0.3914831623831054 __DUMMY__ 0.012103219458802175	true	1.0
N1787	opposes 1.0	opposes 1.0	opposes 0.7110845623165636 favors 0.2861918799786579 __DUMMY__ 0.002723557704778506	false	1.0
N1300	favors 1.0	favors 1.0	favors 0.7496104935960566 opposes 0.2474149797332618 __DUMMY__ 0.002974526670681541	false	1.0
N1784	favors 1.0		favors 0.52727205770237 opposes 0.45990516135727805 __DUMMY__ 0.012822780940351882	true	1.0
N1301	opposes 1.0	opposes 1.0	opposes 0.7185858799857404 favors 0.2784050531215292 __DUMMY__ 0.003009066892730352	false	1.0
N1785	opposes 1.0		favors 0.5964337548580371 opposes 0.39147673553025136 __DUMMY__ 0.012089509611711508	true	0.5
N1306	opposes 1.0	opposes 1.0	opposes 0.6818043855299765 favors 0.3155323217443044 __DUMMY__ 0.002663292725719108	false	1.0
N1307	favors 1.0		favors 0.5138214129733181 opposes 0.4737574162479566 __DUMMY__ 0.012421170778725376	true	1.0
N1304	favors 1.0	favors 1.0	favors 0.7426631508805304 opposes 0.25440730476350176 __DUMMY__ 0.0029295443559678677	false	1.0
N1788	favors 1.0		favors 0.5890865444747747 opposes 0.3988642658173361 __DUMMY__ 0.01204918970788912	true	1.0
N1789	opposes 1.0	opposes 1.0	opposes 0.7227438329262276 favors 0.27440369873204434 __DUMMY__ 0.002852468341728101	false	1.0
N1305	favors 1.0	favors 1.0	favors 0.7548697591973415 opposes 0.24242654269313943 __DUMMY__ 0.0027036981095191334	false	1.0
N1308	opposes 1.0	opposes 1.0	opposes 0.7219336219928846 favors 0.2753409657411744 __DUMMY__ 0.002725412265940966	false	1.0
N1309	opposes 1.0	opposes 1.0	opposes 0.6973876792458155 favors 0.2996492200707026 __DUMMY__ 0.002963100683481957	false	1.0
N1771	favors 1.0	favors 1.0	favors 0.7700084122495655 opposes 0.22702452329080272 __DUMMY__ 0.002967064459631811	false	1.0
N1772	opposes 1.0		favors 0.5216992519638505 opposes 0.4660583808107891 __DUMMY__ 0.012242367225360559	true	0.5
N1770	opposes 1.0		favors 0.5154521396737511 opposes 0.47237772198527805 __DUMMY__ 0.012170138340970858	true	0.5
N1775	favors 1.0	favors 1.0	favors 0.750384114564895 opposes 0.2467934204233101 __DUMMY__ 0.002822465011794913	false	1.0
N1776	favors 1.0		favors 0.5395413853276942 opposes 0.44750788571896705 __DUMMY__ 0.012950728953338687	true	1.0
N1773	favors 1.0		favors 0.541122157668591 opposes 0.4459866489058931 __DUMMY__ 0.012891193425515866	true	1.0
N1774	opposes 1.0	opposes 1.0	opposes 0.7102578424108134 favors 0.2869502334011775 __DUMMY__ 0.002791924188009142	false	1.0
N1779	favors 1.0		favors 0.50759923465822 opposes 0.4802298610407972 __DUMMY__ 0.012170904300982865	true	1.0
N1777	favors 1.0	favors 1.0	favors 0.7294193203767669 opposes 0.2679026424783354 __DUMMY__ 0.0026780371448976367	false	1.0
N1778	favors 1.0	favors 1.0	favors 0.7752479009341964 opposes 0.22192932059015238 __DUMMY__ 0.0028227784756512204	false	1.0
N901	favors 1.0	favors 1.0	favors 0.7488050117470318 opposes 0.2481771380026694 __DUMMY__ 0.0030178502502987824	false	1.0
N902	favors 1.0		favors 0.5275410782846789 opposes 0.4596586870273473 __DUMMY__ 0.01280023468797378	true	1.0
N903	opposes 1.0	opposes 1.0	opposes 0.6798887828143871 favors 0.31746722643847997 __DUMMY__ 0.002643990747132907	false	1.0
N904	opposes 1.0		favors 0.5105916994461228 opposes 0.47683254987970614 __DUMMY__ 0.012575750674171016	true	0.5
N1760	opposes 1.0	opposes 1.0	opposes 0.7105696542615255 favors 0.28644450482473577 __DUMMY__ 0.0029858409137387605	false	1.0
N1761	opposes 1.0	opposes 1.0	opposes 0.6838682578307054 favors 0.3134551288054018 __DUMMY__ 0.002676613363892792	false	1.0
N900	favors 1.0	favors 1.0	favors 0.7497376413488535 opposes 0.2472855062957709 __DUMMY__ 0.002976852355375653	false	1.0
N909	favors 1.0		favors 0.5591468946808996 opposes 0.4282130817276849 __DUMMY__ 0.012640023591415491	true	1.0
N1764	favors 1.0	favors 1.0	favors 0.750958496028545 opposes 0.24599335864978908 __DUMMY__ 0.0030481453216659213	false	1.0
N1765	opposes 1.0	opposes 1.0	opposes 0.6783533011184497 favors 0.31898634285275423 __DUMMY__ 0.0026603560287960393	false	1.0
N1762	favors 1.0	favors 1.0	favors 0.7494268063602528 opposes 0.24760380734789106 __DUMMY__ 0.0029693862918561517	false	1.0
N1763	opposes 1.0		favors 0.5219061012887912 opposes 0.4653220618684874 __DUMMY__ 0.01277183684272145	true	0.5
N1768	favors 1.0		favors 0.589256110634876 opposes 0.39873012531976837 __DUMMY__ 0.012013764045355604	true	1.0
N905	opposes 1.0	opposes 1.0	opposes 0.7117508386237031 favors 0.2855408555772457 __DUMMY__ 0.002708305799051202	false	1.0
N906	favors 1.0	favors 1.0	favors 0.7818406430154559 opposes 0.2155181855370167 __DUMMY__ 0.0026411714475273623	false	1.0
N1769	opposes 1.0	opposes 1.0	opposes 0.7228828619551976 favors 0.27427911215916684 __DUMMY__ 0.0028380258856355116	false	1.0
N1766	opposes 1.0	opposes 1.0	opposes 0.7239159195673001 favors 0.27316587515604657 __DUMMY__ 0.0029182052766534563	false	1.0
N907	opposes 1.0		favors 0.5141392431733933 opposes 0.47343215001892464 __DUMMY__ 0.01242860680768217	true	0.5
N908	opposes 1.0		favors 0.5135085690844929 opposes 0.47437327979039384 __DUMMY__ 0.012118151125113294	true	0.5
N1767	opposes 1.0	opposes 1.0	opposes 0.7105895283561154 favors 0.28670593612830775 __DUMMY__ 0.002704535515576861	false	1.0
N1750	opposes 1.0	opposes 1.0	opposes 0.7225005355186795 favors 0.2746568758870364 __DUMMY__ 0.0028425885942841007	false	1.0
N1753	favors 1.0	favors 1.0	favors 0.7587927486751059 opposes 0.238146884865418 __DUMMY__ 0.003060366459476055	false	1.0
N1754	opposes 1.0	opposes 1.0	opposes 0.7107334685366745 favors 0.2864951596770339 __DUMMY__ 0.002771371786291538	false	1.0
N1751	opposes 1.0	opposes 1.0	opposes 0.7215448241184151 favors 0.27574392001851317 __DUMMY__ 0.0027112558630717023	false	1.0
N1752	opposes 1.0		favors 0.5211274123415695 opposes 0.46663046339097425 __DUMMY__ 0.012242124267456283	true	0.5
N1757	favors 1.0	favors 1.0	favors 0.7296242448298752 opposes 0.2677027732004339 __DUMMY__ 0.0026729819696909934	false	1.0
N1758	favors 1.0		favors 0.5712939335249022 opposes 0.4163503230556691 __DUMMY__ 0.012355743419428574	true	1.0
N1755	favors 1.0		favors 0.525384460274796 opposes 0.4622609122999407 __DUMMY__ 0.012354627425263264	true	1.0
N1756	favors 1.0	favors 1.0	favors 0.7582227030533844 opposes 0.2386911651117231 __DUMMY__ 0.0030861318348924444	false	1.0
N1759	favors 1.0	favors 1.0	favors 0.7398277997977604 opposes 0.2574295477883458 __DUMMY__ 0.0027426524138939572	false	1.0
N923	favors 1.0	favors 1.0	favors 0.7866878486608321 opposes 0.21065638387213176 __DUMMY__ 0.002655767467036231	false	1.0
N924	opposes 1.0	opposes 1.0	opposes 0.7244457155566446 favors 0.2726411245148783 __DUMMY__ 0.0029131599284771036	false	1.0
N925	opposes 1.0	opposes 1.0	opposes 0.7115536950523966 favors 0.28574385040375977 __DUMMY__ 0.0027024545438435834	false	1.0
N926	favors 1.0		favors 0.5863645530211476 opposes 0.40162993647699524 __DUMMY__ 0.012005510501857131	true	1.0
N1342	favors 1.0	favors 1.0	favors 0.7523679652478381 opposes 0.24459212236574945 __DUMMY__ 0.0030399123864124408	false	1.0
N1343	favors 1.0	favors 1.0	favors 0.7877604723521018 opposes 0.20956492853773184 __DUMMY__ 0.0026745991101664096	false	1.0
N920	favors 1.0	favors 1.0	favors 0.749487213098617 opposes 0.2475439414702406 __DUMMY__ 0.0029688454311424363	false	1.0
N921	favors 1.0	favors 1.0	favors 0.7486478695714227 opposes 0.2483429275605576 __DUMMY__ 0.0030092028680197016	false	1.0
N1340	favors 1.0	favors 1.0	favors 0.7500329077155221 opposes 0.24699321756027767 __DUMMY__ 0.0029738747242000966	false	1.0
N1341	favors 1.0	favors 1.0	favors 0.7490755364417866 opposes 0.24791328618599015 __DUMMY__ 0.003011177372223303	false	1.0
N922	favors 1.0		favors 0.5262472555734728 opposes 0.4609557043326382 __DUMMY__ 0.012797040093888847	true	1.0
N1346	favors 1.0	favors 1.0	favors 0.7830613895448969 opposes 0.21428274082885304 __DUMMY__ 0.0026558696262499455	false	1.0
N1347	opposes 1.0	opposes 1.0	opposes 0.7221357031478994 favors 0.27501163163947434 __DUMMY__ 0.0028526652126261848	false	1.0
N1344	opposes 1.0	opposes 1.0	opposes 0.7237152581357456 favors 0.2733618252870523 __DUMMY__ 0.0029229165772021977	false	1.0
N1345	opposes 1.0	opposes 1.0	opposes 0.7107189097457524 favors 0.2865724103309997 __DUMMY__ 0.002708679923247893	false	1.0
N927	opposes 1.0		favors 0.5137314888770531 opposes 0.47387237552278877 __DUMMY__ 0.012396135600158164	true	0.5
N928	favors 1.0	favors 1.0	favors 0.7450147768482853 opposes 0.2522683630759798 __DUMMY__ 0.0027168600757348396	false	1.0
N929	favors 1.0	favors 1.0	favors 0.7696961692407853 opposes 0.22734712178439062 __DUMMY__ 0.002956708974824166	false	1.0
N1348	favors 1.0	favors 1.0	favors 0.7709268405569079 opposes 0.22612769617600917 __DUMMY__ 0.002945463267082948	false	1.0
N1349	favors 1.0		favors 0.5218135493874844 opposes 0.46598402807353095 __DUMMY__ 0.012202422538984655	true	1.0
N912	opposes 1.0	opposes 1.0	opposes 0.7115555922536652 favors 0.2856640347378112 __DUMMY__ 0.002780373008523646	false	1.0
N913	favors 1.0	favors 1.0	favors 0.7502265695441657 opposes 0.24698069199155628 __DUMMY__ 0.002792738464278081	false	1.0
N914	favors 1.0	favors 1.0	favors 0.7576705692349726 opposes 0.23924538654412408 __DUMMY__ 0.003084044220903374	false	1.0
N915	favors 1.0	favors 1.0	favors 0.7298057503457275 opposes 0.2675199206448321 __DUMMY__ 0.0026743290094404563	false	1.0
N1331	favors 1.0	favors 1.0	favors 0.7600169455263337 opposes 0.23692345370121562 __DUMMY__ 0.003059600772450724	false	1.0
N1332	favors 1.0		favors 0.540551146448973 opposes 0.4471590968458471 __DUMMY__ 0.012289756705179922	true	1.0
N910	opposes 1.0	opposes 1.0	opposes 0.7183989903460849 favors 0.27883900921733296 __DUMMY__ 0.002762000436582162	false	1.0
N1330	opposes 1.0	opposes 1.0	opposes 0.7167656699133303 favors 0.2804614086102098 __DUMMY__ 0.002772921476459903	false	1.0
N911	favors 1.0		favors 0.5406555863882432 opposes 0.44647717312771423 __DUMMY__ 0.0128672404840425	true	1.0
N1335	opposes 1.0		favors 0.4958912182654942 opposes 0.49203837861005034 __DUMMY__ 0.012070403124455413	true	0.5
N1336	favors 1.0		favors 0.5728837698318239 opposes 0.4147643736068296 __DUMMY__ 0.012351856561346564	true	1.0
N1333	favors 1.0	favors 1.0	favors 0.7509723610506239 opposes 0.24621098553521253 __DUMMY__ 0.0028166534141635382	false	1.0
N1334	favors 1.0	favors 1.0	favors 0.7589081727396721 opposes 0.23800645516336227 __DUMMY__ 0.0030853720969655617	false	1.0
N916	favors 1.0	favors 1.0	favors 0.7744666908607226 opposes 0.22274297583548347 __DUMMY__ 0.002790333303793875	false	1.0
N1339	opposes 1.0	opposes 1.0	opposes 0.6832391323612811 favors 0.314087195623781 __DUMMY__ 0.0026736720149380167	false	1.0
N917	favors 1.0	favors 1.0	favors 0.7394130857934881 opposes 0.2578592250417552 __DUMMY__ 0.002727689164756757	false	1.0
N1337	favors 1.0		favors 0.5093987995630371 opposes 0.4784622779610234 __DUMMY__ 0.01213892247593931	true	1.0
N918	opposes 1.0		favors 0.5369915283109544 opposes 0.4502489434703613 __DUMMY__ 0.012759528218684424	true	0.5
N919	opposes 1.0	opposes 1.0	opposes 0.6841671745731862 favors 0.3131550691296587 __DUMMY__ 0.0026777562971551506	false	1.0
N1338	opposes 1.0		favors 0.5387164249473382 opposes 0.4485046555807293 __DUMMY__ 0.012778919471932408	true	0.5
N940	opposes 1.0		favors 0.5238927228124152 opposes 0.46339356923982855 __DUMMY__ 0.012713707947756446	true	0.5
N945	favors 1.0		favors 0.5332190807860139 opposes 0.45463948847414465 __DUMMY__ 0.012141430739841464	true	1.0
N946	opposes 1.0	opposes 1.0	opposes 0.6828225845092123 favors 0.31453246737751867 __DUMMY__ 0.0026449481132691643	false	1.0
N947	favors 1.0	favors 1.0	favors 0.7440976158105084 opposes 0.2530452132022217 __DUMMY__ 0.002857170987269962	false	1.0
N948	opposes 1.0	opposes 1.0	opposes 0.7225713533806845 favors 0.2747411126536941 __DUMMY__ 0.002687533965621454	false	1.0
N941	opposes 1.0		favors 0.5218926875363461 opposes 0.46532731222270557 __DUMMY__ 0.012780000240948438	true	0.5
N1320	opposes 1.0	opposes 1.0	opposes 0.7179222260314267 favors 0.2790947770511304 __DUMMY__ 0.0029829969174428894	false	1.0
N1321	favors 1.0	favors 1.0	favors 0.7484916782851974 opposes 0.24848977899911887 __DUMMY__ 0.0030185427156837305	false	1.0
N942	opposes 1.0	opposes 1.0	opposes 0.7146868574983906 favors 0.2822690521196453 __DUMMY__ 0.003044090381964119	false	1.0
N943	favors 1.0		favors 0.5950299588108892 opposes 0.3928889268761051 __DUMMY__ 0.012081114313005787	true	1.0
N944	favors 1.0	favors 1.0	favors 0.7429444551258019 opposes 0.2541325445999917 __DUMMY__ 0.002923000274206411	false	1.0
N1324	opposes 1.0	opposes 1.0	opposes 0.7246550838549868 favors 0.27240958947243 __DUMMY__ 0.0029353266725832177	false	1.0
N1325	opposes 1.0	opposes 1.0	opposes 0.7113708431287745 favors 0.28592089156461065 __DUMMY__ 0.002708265306614879	false	1.0
N1322	favors 1.0		favors 0.5268141046824267 opposes 0.46037510802542664 __DUMMY__ 0.012810787292146717	true	1.0
N1323	favors 1.0	favors 1.0	favors 0.787892891203118 opposes 0.20943962491991838 __DUMMY__ 0.0026674838769636844	false	1.0
N1328	opposes 1.0	opposes 1.0	opposes 0.7206298707677159 favors 0.27665164631354716 __DUMMY__ 0.0027184829187369306	false	1.0
N949	favors 1.0	favors 1.0	favors 0.7700921868173126 opposes 0.2269713384788998 __DUMMY__ 0.0029364747037875943	false	1.0
N1329	favors 1.0	favors 1.0	favors 0.7702797613916986 opposes 0.2267580516153348 __DUMMY__ 0.002962186992966472	false	1.0
N1326	favors 1.0	favors 1.0	favors 0.7833284298481253 opposes 0.21401271080295856 __DUMMY__ 0.002658859348916136	false	1.0
N1327	opposes 1.0	opposes 1.0	opposes 0.7226683646635998 favors 0.2744783044462004 __DUMMY__ 0.0028533308901996755	false	1.0
N934	opposes 1.0	opposes 1.0	opposes 0.7087554225963916 favors 0.2881566280729265 __DUMMY__ 0.0030879493306818274	false	1.0
N935	opposes 1.0	opposes 1.0	opposes 0.7322913549057011 favors 0.26503398734071143 __DUMMY__ 0.0026746577535874715	false	1.0
N1790	favors 1.0	favors 1.0	favors 0.7445040822782136 opposes 0.25277018542261603 __DUMMY__ 0.0027257322991702465	false	1.0
N936	opposes 1.0		favors 0.5724720154921921 opposes 0.41516779596698977 __DUMMY__ 0.012360188540818138	true	0.5
N937	opposes 1.0	opposes 1.0	opposes 0.7248077143581382 favors 0.2724652427195848 __DUMMY__ 0.0027270429222771226	false	1.0
N930	favors 1.0	favors 1.0	favors 0.7485028709266937 opposes 0.24873425129949958 __DUMMY__ 0.002762877773806841	false	1.0
N1793	opposes 1.0	opposes 1.0	opposes 0.7076994698507416 favors 0.2892415201488891 __DUMMY__ 0.00305901000036933	false	1.0
N1310	opposes 1.0		favors 0.521544894643821 opposes 0.46622340074572977 __DUMMY__ 0.0122317046104491	true	0.5
N931	opposes 1.0		favors 0.5428860922939613 opposes 0.4442402701761209 __DUMMY__ 0.012873637529917627	true	0.5
N1794	favors 1.0	favors 1.0	favors 0.7561146293072774 opposes 0.2411052259310365 __DUMMY__ 0.0027801447616861417	false	1.0
N932	favors 1.0	favors 1.0	favors 0.7574547737358441 opposes 0.23977313992302438 __DUMMY__ 0.002772086341131517	false	1.0
N1791	favors 1.0	favors 1.0	favors 0.7700950384538687 opposes 0.22695405571532493 __DUMMY__ 0.0029509058308063497	false	1.0
N1792	favors 1.0	favors 1.0	favors 0.7476044383151537 opposes 0.24961117349842318 __DUMMY__ 0.0027843881864231964	false	1.0
N933	opposes 1.0	opposes 1.0	opposes 0.715803672317918 favors 0.2813786691090847 __DUMMY__ 0.002817658572997195	false	1.0
N1797	opposes 1.0	opposes 1.0	opposes 0.7332806567607918 favors 0.2640319939030188 __DUMMY__ 0.0026873493361894898	false	1.0
N1313	favors 1.0	favors 1.0	favors 0.7503200889979658 opposes 0.24686125852266652 __DUMMY__ 0.002818652479367767	false	1.0
N1314	favors 1.0		favors 0.5391677803478032 opposes 0.4478904456738721 __DUMMY__ 0.012941773978324751	true	1.0
N1798	favors 1.0	favors 1.0	favors 0.775370863562784 opposes 0.22182936173021003 __DUMMY__ 0.0027997747070060345	false	1.0
N1311	favors 1.0	favors 1.0	favors 0.7590363415757209 opposes 0.23789319983098645 __DUMMY__ 0.003070458593292649	false	1.0
N1795	opposes 1.0	opposes 1.0	opposes 0.7158550840146608 favors 0.2813372282851416 __DUMMY__ 0.0028076877001975797	false	1.0
N1312	opposes 1.0	opposes 1.0	opposes 0.7104376687347531 favors 0.2867733591819275 __DUMMY__ 0.002788972083319389	false	1.0
N1796	opposes 1.0	opposes 1.0	opposes 0.7085221881794767 favors 0.2883959084516673 __DUMMY__ 0.0030819033688561054	false	1.0
N1317	favors 1.0		favors 0.5067892525890088 opposes 0.48105623792212066 __DUMMY__ 0.012154509488870577	true	1.0
N938	favors 1.0	favors 1.0	favors 0.7575696385081356 opposes 0.2394414324072248 __DUMMY__ 0.002988929084639464	false	1.0
N939	favors 1.0	favors 1.0	favors 0.7831255632550437 opposes 0.21419513373024143 __DUMMY__ 0.002679303014714927	false	1.0
N1318	opposes 1.0		favors 0.5374395302602286 opposes 0.4497772498563354 __DUMMY__ 0.012783219883435967	true	0.5
N1315	favors 1.0	favors 1.0	favors 0.7297322888133555 opposes 0.26758720972461697 __DUMMY__ 0.002680501462027431	false	1.0
N1799	opposes 1.0		favors 0.5073640053494071 opposes 0.4804671392120157 __DUMMY__ 0.012168855438577183	true	0.5
N1316	favors 1.0	favors 1.0	favors 0.7752641321474001 opposes 0.22193748705915117 __DUMMY__ 0.002798380793448716	false	1.0
N1319	favors 1.0	favors 1.0	favors 0.7829649835447068 opposes 0.21435862116506532 __DUMMY__ 0.0026763952902278828	false	1.0
N960	opposes 1.0	opposes 1.0	opposes 0.7186389556542494 favors 0.2783472447591861 __DUMMY__ 0.0030137995865644764	false	1.0
N961	opposes 1.0	opposes 1.0	opposes 0.7148525226358964 favors 0.2821006660050975 __DUMMY__ 0.003046811359006139	false	1.0
N962	favors 1.0	favors 1.0	favors 0.7891530432770921 opposes 0.20821566256401747 __DUMMY__ 0.002631294158890327	false	1.0
N967	opposes 1.0	opposes 1.0	opposes 0.7217765284249165 favors 0.275517169112172 __DUMMY__ 0.0027063024629114737	false	1.0
N1382	opposes 1.0	opposes 1.0	opposes 0.7245947335741009 favors 0.2724758019624034 __DUMMY__ 0.002929464463495703	false	1.0
N968	favors 1.0	favors 1.0	favors 0.7688148079747283 opposes 0.22824567944667914 __DUMMY__ 0.0029395125785925684	false	1.0
N1383	opposes 1.0	opposes 1.0	opposes 0.7111458120665921 favors 0.2861465322955723 __DUMMY__ 0.0027076556378355845	false	1.0
N969	opposes 1.0	opposes 1.0	opposes 0.717947070016602 favors 0.2792914743922309 __DUMMY__ 0.0027614555911671104	false	1.0
N1380	favors 1.0	favors 1.0	favors 0.7507594909066961 opposes 0.2461862766674735 __DUMMY__ 0.0030542324258302426	false	1.0
N1381	favors 1.0	favors 1.0	favors 0.7881495644742608 opposes 0.20918570083874127 __DUMMY__ 0.002664734686997968	false	1.0
N963	favors 1.0		favors 0.5103226897444791 opposes 0.47712977814690516 __DUMMY__ 0.01254753210861564	true	1.0
N1386	favors 1.0		favors 0.5167647433232769 opposes 0.4710414992721213 __DUMMY__ 0.012193757404601631	true	1.0
N1387	favors 1.0	favors 1.0	favors 0.7702330314465218 opposes 0.2268020903868504 __DUMMY__ 0.002964878166627794	false	1.0
N964	favors 1.0	favors 1.0	favors 0.7542222749903391 opposes 0.2430856309117507 __DUMMY__ 0.0026920940979101708	false	1.0
N965	opposes 1.0	opposes 1.0	opposes 0.6810350623562699 favors 0.3163359314229991 __DUMMY__ 0.0026290062207310638	false	1.0
N1384	favors 1.0	favors 1.0	favors 0.7840146250608612 opposes 0.21333220632682764 __DUMMY__ 0.002653168612311224	false	1.0
N966	favors 1.0	favors 1.0	favors 0.7435393055881959 opposes 0.25362466227861025 __DUMMY__ 0.002836032133193731	false	1.0
N1385	opposes 1.0	opposes 1.0	opposes 0.7232990712448852 favors 0.27385770151823347 __DUMMY__ 0.002843227236881314	false	1.0
N1388	favors 1.0	favors 1.0	favors 0.7487810934749973 opposes 0.24844537085099117 __DUMMY__ 0.002773535674011488	false	1.0
N1389	opposes 1.0		favors 0.5430120503114392 opposes 0.4441141263988748 __DUMMY__ 0.012873823289685936	true	0.5
N950	favors 1.0	favors 1.0	favors 0.7466025268399936 opposes 0.2506311124955531 __DUMMY__ 0.0027663606644532882	false	1.0
N951	opposes 1.0	opposes 1.0	opposes 0.7078244627335722 favors 0.28911760736960923 __DUMMY__ 0.0030579298968186354	false	1.0
N956	opposes 1.0		favors 0.5063492662323087 opposes 0.48151730975369567 __DUMMY__ 0.012133424013995668	true	0.5
N1371	opposes 1.0	opposes 1.0	opposes 0.7170019475624847 favors 0.2801883571726748 __DUMMY__ 0.002809695264840469	false	1.0
N1372	favors 1.0		favors 0.538904172855892 opposes 0.4481686125506442 __DUMMY__ 0.012927214593463647	true	1.0
N957	favors 1.0	favors 1.0	favors 0.7576236065403135 opposes 0.23939643159376123 __DUMMY__ 0.0029799618659252856	false	1.0
N958	favors 1.0	favors 1.0	favors 0.7837037296587727 opposes 0.2136265473281255 __DUMMY__ 0.002669723013101929	false	1.0
N1370	opposes 1.0	opposes 1.0	opposes 0.7109968918536661 favors 0.286217462122329 __DUMMY__ 0.002785646024004834	false	1.0
N959	favors 1.0	favors 1.0	favors 0.7495144968627178 opposes 0.24750868469708326 __DUMMY__ 0.0029768184401990647	false	1.0
N952	favors 1.0	favors 1.0	favors 0.7549901922984911 opposes 0.24225608598250892 __DUMMY__ 0.0027537217190001214	false	1.0
N1375	favors 1.0	favors 1.0	favors 0.7396044108852312 opposes 0.2576572408910722 __DUMMY__ 0.002738348223696659	false	1.0
N1376	opposes 1.0		favors 0.5370377955633342 opposes 0.45019287371442557 __DUMMY__ 0.012769330722240343	true	0.5
N953	opposes 1.0	opposes 1.0	opposes 0.7159804432090724 favors 0.28122033212296166 __DUMMY__ 0.002799224667965932	false	1.0
N954	opposes 1.0	opposes 1.0	opposes 0.736040008229748 favors 0.2613142404595711 __DUMMY__ 0.0026457513106810234	false	1.0
N1373	favors 1.0	favors 1.0	favors 0.7293422736426814 opposes 0.26799403772832686 __DUMMY__ 0.002663688628991658	false	1.0
N955	opposes 1.0	opposes 1.0	opposes 0.690426829531151 favors 0.30677371562050537 __DUMMY__ 0.0027994548483435645	false	1.0
N1374	favors 1.0		favors 0.5715626415349422 opposes 0.4160857681712346 __DUMMY__ 0.012351590293823017	true	1.0
N1379	favors 1.0		favors 0.5210245581745413 opposes 0.46619441740820194 __DUMMY__ 0.012781024417256837	true	1.0
N1377	opposes 1.0	opposes 1.0	opposes 0.6835358675160027 favors 0.3137890297173145 __DUMMY__ 0.002675102766682895	false	1.0
N1378	favors 1.0	favors 1.0	favors 0.7490019127023572 opposes 0.24802006071664442 __DUMMY__ 0.002978026580998413	false	1.0
N981	opposes 1.0	opposes 1.0	opposes 0.7243093964514694 favors 0.27277552896345886 __DUMMY__ 0.002915074585071646	false	1.0
N982	opposes 1.0	opposes 1.0	opposes 0.711420198809674 favors 0.2858811934619522 __DUMMY__ 0.002698607728373786	false	1.0
N983	favors 1.0	favors 1.0	favors 0.7823002773029402 opposes 0.2150545033584581 __DUMMY__ 0.002645219338601722	false	1.0
N500	opposes 1.0	opposes 1.0	opposes 0.7093290317262261 favors 0.2875900360312764 __DUMMY__ 0.0030809322424975166	false	1.0
N984	favors 1.0		favors 0.5127587320522814 opposes 0.47482966153602646 __DUMMY__ 0.012411606411692202	true	1.0
N980	favors 1.0	favors 1.0	favors 0.7509133969414007 opposes 0.2460482297580369 __DUMMY__ 0.0030383733005624456	false	1.0
N1360	opposes 1.0	opposes 1.0	opposes 0.7184141095156015 favors 0.27857070474027246 __DUMMY__ 0.0030151857441261727	false	1.0
N505	favors 1.0	favors 1.0	favors 0.7821793707521257 opposes 0.21514502142217232 __DUMMY__ 0.0026756078257019196	false	1.0
N989	opposes 1.0	opposes 1.0	opposes 0.7107644963715709 favors 0.2864522991929652 __DUMMY__ 0.002783204435463933	false	1.0
N506	opposes 1.0	opposes 1.0	opposes 0.7177823547358485 favors 0.27924182261980096 __DUMMY__ 0.0029758226443505325	false	1.0
N1361	favors 1.0	favors 1.0	favors 0.7511321196534959 opposes 0.24582067062616902 __DUMMY__ 0.003047209720335109	false	1.0
N507	opposes 1.0		favors 0.5214288353498623 opposes 0.46578196196129074 __DUMMY__ 0.012789202688847074	true	0.5
N508	opposes 1.0		favors 0.5282300280994556 opposes 0.45897638535144275 __DUMMY__ 0.012793586549101541	true	0.5
N501	opposes 1.0		favors 0.49652351032558495 opposes 0.4914062418172071 __DUMMY__ 0.012070247857208017	true	0.5
N985	opposes 1.0	opposes 1.0	opposes 0.721540384768445 favors 0.2757609252041819 __DUMMY__ 0.0026986900273732006	false	1.0
N1364	favors 1.0	favors 1.0	favors 0.78585051571567 opposes 0.2115237207503095 __DUMMY__ 0.0026257635340204877	false	1.0
N502	favors 1.0	favors 1.0	favors 0.7747386320161862 opposes 0.22247157851437982 __DUMMY__ 0.00278978946943396	false	1.0
N986	opposes 1.0	opposes 1.0	opposes 0.6981627093906407 favors 0.29889354055266404 __DUMMY__ 0.0029437500566952134	false	1.0
N1365	favors 1.0	favors 1.0	favors 0.7436789167151783 opposes 0.25348718543866844 __DUMMY__ 0.002833897846153199	false	1.0
N503	opposes 1.0	opposes 1.0	opposes 0.7244754899204211 favors 0.27280281132322437 __DUMMY__ 0.002721698756354591	false	1.0
N987	opposes 1.0		favors 0.5212651857382258 opposes 0.466512288601198 __DUMMY__ 0.01222252566057629	true	0.5
N1362	favors 1.0	favors 1.0	favors 0.7912805377173848 opposes 0.20608318868683148 __DUMMY__ 0.0026362735957837944	false	1.0
N1363	opposes 1.0	opposes 1.0	opposes 0.7243832251800775 favors 0.27269728010935235 __DUMMY__ 0.002919494710570212	false	1.0
N504	favors 1.0		favors 0.5371193176618457 opposes 0.45009739480730815 __DUMMY__ 0.012783287530846113	true	1.0
N988	favors 1.0	favors 1.0	favors 0.7584812066154175 opposes 0.23846625630351653 __DUMMY__ 0.0030525370810660004	false	1.0
N1368	opposes 1.0	opposes 1.0	opposes 0.7180335369512187 favors 0.2791915664926305 __DUMMY__ 0.0027748965561506943	false	1.0
N1369	favors 1.0		favors 0.540695685152878 opposes 0.44642589183389797 __DUMMY__ 0.012878423013224005	true	1.0
N1366	opposes 1.0		favors 0.5138356758615302 opposes 0.4740045221169593 __DUMMY__ 0.012159802021510398	true	0.5
N1367	opposes 1.0	opposes 1.0	opposes 0.6973322639795771 favors 0.29970799540654497 __DUMMY__ 0.0029597406138779274	false	1.0
N509	favors 1.0	favors 1.0	favors 0.7858794338845795 opposes 0.21144021242203498 __DUMMY__ 0.002680353693385521	false	1.0
N970	favors 1.0		favors 0.5403605532630766 opposes 0.4467876729414053 __DUMMY__ 0.012851773795518098	true	1.0
N971	opposes 1.0	opposes 1.0	opposes 0.7111190520517967 favors 0.28610492534197746 __DUMMY__ 0.0027760226062258225	false	1.0
N972	favors 1.0	favors 1.0	favors 0.7501279046024937 opposes 0.24707345955692597 __DUMMY__ 0.0027986358405803534	false	1.0
N973	favors 1.0	favors 1.0	favors 0.7573948376925926 opposes 0.23953532894156768 __DUMMY__ 0.0030698333658397015	false	1.0
N978	opposes 1.0	opposes 1.0	opposes 0.684607832331613 favors 0.3127222676961023 __DUMMY__ 0.002669899972284576	false	1.0
N979	favors 1.0	favors 1.0	favors 0.7492237721265282 opposes 0.24781249628635826 __DUMMY__ 0.0029637315871134614	false	1.0
N1350	opposes 1.0		favors 0.5426786543669543 opposes 0.4444670541785921 __DUMMY__ 0.01285429145445363	true	0.5
N974	favors 1.0		opposes 0.49526379295265266 favors 0.49271718447055673 __DUMMY__ 0.012019022576790588	true	0.5
N1353	opposes 1.0	opposes 1.0	opposes 0.7079521452126026 favors 0.2889437438626858 __DUMMY__ 0.0031041109247116	false	1.0
N975	favors 1.0		favors 0.5699258333033003 opposes 0.41774023209962313 __DUMMY__ 0.012333934597076678	true	1.0
N1354	opposes 1.0	opposes 1.0	opposes 0.735144084943124 favors 0.26220074675774435 __DUMMY__ 0.002655168299131642	false	1.0
N976	favors 1.0	favors 1.0	favors 0.7399314575379213 opposes 0.2573414056060013 __DUMMY__ 0.002727136856077346	false	1.0
N1351	favors 1.0	favors 1.0	favors 0.7565787665332566 opposes 0.24065697471497338 __DUMMY__ 0.0027642587517699518	false	1.0
N977	opposes 1.0	opposes 1.0	opposes 0.7108442865086223 favors 0.28617883435639463 __DUMMY__ 0.0029768791349829957	false	1.0
N1352	opposes 1.0	opposes 1.0	opposes 0.7158438157868313 favors 0.28135163755068004 __DUMMY__ 0.002804546662488711	false	1.0
N1357	favors 1.0	favors 1.0	favors 0.7580822873561868 opposes 0.23893214707936083 __DUMMY__ 0.0029855655644524374	false	1.0
N1358	favors 1.0	favors 1.0	favors 0.7848896711946157 opposes 0.21244343624122136 __DUMMY__ 0.0026668925641629786	false	1.0
N1355	favors 1.0	favors 1.0	favors 0.7775309603294666 opposes 0.2196641817094267 __DUMMY__ 0.002804857961106795	false	1.0
N1356	opposes 1.0		favors 0.5066251873447363 opposes 0.48124069885892584 __DUMMY__ 0.012134113796337918	true	0.5
N1359	favors 1.0		favors 0.5240604605853701 opposes 0.4632380343050993 __DUMMY__ 0.01270150510953072	true	1.0
N520	favors 1.0	favors 1.0	favors 0.7584350634034782 opposes 0.23848643455093343 __DUMMY__ 0.003078502045588286	false	1.0
N521	favors 1.0	favors 1.0	favors 0.734519596513795 opposes 0.262787981162842 __DUMMY__ 0.0026924223233630146	false	1.0
N522	favors 1.0	favors 1.0	favors 0.7752245462378825 opposes 0.22197495912734466 __DUMMY__ 0.0028004946347728334	false	1.0
N527	favors 1.0		favors 0.5287758098807537 opposes 0.45843561406932765 __DUMMY__ 0.01278857604991873	true	1.0
N528	favors 1.0	favors 1.0	favors 0.787167047899977 opposes 0.21014167771248343 __DUMMY__ 0.002691274387539519	false	1.0
N529	opposes 1.0	opposes 1.0	opposes 0.7238490446236565 favors 0.27322745969666534 __DUMMY__ 0.002923495679678101	false	1.0
N523	favors 1.0	favors 1.0	favors 0.7410602059749978 opposes 0.25622644955779833 __DUMMY__ 0.0027133444672038706	false	1.0
N524	opposes 1.0	opposes 1.0	opposes 0.7105141232099135 favors 0.2864895670698007 __DUMMY__ 0.0029963097202858426	false	1.0
N525	opposes 1.0	opposes 1.0	opposes 0.6837572835848293 favors 0.31355831411299934 __DUMMY__ 0.002684402302171345	false	1.0
N526	favors 1.0	favors 1.0	favors 0.748722421545253 opposes 0.24827215843613723 __DUMMY__ 0.003005420018609744	false	1.0
N992	favors 1.0	favors 1.0	favors 0.7304552409456933 opposes 0.2668671235485006 __DUMMY__ 0.0026776355058062097	false	1.0
N993	favors 1.0	favors 1.0	favors 0.7742950188967402 opposes 0.22291922630749 __DUMMY__ 0.002785754795769746	false	1.0
N510	favors 1.0		favors 0.5111696119785369 opposes 0.4762335008164352 __DUMMY__ 0.012596887205027748	true	1.0
N994	favors 1.0		favors 0.5080181355288401 opposes 0.47984395428073556 __DUMMY__ 0.01213791019042431	true	1.0
N511	favors 1.0		favors 0.5327050203192684 opposes 0.4551259263033732 __DUMMY__ 0.012169053377358482	true	1.0
N995	opposes 1.0	opposes 1.0	opposes 0.7107849927048655 favors 0.2862350896424982 __DUMMY__ 0.002979917652636237	false	1.0
N990	favors 1.0	favors 1.0	favors 0.749919133169713 opposes 0.24728901249475083 __DUMMY__ 0.002791854335536048	false	1.0
N991	favors 1.0	favors 1.0	favors 0.7576958951254296 opposes 0.23923332956048474 __DUMMY__ 0.003070775314085751	false	1.0
N516	opposes 1.0		favors 0.5242923248894984 opposes 0.46348617184876006 __DUMMY__ 0.012221503261741762	true	0.5
N517	favors 1.0	favors 1.0	favors 0.7596534432758865 opposes 0.23728671238183202 __DUMMY__ 0.0030598443422814262	false	1.0
N518	opposes 1.0	opposes 1.0	opposes 0.7085732635934752 favors 0.288635072613269 __DUMMY__ 0.0027916637932558644	false	1.0
N519	favors 1.0		favors 0.5264938398835096 opposes 0.46111932804816536 __DUMMY__ 0.012386832068325042	true	1.0
N996	opposes 1.0	opposes 1.0	opposes 0.6842905155152272 favors 0.31303972089060667 __DUMMY__ 0.0026697635941660305	false	1.0
N512	opposes 1.0	opposes 1.0	opposes 0.6842911989992737 favors 0.313056298169899 __DUMMY__ 0.0026525028308273246	false	1.0
N997	favors 1.0	favors 1.0	favors 0.7485190070833163 opposes 0.24847952413133137 __DUMMY__ 0.0030014687853523645	false	1.0
N513	favors 1.0	favors 1.0	favors 0.744154026279565 opposes 0.2529822130812625 __DUMMY__ 0.0028637606391725906	false	1.0
N514	opposes 1.0	opposes 1.0	opposes 0.720494251144177 favors 0.2767840492553934 __DUMMY__ 0.002721699600429558	false	1.0
N998	favors 1.0	favors 1.0	favors 0.7510713145291434 opposes 0.24588394406719452 __DUMMY__ 0.003044741403662118	false	1.0
N999	opposes 1.0	opposes 1.0	opposes 0.6789466600006725 favors 0.3183894850633847 __DUMMY__ 0.002663854935942832	false	1.0
N515	opposes 1.0		favors 0.5609676224827502 opposes 0.426333713480275 __DUMMY__ 0.012698664036974663	true	0.5
N541	favors 1.0	favors 1.0	favors 0.7763019911941332 opposes 0.22089981729631603 __DUMMY__ 0.002798191509550767	false	1.0
N542	opposes 1.0	opposes 1.0	opposes 0.724321803460856 favors 0.2729636187684378 __DUMMY__ 0.002714577770706239	false	1.0
N543	favors 1.0	favors 1.0	favors 0.7580845763089858 opposes 0.23892295735046792 __DUMMY__ 0.0029924663405463355	false	1.0
N544	favors 1.0		favors 0.5885585452948845 opposes 0.3993351244034608 __DUMMY__ 0.012106330301654852	true	1.0
N540	opposes 1.0	opposes 1.0	opposes 0.7308305005121704 favors 0.2664837879201138 __DUMMY__ 0.0026857115677159185	false	1.0
N549	favors 1.0		favors 0.5120775624965268 opposes 0.4753399539703588 __DUMMY__ 0.012582483533114532	true	1.0
N545	favors 1.0	favors 1.0	favors 0.7502482820140608 opposes 0.2467791154696517 __DUMMY__ 0.002972602516287528	false	1.0
N546	opposes 1.0	opposes 1.0	opposes 0.7183598445164379 favors 0.2786338688360461 __DUMMY__ 0.003006286647516057	false	1.0
N547	opposes 1.0	opposes 1.0	opposes 0.714075564548841 favors 0.2828887824347452 __DUMMY__ 0.0030356530164137507	false	1.0
N548	favors 1.0	favors 1.0	favors 0.7882231087599458 opposes 0.20909784296945785 __DUMMY__ 0.002679048270596267	false	1.0
N530	opposes 1.0	opposes 1.0	opposes 0.7114848559320631 favors 0.2857974327551314 __DUMMY__ 0.0027177113128054094	false	1.0
N531	opposes 1.0	opposes 1.0	opposes 0.6832352170638476 favors 0.3141098194970515 __DUMMY__ 0.0026549634391008323	false	1.0
N532	opposes 1.0	opposes 1.0	opposes 0.7224082591815821 favors 0.2747353183794592 __DUMMY__ 0.0028564224389587326	false	1.0
N533	favors 1.0	favors 1.0	favors 0.7455203445454499 opposes 0.25176660299068077 __DUMMY__ 0.0027130524638692946	false	1.0
N1390	favors 1.0	favors 1.0	favors 0.7584119702268111 opposes 0.2388074403721323 __DUMMY__ 0.0027805894010566367	false	1.0
N1393	opposes 1.0	opposes 1.0	opposes 0.7315134714502673 favors 0.2657944983208711 __DUMMY__ 0.002692030228861522	false	1.0
N538	opposes 1.0	opposes 1.0	opposes 0.7153514338468322 favors 0.2818362648157261 __DUMMY__ 0.0028123013374416563	false	1.0
N539	opposes 1.0	opposes 1.0	opposes 0.7081877066247704 favors 0.2887311946450611 __DUMMY__ 0.003081098730168527	false	1.0
N1394	opposes 1.0		favors 0.5737162531245307 opposes 0.41392727058945755 __DUMMY__ 0.012356476286011761	true	0.5
N1391	opposes 1.0	opposes 1.0	opposes 0.7157064563368161 favors 0.2814732166726346 __DUMMY__ 0.0028203269905493233	false	1.0
N1392	opposes 1.0	opposes 1.0	opposes 0.7086368634596647 favors 0.2882764943315218 __DUMMY__ 0.0030866422088135326	false	1.0
N534	favors 1.0		favors 0.5622589377084877 opposes 0.4250632423365139 __DUMMY__ 0.012677819954998419	true	1.0
