N1742	opposes 1.0		favors 0.5640414187541587 opposes 0.4135096356799764 __DUMMY__ 0.022448945565865006	true	0.5
N1743	opposes 1.0		favors 0.5130446445012165 opposes 0.4638977005581063 __DUMMY__ 0.023057654940677297	true	0.5
N1740	favors 1.0	favors 1.0	favors 0.7387245177281516 opposes 0.25285134918468705 __DUMMY__ 0.008424133087161294	false	1.0
N1741	opposes 1.0		favors 0.525786865632475 opposes 0.45110128131923205 __DUMMY__ 0.023111853048293052	true	0.5
N1746	opposes 1.0		favors 0.5695497312407488 opposes 0.4078862538467127 __DUMMY__ 0.022564014912538368	true	0.5
N1747	opposes 1.0		favors 0.509569910515984 opposes 0.46720900070483834 __DUMMY__ 0.023221088779177633	true	0.5
N1744	favors 1.0		favors 0.5154535688586083 opposes 0.4612363105774977 __DUMMY__ 0.023310120563893866	true	1.0
N1745	favors 1.0	favors 1.0	favors 0.7458783908118551 opposes 0.24544851412279514 __DUMMY__ 0.008673095065349778	false	1.0
N1748	opposes 1.0	opposes 1.0	opposes 0.7165302278106145 favors 0.2753958293041506 __DUMMY__ 0.008073942885234974	false	1.0
N1749	favors 1.0	favors 1.0	favors 0.7672052767065322 opposes 0.22466535392784195 __DUMMY__ 0.008129369365625895	false	1.0
N1731	opposes 1.0	opposes 1.0	opposes 0.7174961848943208 favors 0.274005399930305 __DUMMY__ 0.008498415175374117	false	1.0
N1732	opposes 1.0	opposes 1.0	opposes 0.7007523343340879 favors 0.2906541235957668 __DUMMY__ 0.00859354207014528	false	1.0
N1730	favors 1.0		favors 0.4988765361612885 opposes 0.4787970944883686 __DUMMY__ 0.022326369350342927	true	1.0
N1735	opposes 1.0	opposes 1.0	opposes 0.7097861010171627 favors 0.2820837721898224 __DUMMY__ 0.008130126793014978	false	1.0
N1736	favors 1.0	favors 1.0	favors 0.7413880924821575 opposes 0.25044768018115066 __DUMMY__ 0.008164227336691829	false	1.0
N1733	opposes 1.0		favors 0.5113796314755917 opposes 0.4657850224194569 __DUMMY__ 0.02283534610495138	true	0.5
N1734	favors 1.0	favors 1.0	favors 0.7525373025720403 opposes 0.23872931837531197 __DUMMY__ 0.008733379052647696	false	1.0
N1739	favors 1.0		favors 0.5501373499372972 opposes 0.4272407640618696 __DUMMY__ 0.02262188600083323	true	1.0
N1737	favors 1.0		favors 0.5280289916902229 opposes 0.44837872572097026 __DUMMY__ 0.02359228258880677	true	1.0
N1738	opposes 1.0	opposes 1.0	opposes 0.7281501357737671 favors 0.26395135448962626 __DUMMY__ 0.007898509736606728	false	1.0
N1720	opposes 1.0		favors 0.5055451619453364 opposes 0.4716445787087564 __DUMMY__ 0.022810259345907198	true	0.5
N1721	opposes 1.0	opposes 1.0	opposes 0.7110331999572849 favors 0.2804803275082867 __DUMMY__ 0.008486472534428358	false	1.0
N1724	favors 1.0	favors 1.0	favors 0.7450871504104466 opposes 0.24628028836390908 __DUMMY__ 0.008632561225644356	false	1.0
N1725	favors 1.0	favors 1.0	favors 0.7457663156553548 opposes 0.24552031387290368 __DUMMY__ 0.008713370471741547	false	1.0
N1722	favors 1.0		favors 0.5684662040135768 opposes 0.40912990987562153 __DUMMY__ 0.022403886110801647	true	1.0
N1723	favors 1.0		favors 0.5130730830723843 opposes 0.46389025279296364 __DUMMY__ 0.023036664134652118	true	1.0
N1728	opposes 1.0		favors 0.5156038517019619 opposes 0.462337835525922 __DUMMY__ 0.02205831277211606	true	0.5
N1729	favors 1.0	favors 1.0	favors 0.7703601327424374 opposes 0.22149058823352064 __DUMMY__ 0.008149279024041865	false	1.0
N1726	favors 1.0	favors 1.0	favors 0.7781965648346801 opposes 0.21353927503626863 __DUMMY__ 0.008264160129051177	false	1.0
N1727	opposes 1.0		favors 0.5096076865055194 opposes 0.46718992251723973 __DUMMY__ 0.023202390977240965	true	0.5
N1710	favors 1.0		favors 0.4995084898040238 opposes 0.4780622507412611 __DUMMY__ 0.022429259454715154	true	1.0
N1713	opposes 1.0	opposes 1.0	opposes 0.7176225151412762 favors 0.2738614411721091 __DUMMY__ 0.008516043686614792	false	1.0
N1714	favors 1.0		favors 0.5293036139960975 opposes 0.4471907629877932 __DUMMY__ 0.02350562301610932	true	1.0
N1711	favors 1.0		favors 0.5120907330437579 opposes 0.4648831068524929 __DUMMY__ 0.023026160103749183	true	1.0
N1712	favors 1.0	favors 1.0	favors 0.7630752209949463 opposes 0.2282792815251487 __DUMMY__ 0.00864549747990488	false	1.0
N1717	favors 1.0	favors 1.0	favors 0.7525271073456756 opposes 0.23863544535702222 __DUMMY__ 0.00883744729730219	false	1.0
N1718	opposes 1.0		opposes 0.48987109833719394 favors 0.4885645684916981 __DUMMY__ 0.02156433317110789	true	1.0
N1715	favors 1.0	favors 1.0	favors 0.7511735395644404 opposes 0.24076628702105524 __DUMMY__ 0.008060173414504355	false	1.0
N1716	favors 1.0		favors 0.5073397120074776 opposes 0.4703830174412561 __DUMMY__ 0.0222772705512662	true	1.0
N1719	favors 1.0	favors 1.0	favors 0.7653459537103544 opposes 0.22636783930184542 __DUMMY__ 0.008286206987800169	false	1.0
N1782	favors 1.0	favors 1.0	favors 0.7437076358218802 opposes 0.24779593901277522 __DUMMY__ 0.008496425165344643	false	1.0
N1783	favors 1.0	favors 1.0	favors 0.7451863297316172 opposes 0.24618661869923156 __DUMMY__ 0.00862705156915125	false	1.0
N1780	opposes 1.0		favors 0.5257129705514499 opposes 0.4511809525807445 __DUMMY__ 0.023106076867805688	true	0.5
N1781	opposes 1.0	opposes 1.0	opposes 0.6890881861742375 favors 0.30268998762307664 __DUMMY__ 0.008221826202685889	false	1.0
N1786	opposes 1.0	opposes 1.0	opposes 0.719044235120693 favors 0.272337990063784 __DUMMY__ 0.008617774815522951	false	1.0
N1302	favors 1.0	favors 1.0	favors 0.7461254842437369 opposes 0.24519934017512926 __DUMMY__ 0.008675175581133888	false	1.0
N1303	favors 1.0		favors 0.5741040122773833 opposes 0.4033257793471452 __DUMMY__ 0.022570208375471437	true	1.0
N1787	opposes 1.0		favors 0.5157158277007412 opposes 0.46214258445035555 __DUMMY__ 0.022141587848903195	true	0.5
N1300	favors 1.0	favors 1.0	favors 0.7440725869330673 opposes 0.24744930544286542 __DUMMY__ 0.008478107624067139	false	1.0
N1784	favors 1.0		favors 0.5178813487170322 opposes 0.45877108226571706 __DUMMY__ 0.023347569017250734	true	1.0
N1301	opposes 1.0	opposes 1.0	opposes 0.7162316050398119 favors 0.27515691935038006 __DUMMY__ 0.008611475609808072	false	1.0
N1785	opposes 1.0		favors 0.5736191635935256 opposes 0.4038142578108906 __DUMMY__ 0.022566578595583683	true	0.5
N1306	opposes 1.0	opposes 1.0	opposes 0.6910068717267939 favors 0.3008484695903942 __DUMMY__ 0.008144658682811973	false	1.0
N1307	favors 1.0		favors 0.5000844908597121 opposes 0.4775276654476589 __DUMMY__ 0.022387843692629056	true	1.0
N1304	favors 1.0	favors 1.0	favors 0.7424132682066751 opposes 0.24897684052911107 __DUMMY__ 0.008609891264213881	false	1.0
N1788	favors 1.0		favors 0.5617259657852227 opposes 0.41596783943723303 __DUMMY__ 0.022306194777544388	true	1.0
N1789	opposes 1.0	opposes 1.0	opposes 0.7250758850386664 favors 0.26674364619019286 __DUMMY__ 0.008180468771140863	false	1.0
N1305	favors 1.0		favors 0.51610281148845 opposes 0.46181939896908614 __DUMMY__ 0.022077789542463862	true	1.0
N1308	opposes 1.0	opposes 1.0	opposes 0.7168139224792194 favors 0.27466664280831893 __DUMMY__ 0.008519434712461598	false	1.0
N1309	opposes 1.0		favors 0.547552452424751 opposes 0.4292017483867813 __DUMMY__ 0.023245799188467548	true	0.5
N1771	favors 1.0		favors 0.5479740805261956 opposes 0.42875402922054867 __DUMMY__ 0.02327189025325572	true	1.0
N1772	opposes 1.0		favors 0.5114215365050172 opposes 0.4656889276458928 __DUMMY__ 0.022889535849089857	true	0.5
N1770	opposes 1.0		favors 0.5132076082175321 opposes 0.46375281238273564 __DUMMY__ 0.023039579399732057	true	0.5
N1775	favors 1.0		favors 0.5079956542493238 opposes 0.46964064815727924 __DUMMY__ 0.022363697593396886	true	1.0
N1776	favors 1.0		favors 0.5283062230121063 opposes 0.4480680419557143 __DUMMY__ 0.023625735032179462	true	1.0
N1773	favors 1.0		favors 0.5286652250972912 opposes 0.44782968428801456 __DUMMY__ 0.02350509061469426	true	1.0
N1774	opposes 1.0	opposes 1.0	opposes 0.7091897449609019 favors 0.28269626981622215 __DUMMY__ 0.008113985222875876	false	1.0
N1779	favors 1.0		favors 0.5058090256090557 opposes 0.4713790649489487 __DUMMY__ 0.02281190944199545	true	1.0
N1777	favors 1.0	favors 1.0	favors 0.7305156501153106 opposes 0.2615936044908482 __DUMMY__ 0.007890745393841167	false	1.0
N1778	favors 1.0	favors 1.0	favors 0.7643668988106394 opposes 0.22734016771732343 __DUMMY__ 0.008292933472037248	false	1.0
N901	favors 1.0	favors 1.0	favors 0.7451949350011761 opposes 0.2461743249975595 __DUMMY__ 0.008630740001264476	false	1.0
N902	favors 1.0		favors 0.5171592834137139 opposes 0.4595021882638222 __DUMMY__ 0.023338528322463824	true	1.0
N903	opposes 1.0	opposes 1.0	opposes 0.6864908526451814 favors 0.30527518866091313 __DUMMY__ 0.008233958693905427	false	1.0
N904	opposes 1.0		favors 0.5092685228540162 opposes 0.46752547629156105 __DUMMY__ 0.0232060008544227	true	0.5
N1760	opposes 1.0		favors 0.5260408298091208 opposes 0.45086281068277995 __DUMMY__ 0.02309635950809913	true	0.5
N1761	opposes 1.0		favors 0.5656840980292599 opposes 0.41184727519052833 __DUMMY__ 0.022468626780211626	true	0.5
N900	favors 1.0	favors 1.0	favors 0.7437989393240607 opposes 0.24770334226289656 __DUMMY__ 0.008497718413042733	false	1.0
N909	favors 1.0		favors 0.5448327746249637 opposes 0.4319198665379843 __DUMMY__ 0.023247358837051858	true	1.0
N1764	favors 1.0	favors 1.0	favors 0.7460439688748837 opposes 0.24527156447162568 __DUMMY__ 0.008684466653490543	false	1.0
N1765	opposes 1.0		favors 0.5738411731416257 opposes 0.4035719097470746 __DUMMY__ 0.02258691711129981	true	0.5
N1762	favors 1.0	favors 1.0	favors 0.743770080541753 opposes 0.24774196943657525 __DUMMY__ 0.00848795002167172	false	1.0
N1763	opposes 1.0		favors 0.515378492107702 opposes 0.4613299170147612 __DUMMY__ 0.02329159087753659	true	0.5
N1768	favors 1.0		favors 0.5620183621517622 opposes 0.4156521750304958 __DUMMY__ 0.022329462817742042	true	1.0
N905	opposes 1.0	opposes 1.0	opposes 0.7164723300496461 favors 0.27547025367958006 __DUMMY__ 0.00805741627077394	false	1.0
N906	favors 1.0		favors 0.558337066419788 opposes 0.41944136594059367 __DUMMY__ 0.022221567639618474	true	1.0
N1769	opposes 1.0	opposes 1.0	opposes 0.7249856440503535 favors 0.2668403807599644 __DUMMY__ 0.00817397518968212	false	1.0
N1766	opposes 1.0	opposes 1.0	opposes 0.7189507884156147 favors 0.27244321102771485 __DUMMY__ 0.008606000556670487	false	1.0
N907	opposes 1.0		favors 0.4994824918031039 opposes 0.4780828871272779 __DUMMY__ 0.022434621069618157	true	0.5
N908	opposes 1.0		favors 0.5111695628511466 opposes 0.46584243231610334 __DUMMY__ 0.022988004832750035	true	0.5
N1767	opposes 1.0		favors 0.5163692382593975 opposes 0.46146169965993233 __DUMMY__ 0.022169062080670005	true	0.5
N1750	opposes 1.0		favors 0.500296843113315 opposes 0.47723795747426806 __DUMMY__ 0.022465199412416918	true	0.5
N1753	favors 1.0	favors 1.0	favors 0.7523860354914236 opposes 0.23888341872908456 __DUMMY__ 0.008730545779491903	false	1.0
N1754	opposes 1.0	opposes 1.0	opposes 0.7093907702918036 favors 0.2824932006635548 __DUMMY__ 0.00811602904464157	false	1.0
N1751	opposes 1.0		favors 0.5130129531056523 opposes 0.4639591085748785 __DUMMY__ 0.023027938319469338	true	0.5
N1752	opposes 1.0		favors 0.5111376031480763 opposes 0.46594474320506696 __DUMMY__ 0.02291765364685684	true	0.5
N1757	favors 1.0	favors 1.0	favors 0.7305187453402202 opposes 0.26158024270165386 __DUMMY__ 0.007901011958125852	false	1.0
N1758	favors 1.0		favors 0.5514699658926614 opposes 0.42586736679404946 __DUMMY__ 0.022662667313289118	true	1.0
N1755	favors 1.0		favors 0.5078990626260077 opposes 0.46973249198269895 __DUMMY__ 0.022368445391293408	true	1.0
N1756	favors 1.0	favors 1.0	favors 0.7522914706601542 opposes 0.23890803704339067 __DUMMY__ 0.008800492296455053	false	1.0
N1759	favors 1.0	favors 1.0	favors 0.7387862100112447 opposes 0.25274809803452436 __DUMMY__ 0.008465691954230902	false	1.0
N923	favors 1.0		favors 0.570939094937749 opposes 0.40650146920828795 __DUMMY__ 0.022559435853963167	true	1.0
N924	opposes 1.0	opposes 1.0	opposes 0.7192875515298448 favors 0.27211284926478624 __DUMMY__ 0.00859959920536901	false	1.0
N925	opposes 1.0		favors 0.5144126418887777 opposes 0.4634206948408049 __DUMMY__ 0.022166663270417365	true	0.5
N926	favors 1.0		favors 0.5587428936310818 opposes 0.41897120343224836 __DUMMY__ 0.022285902936669887	true	1.0
N1342	favors 1.0	favors 1.0	favors 0.746523042866705 opposes 0.24481003750094144 __DUMMY__ 0.008666919632353647	false	1.0
N1343	favors 1.0	favors 1.0	favors 0.7753572270275806 opposes 0.21638734826758751 __DUMMY__ 0.008255424704831933	false	1.0
N920	favors 1.0		favors 0.512530517742692 opposes 0.4644249271105959 __DUMMY__ 0.02304455514671226	true	1.0
N921	favors 1.0	favors 1.0	favors 0.745249385655823 opposes 0.2461263469153989 __DUMMY__ 0.008624267428778127	false	1.0
N1340	favors 1.0	favors 1.0	favors 0.7442092740382343 opposes 0.24729261613279452 __DUMMY__ 0.008498109828971211	false	1.0
N1341	favors 1.0	favors 1.0	favors 0.7454510871548916 opposes 0.2459202272512829 __DUMMY__ 0.008628685593825403	false	1.0
N922	favors 1.0		favors 0.5165306638962548 opposes 0.4601205782255055 __DUMMY__ 0.02334875787823957	true	1.0
N1346	favors 1.0	favors 1.0	favors 0.7685233055264918 opposes 0.22336511036848114 __DUMMY__ 0.008111584105027114	false	1.0
N1347	opposes 1.0	opposes 1.0	opposes 0.7243696875940825 favors 0.26742143379261823 __DUMMY__ 0.008208878613299192	false	1.0
N1344	opposes 1.0		favors 0.5101312261223024 opposes 0.4666311271823158 __DUMMY__ 0.023237646695381604	true	0.5
N1345	opposes 1.0	opposes 1.0	opposes 0.7155422555410557 favors 0.2764240373136523 __DUMMY__ 0.008033707145292153	false	1.0
N927	opposes 1.0		favors 0.4995246614217674 opposes 0.47806725737369327 __DUMMY__ 0.02240808120453943	true	0.5
N928	favors 1.0	favors 1.0	favors 0.7433594957598824 opposes 0.24811310536420397 __DUMMY__ 0.008527398875913743	false	1.0
N929	favors 1.0	favors 1.0	favors 0.7618498300900212 opposes 0.2295427045858053 __DUMMY__ 0.008607465324173558	false	1.0
N1348	favors 1.0		favors 0.5490834872210372 opposes 0.4276450285770423 __DUMMY__ 0.023271484201920538	true	1.0
N1349	favors 1.0		favors 0.5115869299307564 opposes 0.4655516989855055 __DUMMY__ 0.022861371083738005	true	1.0
N912	opposes 1.0	opposes 1.0	opposes 0.7106259606006078 favors 0.28126015109823815 __DUMMY__ 0.008113888301154103	false	1.0
N913	favors 1.0		favors 0.5077286929497586 opposes 0.46992795838109674 __DUMMY__ 0.02234334866914465	true	1.0
N914	favors 1.0	favors 1.0	favors 0.75173960822442 opposes 0.2394669415155893 __DUMMY__ 0.008793450259990673	false	1.0
N915	favors 1.0	favors 1.0	favors 0.7298587550860196 opposes 0.2622538381677482 __DUMMY__ 0.007887406746232083	false	1.0
N1331	favors 1.0		favors 0.5299808151425913 opposes 0.44652236908225984 __DUMMY__ 0.023496815775148804	true	1.0
N1332	favors 1.0		favors 0.5304547011345851 opposes 0.4473075889410121 __DUMMY__ 0.02223770992440278	true	1.0
N910	opposes 1.0	opposes 1.0	opposes 0.7183025004003002 favors 0.2732255087798895 __DUMMY__ 0.00847199081981038	false	1.0
N1330	opposes 1.0	opposes 1.0	opposes 0.7170197393042447 favors 0.2745266626033704 __DUMMY__ 0.008453598092384964	false	1.0
N911	favors 1.0		favors 0.5284347355390696 opposes 0.44806603395496664 __DUMMY__ 0.023499230505963743	true	1.0
N1335	opposes 1.0		favors 0.4937246066842723 opposes 0.48449644404063136 __DUMMY__ 0.0217789492750964	true	0.5
N1336	favors 1.0		favors 0.5522255679726832 opposes 0.4252067871580543 __DUMMY__ 0.0225676448692624	true	1.0
N1333	favors 1.0	favors 1.0	favors 0.7418932379103008 opposes 0.24996665537173168 __DUMMY__ 0.008140106717967586	false	1.0
N1334	favors 1.0	favors 1.0	favors 0.7526707875976012 opposes 0.23854886886595225 __DUMMY__ 0.008780343536446538	false	1.0
N916	favors 1.0		favors 0.5498137674814828 opposes 0.42756227810310227 __DUMMY__ 0.022623954415414916	true	1.0
N1339	opposes 1.0		favors 0.5660109654313054 opposes 0.4116071025375621 __DUMMY__ 0.022381932031132375	true	0.5
N917	favors 1.0		favors 0.5047438334256088 opposes 0.4724679601408342 __DUMMY__ 0.02278820643355691	true	1.0
N1337	favors 1.0		favors 0.5067021642135265 opposes 0.4705415104865689 __DUMMY__ 0.022756325299904644	true	1.0
N918	opposes 1.0		favors 0.5250508758203172 opposes 0.45184427360340595 __DUMMY__ 0.02310485057627691	true	0.5
N919	opposes 1.0	opposes 1.0	opposes 0.6900526114541676 favors 0.30172481168245 __DUMMY__ 0.00822257686338238	false	1.0
N1338	opposes 1.0		favors 0.5268181227410095 opposes 0.45010257251099456 __DUMMY__ 0.02307930474799597	true	0.5
N940	opposes 1.0		favors 0.5129634037032706 opposes 0.4639681589783767 __DUMMY__ 0.023068437318352588	true	0.5
N945	favors 1.0		favors 0.5145611590133977 opposes 0.4633391541589577 __DUMMY__ 0.022099686827644502	true	1.0
N946	opposes 1.0	opposes 1.0	opposes 0.6921611714707131 favors 0.29972328991276675 __DUMMY__ 0.008115538616520089	false	1.0
N947	favors 1.0		favors 0.4996264526546698 opposes 0.4778955252371507 __DUMMY__ 0.02247802210817947	true	1.0
N948	opposes 1.0	opposes 1.0	opposes 0.7174311488285549 favors 0.2740276044392202 __DUMMY__ 0.008541246732224917	false	1.0
N941	opposes 1.0		favors 0.5151416609921864 opposes 0.46154486393734534 __DUMMY__ 0.023313475070468277	true	0.5
N1320	opposes 1.0		favors 0.5126517783801547 opposes 0.464318026481114 __DUMMY__ 0.02303019513873131	true	0.5
N1321	favors 1.0	favors 1.0	favors 0.7452306562234138 opposes 0.2461513894383036 __DUMMY__ 0.008617954338282685	false	1.0
N942	opposes 1.0	opposes 1.0	opposes 0.714636830344304 favors 0.2766796153838842 __DUMMY__ 0.008683554271811708	false	1.0
N943	favors 1.0		favors 0.5713239253352982 opposes 0.40609940539734835 __DUMMY__ 0.02257666926735344	true	1.0
N944	favors 1.0		favors 0.5097141251795276 opposes 0.46703094810457235 __DUMMY__ 0.023254926715900032	true	1.0
N1324	opposes 1.0		favors 0.5098444846208481 opposes 0.46690869161370435 __DUMMY__ 0.02324682376544761	true	0.5
N1325	opposes 1.0	opposes 1.0	opposes 0.7159259502840054 favors 0.27605511082788464 __DUMMY__ 0.008018938888109877	false	1.0
N1322	favors 1.0		favors 0.5176728471140292 opposes 0.4589953277131714 __DUMMY__ 0.023331825172799393	true	1.0
N1323	favors 1.0	favors 1.0	favors 0.7758306949356554 opposes 0.21592039367609187 __DUMMY__ 0.008248911388252868	false	1.0
N1328	opposes 1.0	opposes 1.0	opposes 0.7163283784611476 favors 0.27517048516804865 __DUMMY__ 0.008501136370803788	false	1.0
N949	favors 1.0	favors 1.0	favors 0.7623108703505387 opposes 0.22906841894226013 __DUMMY__ 0.008620710707201247	false	1.0
N1329	favors 1.0	favors 1.0	favors 0.7624559150385717 opposes 0.2289554552889678 __DUMMY__ 0.008588629672460475	false	1.0
N1326	favors 1.0	favors 1.0	favors 0.7686988955781228 opposes 0.22318965741376065 __DUMMY__ 0.008111447008116614	false	1.0
N1327	opposes 1.0	opposes 1.0	opposes 0.7247746472919671 favors 0.26704432059323774 __DUMMY__ 0.008181032114795258	false	1.0
N934	opposes 1.0		favors 0.528424115894548 opposes 0.44795981184311867 __DUMMY__ 0.02361607226233332	true	0.5
N935	opposes 1.0	opposes 1.0	opposes 0.7284811578396239 favors 0.263608999100931 __DUMMY__ 0.00790984305944515	false	1.0
N1790	favors 1.0		favors 0.5130455751020798 opposes 0.46394556937614334 __DUMMY__ 0.02300885552177696	true	1.0
N936	opposes 1.0		favors 0.5515074474842564 opposes 0.42587731481820235 __DUMMY__ 0.02261523769754118	true	0.5
N937	opposes 1.0		favors 0.5052188798851908 opposes 0.4719937283776498 __DUMMY__ 0.022787391737159438	true	0.5
N930	favors 1.0		favors 0.5113334944652995 opposes 0.46580069428743615 __DUMMY__ 0.02286581124726448	true	1.0
N1793	opposes 1.0	opposes 1.0	opposes 0.7086374458539425 favors 0.28263766719386313 __DUMMY__ 0.008724886952194307	false	1.0
N1310	opposes 1.0		favors 0.5118118726445207 opposes 0.46534638525197297 __DUMMY__ 0.02284174210350631	true	0.5
N931	opposes 1.0		favors 0.5296274573229138 opposes 0.4468515794586541 __DUMMY__ 0.023520963218431952	true	0.5
N1794	favors 1.0	favors 1.0	favors 0.7515585848648993 opposes 0.24033763576831776 __DUMMY__ 0.008103779366782821	false	1.0
N932	favors 1.0		favors 0.529029838707304 opposes 0.4487258038585183 __DUMMY__ 0.022244357434177704	true	1.0
N1791	favors 1.0	favors 1.0	favors 0.7626668622907287 opposes 0.22874907839097613 __DUMMY__ 0.008584059318295157	false	1.0
N1792	favors 1.0		favors 0.5113885865780042 opposes 0.4657260181153855 __DUMMY__ 0.022885395306610275	true	1.0
N933	opposes 1.0	opposes 1.0	opposes 0.7197140713712087 favors 0.2721294648870019 __DUMMY__ 0.008156463741789423	false	1.0
N1797	opposes 1.0	opposes 1.0	opposes 0.7279896466883262 favors 0.26412312095696694 __DUMMY__ 0.007887232354706817	false	1.0
N1313	favors 1.0	favors 1.0	favors 0.7411002104910484 opposes 0.25077823804279514 __DUMMY__ 0.008121551466156545	false	1.0
N1314	favors 1.0		favors 0.5283377624455612 opposes 0.44806884968098215 __DUMMY__ 0.02359338787345664	true	1.0
N1798	favors 1.0		favors 0.5519769203843817 opposes 0.42542028580368807 __DUMMY__ 0.022602793811930186	true	1.0
N1311	favors 1.0	favors 1.0	favors 0.7525654512733116 opposes 0.23870303877550275 __DUMMY__ 0.008731509951185603	false	1.0
N1795	opposes 1.0	opposes 1.0	opposes 0.7197533888704213 favors 0.27210194784707 __DUMMY__ 0.008144663282508713	false	1.0
N1312	opposes 1.0	opposes 1.0	opposes 0.7092926251413701 favors 0.28265384037207153 __DUMMY__ 0.008053534486558224	false	1.0
N1796	opposes 1.0	opposes 1.0	opposes 0.7088394661692384 favors 0.28238564287694423 __DUMMY__ 0.008774890953817317	false	1.0
N1317	favors 1.0		favors 0.5056000568767116 opposes 0.47161733181331505 __DUMMY__ 0.022782611309973284	true	1.0
N938	favors 1.0	favors 1.0	favors 0.7511969806243309 opposes 0.24031411283674475 __DUMMY__ 0.00848890653892432	false	1.0
N939	favors 1.0	favors 1.0	favors 0.7714442415202744 opposes 0.22035673163882583 __DUMMY__ 0.008199026840899848	false	1.0
N1318	opposes 1.0		favors 0.5260389903954606 opposes 0.45089384912489106 __DUMMY__ 0.023067160479648144	true	0.5
N1315	favors 1.0	favors 1.0	favors 0.7305661802330634 opposes 0.26156839044617164 __DUMMY__ 0.007865429320764911	false	1.0
N1799	opposes 1.0		favors 0.5053248718297428 opposes 0.47186166395741924 __DUMMY__ 0.022813464212837805	true	0.5
N1316	favors 1.0	favors 1.0	favors 0.7643253150705044 opposes 0.22744991604907028 __DUMMY__ 0.008224768880425323	false	1.0
N1319	favors 1.0	favors 1.0	favors 0.7715202597850723 opposes 0.22031908290618946 __DUMMY__ 0.008160657308738165	false	1.0
N960	opposes 1.0		favors 0.5150292964721851 opposes 0.46169341256249463 __DUMMY__ 0.02327729096532033	true	0.5
N961	opposes 1.0		favors 0.517382476774107 opposes 0.4592840175836486 __DUMMY__ 0.023333505642244415	true	0.5
N962	favors 1.0	favors 1.0	favors 0.7764080093005571 opposes 0.21533056989904176 __DUMMY__ 0.008261420800401053	false	1.0
N967	opposes 1.0		favors 0.5129627918011482 opposes 0.4640069392876039 __DUMMY__ 0.023030268911247816	true	0.5
N1382	opposes 1.0		favors 0.5097513780499644 opposes 0.46700237404628087 __DUMMY__ 0.02324624790375475	true	0.5
N968	favors 1.0	favors 1.0	favors 0.7614458188871154 opposes 0.22995743904015933 __DUMMY__ 0.008596742072725308	false	1.0
N1383	opposes 1.0	opposes 1.0	opposes 0.716082781195994 favors 0.2758791212663426 __DUMMY__ 0.008038097537663338	false	1.0
N969	opposes 1.0	opposes 1.0	opposes 0.7175589248560869 favors 0.273966314352295 __DUMMY__ 0.008474760791618154	false	1.0
N1380	favors 1.0		favors 0.5178100955610772 opposes 0.45885929350035337 __DUMMY__ 0.02333061093856945	true	1.0
N1381	favors 1.0	favors 1.0	favors 0.7760858358967707 opposes 0.21564681556901755 __DUMMY__ 0.00826734853421176	false	1.0
N963	favors 1.0		favors 0.5096925357273939 opposes 0.46711209234843987 __DUMMY__ 0.023195371924166094	true	1.0
N1386	favors 1.0		favors 0.5141320521791933 opposes 0.46285277521475565 __DUMMY__ 0.023015172606050953	true	1.0
N1387	favors 1.0		favors 0.5476894574901742 opposes 0.4290674414930924 __DUMMY__ 0.023243101016733506	true	1.0
N964	favors 1.0		favors 0.5142018081062796 opposes 0.46372571164201565 __DUMMY__ 0.02207248025170476	true	1.0
N965	opposes 1.0		favors 0.5620320605130473 opposes 0.4157229223292756 __DUMMY__ 0.022245017157677276	true	0.5
N1384	favors 1.0	favors 1.0	favors 0.7691393170885032 opposes 0.22272999056459955 __DUMMY__ 0.008130692346897249	false	1.0
N966	favors 1.0	favors 1.0	favors 0.735487092382885 opposes 0.2563446241226287 __DUMMY__ 0.008168283494486391	false	1.0
N1385	opposes 1.0	opposes 1.0	opposes 0.7253095473023707 favors 0.26651209999714826 __DUMMY__ 0.008178352700481051	false	1.0
N1388	favors 1.0	favors 1.0	favors 0.7426495260990491 opposes 0.24890122158414132 __DUMMY__ 0.008449252316809609	false	1.0
N1389	opposes 1.0		favors 0.5299737390738714 opposes 0.44652154383547316 __DUMMY__ 0.02350471709065544	true	0.5
N950	favors 1.0		favors 0.5100233928178685 opposes 0.46709190635653175 __DUMMY__ 0.022884700825599836	true	1.0
N951	opposes 1.0		favors 0.5289311458822827 opposes 0.447592740809663 __DUMMY__ 0.02347611330805428	true	0.5
N956	opposes 1.0		favors 0.5048266075950519 opposes 0.4723608070451007 __DUMMY__ 0.02281258535984747	true	0.5
N1371	opposes 1.0	opposes 1.0	opposes 0.7209231197677393 favors 0.2709429956989193 __DUMMY__ 0.008133884533341428	false	1.0
N1372	favors 1.0		favors 0.52796131871712 opposes 0.4484389725740629 __DUMMY__ 0.023599708708817117	true	1.0
N957	favors 1.0		favors 0.5255309183733979 opposes 0.4513997783819567 __DUMMY__ 0.023069303244645182	true	1.0
N958	favors 1.0		favors 0.5662491762121483 opposes 0.41134654177925 __DUMMY__ 0.02240428200860166	true	1.0
N1370	opposes 1.0	opposes 1.0	opposes 0.7094975502758849 favors 0.28241459056547263 __DUMMY__ 0.008087859158642406	false	1.0
N959	favors 1.0		favors 0.5123426670379503 opposes 0.4646346233859216 __DUMMY__ 0.02302270957612826	true	1.0
N952	favors 1.0	favors 1.0	favors 0.750419587605868 opposes 0.24151727750928578 __DUMMY__ 0.00806313488484623	false	1.0
N1375	favors 1.0	favors 1.0	favors 0.7389536228490127 opposes 0.2526014869038913 __DUMMY__ 0.008444890247096094	false	1.0
N1376	opposes 1.0		favors 0.5254614987868862 opposes 0.45146317496779004 __DUMMY__ 0.023075326245323793	true	0.5
N953	opposes 1.0	opposes 1.0	opposes 0.7208336794208837 favors 0.2710366316249984 __DUMMY__ 0.008129688954117822	false	1.0
N954	opposes 1.0		opposes 0.48993992553604787 favors 0.4884228991489335 __DUMMY__ 0.021637175315018665	true	1.0
N1373	favors 1.0	favors 1.0	favors 0.7303612558798934 opposes 0.26176954684858156 __DUMMY__ 0.007869197271525071	false	1.0
N955	opposes 1.0	opposes 1.0	opposes 0.6967808225543252 favors 0.2949429087630983 __DUMMY__ 0.008276268682576512	false	1.0
N1374	favors 1.0		favors 0.5512499593420128 opposes 0.4261915808320545 __DUMMY__ 0.022558459825932627	true	1.0
N1379	favors 1.0		favors 0.5149080938939974 opposes 0.461804198933026 __DUMMY__ 0.023287707172976436	true	1.0
N1377	opposes 1.0	opposes 1.0	opposes 0.6893059252208261 favors 0.3025129695352971 __DUMMY__ 0.008181105243876753	false	1.0
N1378	favors 1.0	favors 1.0	favors 0.7434150014471832 opposes 0.2480974299523527 __DUMMY__ 0.008487568600464089	false	1.0
N981	opposes 1.0		favors 0.5099339049708558 opposes 0.46683256667162987 __DUMMY__ 0.023233528357514414	true	0.5
N982	opposes 1.0	opposes 1.0	opposes 0.716365279216932 favors 0.2755746702203486 __DUMMY__ 0.008060050562719412	false	1.0
N983	favors 1.0		favors 0.5589789976214603 opposes 0.4187254809785541 __DUMMY__ 0.022295521399985575	true	1.0
N500	opposes 1.0	opposes 1.0	opposes 0.7096983962920475 favors 0.28152299925929014 __DUMMY__ 0.008778604448662474	false	1.0
N984	favors 1.0		favors 0.49940704394840835 opposes 0.47816664987309004 __DUMMY__ 0.022426306178501616	true	1.0
N980	favors 1.0	favors 1.0	favors 0.7459205878873584 opposes 0.2454077686310354 __DUMMY__ 0.00867164348160631	false	1.0
N1360	opposes 1.0		favors 0.5151125415175155 opposes 0.4615872447724913 __DUMMY__ 0.023300213709993172	true	0.5
N505	favors 1.0	favors 1.0	favors 0.7708645857534213 opposes 0.22095519185594073 __DUMMY__ 0.008180222390637891	false	1.0
N989	opposes 1.0		favors 0.526790089532745 opposes 0.45089542340460614 __DUMMY__ 0.022314487062648766	true	0.5
N506	opposes 1.0		favors 0.5128651851785232 opposes 0.46406109808746676 __DUMMY__ 0.023073716734010114	true	0.5
N1361	favors 1.0		favors 0.5180812849847628 opposes 0.45858008805855344 __DUMMY__ 0.023338626956683765	true	1.0
N507	opposes 1.0		favors 0.5149023139691837 opposes 0.46176526169807386 __DUMMY__ 0.023332424332742508	true	0.5
N508	opposes 1.0		favors 0.517575077293226 opposes 0.45910176799211383 __DUMMY__ 0.02332315471466016	true	0.5
N501	opposes 1.0		favors 0.49327552857111884 opposes 0.4848994860619305 __DUMMY__ 0.021824985366950645	true	0.5
N985	opposes 1.0	opposes 1.0	opposes 0.7171338667415995 favors 0.27432340711871284 __DUMMY__ 0.008542726139687717	false	1.0
N1364	favors 1.0		favors 0.5650283180302659 opposes 0.41277278812440515 __DUMMY__ 0.022198893845328936	true	1.0
N502	favors 1.0	favors 1.0	favors 0.7639599113601926 opposes 0.22779046362516814 __DUMMY__ 0.008249625014639302	false	1.0
N986	opposes 1.0	opposes 1.0	opposes 0.6999826218320412 favors 0.29139134214599416 __DUMMY__ 0.008626036021964635	false	1.0
N1365	favors 1.0	favors 1.0	favors 0.7355956568452368 opposes 0.25624189058778835 __DUMMY__ 0.008162452566974787	false	1.0
N503	opposes 1.0		favors 0.505908840746263 opposes 0.4713344723222131 __DUMMY__ 0.022756686931524092	true	0.5
N987	opposes 1.0		favors 0.5108113834215403 opposes 0.46627749748048075 __DUMMY__ 0.022911119097979108	true	0.5
N1362	favors 1.0	favors 1.0	favors 0.7777530486774082 opposes 0.21399859263748028 __DUMMY__ 0.008248358685111434	false	1.0
N1363	opposes 1.0	opposes 1.0	opposes 0.7189996546695736 favors 0.2723757109727365 __DUMMY__ 0.008624634357689816	false	1.0
N504	favors 1.0		favors 0.5254798707187502 opposes 0.45142541141140524 __DUMMY__ 0.023094717869844475	true	1.0
N988	favors 1.0	favors 1.0	favors 0.7523176112906818 opposes 0.23894403006529313 __DUMMY__ 0.008738358644025142	false	1.0
N1368	opposes 1.0		favors 0.5115758126427181 opposes 0.4655497497439586 __DUMMY__ 0.02287443761332333	true	0.5
N1369	favors 1.0		favors 0.5287228103559577 opposes 0.44778096935841577 __DUMMY__ 0.023496220285626552	true	1.0
N1366	opposes 1.0		favors 0.5126628306918021 opposes 0.4643010756015666 __DUMMY__ 0.023036093706631424	true	0.5
N1367	opposes 1.0	opposes 1.0	opposes 0.6990909800716901 favors 0.2922900947744086 __DUMMY__ 0.008618925153901287	false	1.0
N509	favors 1.0		favors 0.5691002517343929 opposes 0.40830962233850315 __DUMMY__ 0.022590125927104007	true	1.0
N970	favors 1.0		favors 0.5288341794095893 opposes 0.44768436037511294 __DUMMY__ 0.02348146021529765	true	1.0
N971	opposes 1.0	opposes 1.0	opposes 0.7100412694939902 favors 0.2818340010081683 __DUMMY__ 0.008124729497841638	false	1.0
N972	favors 1.0		favors 0.5081239885515094 opposes 0.4695219282477055 __DUMMY__ 0.022354083200785097	true	1.0
N973	favors 1.0		favors 0.5277620744355518 opposes 0.44865459806032437 __DUMMY__ 0.023583327504123768	true	1.0
N978	opposes 1.0	opposes 1.0	opposes 0.690186278491594 favors 0.3016135966317625 __DUMMY__ 0.008200124876643497	false	1.0
N979	favors 1.0	favors 1.0	favors 0.743814286101184 opposes 0.24770472123047715 __DUMMY__ 0.008480992668338702	false	1.0
N1350	opposes 1.0		favors 0.5295497526977367 opposes 0.44694883758340154 __DUMMY__ 0.023501409718861693	true	0.5
N974	favors 1.0		favors 0.49230427881609506 opposes 0.4859001361737016 __DUMMY__ 0.021795585010203414	true	1.0
N1353	opposes 1.0	opposes 1.0	opposes 0.7087180750343367 favors 0.28246803435280193 __DUMMY__ 0.008813890612861322	false	1.0
N975	favors 1.0		favors 0.5500736644377464 opposes 0.42731468257574956 __DUMMY__ 0.02261165298650401	true	1.0
N1354	opposes 1.0		favors 0.49030825454743 opposes 0.48811817594370416 __DUMMY__ 0.02157356950886597	true	0.5
N976	favors 1.0	favors 1.0	favors 0.7389277503742957 opposes 0.2526258000415367 __DUMMY__ 0.00844644958416771	false	1.0
N1351	favors 1.0	favors 1.0	favors 0.7517985005158494 opposes 0.24015779973064963 __DUMMY__ 0.00804369975350101	false	1.0
N977	opposes 1.0		favors 0.5255850443932781 opposes 0.45133072313839484 __DUMMY__ 0.023084232468327033	true	0.5
N1352	opposes 1.0	opposes 1.0	opposes 0.7204555345905787 favors 0.27142859069380043 __DUMMY__ 0.008115874715620962	false	1.0
N1357	favors 1.0	favors 1.0	favors 0.7513414887807338 opposes 0.24018280088635963 __DUMMY__ 0.008475710332906533	false	1.0
N1358	favors 1.0		favors 0.5683298640581497 opposes 0.4093218223082855 __DUMMY__ 0.022348313633564973	true	1.0
N1355	favors 1.0	favors 1.0	favors 0.7655524649323847 opposes 0.22619923841963283 __DUMMY__ 0.00824829664798255	false	1.0
N1356	opposes 1.0		favors 0.5055770394413548 opposes 0.47162187642816517 __DUMMY__ 0.02280108413047999	true	0.5
N1359	favors 1.0		favors 0.5126234058986137 opposes 0.46434601932021435 __DUMMY__ 0.02303057478117193	true	1.0
N520	favors 1.0		favors 0.5285448972045784 opposes 0.44782545514863076 __DUMMY__ 0.023629647646790857	true	1.0
N521	favors 1.0	favors 1.0	favors 0.732761498627162 opposes 0.25929876369648813 __DUMMY__ 0.00793973767634987	false	1.0
N522	favors 1.0	favors 1.0	favors 0.7644762739227183 opposes 0.22723693310098547 __DUMMY__ 0.00828679297629615	false	1.0
N527	favors 1.0		favors 0.5183166380227081 opposes 0.45834472470448556 __DUMMY__ 0.023338637272806256	true	1.0
N528	favors 1.0		favors 0.5709390902757083 opposes 0.40640950856584723 __DUMMY__ 0.02265140115844438	true	1.0
N529	opposes 1.0	opposes 1.0	opposes 0.719148442803328 favors 0.2722215379983042 __DUMMY__ 0.00863001919836788	false	1.0
N523	favors 1.0	favors 1.0	favors 0.7393666045413143 opposes 0.25220583776564864 __DUMMY__ 0.008427557693037048	false	1.0
N524	opposes 1.0		favors 0.5261892694983306 opposes 0.4506872678792071 __DUMMY__ 0.023123462622462287	true	0.5
N525	opposes 1.0		favors 0.5653574719896627 opposes 0.4121906259251262 __DUMMY__ 0.022451902085211056	true	0.5
N526	favors 1.0	favors 1.0	favors 0.7452652940142415 opposes 0.2460994896458499 __DUMMY__ 0.008635216339908651	false	1.0
N992	favors 1.0		favors 0.48999464481331423 opposes 0.48825160482120566 __DUMMY__ 0.021753750365480204	true	1.0
N993	favors 1.0	favors 1.0	favors 0.7635744428516854 opposes 0.22813256097813375 __DUMMY__ 0.008292996170180963	false	1.0
N510	favors 1.0		favors 0.5092129322155278 opposes 0.46752551623872324 __DUMMY__ 0.023261551545749038	true	1.0
N994	favors 1.0		favors 0.5055725978204729 opposes 0.4716148488290146 __DUMMY__ 0.02281255335051246	true	1.0
N511	favors 1.0		favors 0.5148974437731821 opposes 0.4629728841922898 __DUMMY__ 0.022129672034528022	true	1.0
N995	opposes 1.0		favors 0.5258228304104904 opposes 0.45106219481540044 __DUMMY__ 0.023114974774109343	true	0.5
N990	favors 1.0	favors 1.0	favors 0.7407784648781311 opposes 0.2510625804354633 __DUMMY__ 0.008158954686405567	false	1.0
N991	favors 1.0	favors 1.0	favors 0.7520350803244575 opposes 0.23916492766862113 __DUMMY__ 0.008799992006921253	false	1.0
N516	opposes 1.0		favors 0.5127419711039951 opposes 0.4643735392566162 __DUMMY__ 0.022884489639388703	true	0.5
N517	favors 1.0	favors 1.0	favors 0.752840679724393 opposes 0.23841001096741857 __DUMMY__ 0.008749309308188504	false	1.0
N518	opposes 1.0	opposes 1.0	opposes 0.708548085213292 favors 0.28329283125822313 __DUMMY__ 0.008159083528484854	false	1.0
N519	favors 1.0		favors 0.5099835415378683 opposes 0.467616198720332 __DUMMY__ 0.02240025974179976	true	1.0
N996	opposes 1.0		favors 0.5643459296693846 opposes 0.41320049878781506 __DUMMY__ 0.022453571542800463	true	0.5
N512	opposes 1.0	opposes 1.0	opposes 0.6932746747583725 favors 0.29861711750791564 __DUMMY__ 0.008108207733711835	false	1.0
N997	favors 1.0	favors 1.0	favors 0.7452748972522338 opposes 0.24609961874064623 __DUMMY__ 0.008625484007119866	false	1.0
N513	favors 1.0	favors 1.0	favors 0.7366693279714558 opposes 0.2551018778335363 __DUMMY__ 0.008228794195007924	false	1.0
N514	opposes 1.0		favors 0.5144316577089959 opposes 0.46249433850170024 __DUMMY__ 0.023074003789303778	true	0.5
N998	favors 1.0	favors 1.0	favors 0.7457001679520762 opposes 0.24560613622988445 __DUMMY__ 0.008693695818039386	false	1.0
N999	opposes 1.0	opposes 1.0	opposes 0.6858392345228059 favors 0.30586599758451527 __DUMMY__ 0.008294767892678752	false	1.0
N515	opposes 1.0		favors 0.5465129195572411 opposes 0.4301958933075821 __DUMMY__ 0.023291187135176715	true	0.5
N541	favors 1.0	favors 1.0	favors 0.7648698832205123 opposes 0.22685427670045086 __DUMMY__ 0.008275840079036919	false	1.0
N542	opposes 1.0	opposes 1.0	opposes 0.720482862057547 favors 0.27108938624403567 __DUMMY__ 0.008427751698417278	false	1.0
N543	favors 1.0	favors 1.0	favors 0.7515235260297657 opposes 0.23998351698519957 __DUMMY__ 0.008492956985034718	false	1.0
N544	favors 1.0		favors 0.5662859887423125 opposes 0.41128145755026285 __DUMMY__ 0.02243255370742473	true	1.0
N540	opposes 1.0	opposes 1.0	opposes 0.7277306584341141 favors 0.26436337413021044 __DUMMY__ 0.007905967435675473	false	1.0
N549	favors 1.0		favors 0.5098208725550941 opposes 0.46692197329339785 __DUMMY__ 0.023257154151507933	true	1.0
N545	favors 1.0	favors 1.0	favors 0.7441902914147634 opposes 0.24731509881141872 __DUMMY__ 0.008494609773817849	false	1.0
N546	opposes 1.0	opposes 1.0	opposes 0.7165026298021776 favors 0.2748682918657055 __DUMMY__ 0.008629078332116865	false	1.0
N547	opposes 1.0	opposes 1.0	opposes 0.7143358482005366 favors 0.27698890301451184 __DUMMY__ 0.008675248784951484	false	1.0
N548	favors 1.0		favors 0.5718267950453575 opposes 0.4055746271278578 __DUMMY__ 0.02259857782678465	true	1.0
N530	opposes 1.0	opposes 1.0	opposes 0.7159602614420343 favors 0.27597039726304995 __DUMMY__ 0.008069341294915771	false	1.0
N531	opposes 1.0		favors 0.5598582650552716 opposes 0.41785793660285764 __DUMMY__ 0.02228379834187086	true	0.5
N532	opposes 1.0	opposes 1.0	opposes 0.7243867284975745 favors 0.2673836565238007 __DUMMY__ 0.00822961497862476	false	1.0
N533	favors 1.0	favors 1.0	favors 0.7435968164070184 opposes 0.24787161092389223 __DUMMY__ 0.008531572669089387	false	1.0
N1390	favors 1.0	favors 1.0	favors 0.7530139279934444 opposes 0.23889980815244394 __DUMMY__ 0.008086263854111639	false	1.0
N1393	opposes 1.0	opposes 1.0	opposes 0.7275755123017124 favors 0.2645202038905499 __DUMMY__ 0.00790428380773782	false	1.0
N538	opposes 1.0	opposes 1.0	opposes 0.7193095782006047 favors 0.2725359511179233 __DUMMY__ 0.008154470681471916	false	1.0
N539	opposes 1.0		favors 0.528884395937174 opposes 0.44749793440154645 __DUMMY__ 0.023617669661279463	true	0.5
N1394	opposes 1.0		favors 0.5528011880410582 opposes 0.42465853152819755 __DUMMY__ 0.022540280430744276	true	0.5
N1391	opposes 1.0	opposes 1.0	opposes 0.7194278302948923 favors 0.2724345221365133 __DUMMY__ 0.008137647568594412	false	1.0
N1392	opposes 1.0		favors 0.5288071246451217 opposes 0.44761104679089925 __DUMMY__ 0.02358182856397903	true	0.5
N534	favors 1.0		favors 0.5468785381021443 opposes 0.42984308419042655 __DUMMY__ 0.02327837770742905	true	1.0
N1397	favors 1.0	favors 1.0	favors 0.7720447086843372 opposes 0.21979276517833293 __DUMMY__ 0.008162526137329823	false	1.0
N535	favors 1.0		favors 0.5121203908635381 opposes 0.46500190828345883 __DUMMY__ 0.022877700853002975	true	1.0
N1398	favors 1.0		favors 0.5131794634620735 opposes 0.4637710303831366 __DUMMY__ 0.023049506154789807	true	1.0
N1395	opposes 1.0		favors 0.506301295686605 opposes 0.4709391463141874 __DUMMY__ 0.022759557999207654	true	0.5
N536	opposes 1.0		favors 0.5300242244373373 opposes 0.4464494852470888 __DUMMY__ 0.023526290315573982	true	0.5
N537	favors 1.0		favors 0.5302940240378187 opposes 0.4474116780369117 __DUMMY__ 0.022294297925269543	true	1.0
N1396	favors 1.0	favors 1.0	favors 0.7517000494380306 opposes 0.23982593192459312 __DUMMY__ 0.00847401863737642	false	1.0
N1399	opposes 1.0		favors 0.5153396628430773 opposes 0.46135490596361023 __DUMMY__ 0.023305431193312402	true	0.5
N563	opposes 1.0		favors 0.5668551521777342 opposes 0.4107147332361709 __DUMMY__ 0.022430114586094896	true	0.5
N564	opposes 1.0		favors 0.5127932375189141 opposes 0.4641691946305194 __DUMMY__ 0.023037567850566428	true	0.5
