N1742	opposes 1.0	opposes 1.0	opposes 0.6932155150741331 favors 0.30612832827942255 __DUMMY__ 6.561566464442184E-4	false	1.0
N1743	opposes 1.0	opposes 1.0	opposes 0.714545181019934 favors 0.2847323660699277 __DUMMY__ 7.224529101383595E-4	false	1.0
N1740	favors 1.0	favors 1.0	favors 0.747157132403745 opposes 0.25221672594381145 __DUMMY__ 6.26141652443568E-4	false	1.0
N1741	opposes 1.0	opposes 1.0	opposes 0.709619632695036 favors 0.2896467103068334 __DUMMY__ 7.336569981306099E-4	false	1.0
N1746	opposes 1.0	opposes 1.0	opposes 0.6899666447656202 favors 0.30940066390499277 __DUMMY__ 6.326913293869933E-4	false	1.0
N1747	opposes 1.0	opposes 1.0	opposes 0.7193482278057209 favors 0.2799414770848253 __DUMMY__ 7.102951094537042E-4	false	1.0
N1744	favors 1.0	favors 1.0	favors 0.7554064614462809 opposes 0.24387063700576683 __DUMMY__ 7.229015479521745E-4	false	1.0
N1745	favors 1.0	favors 1.0	favors 0.7594255574314906 opposes 0.2398645426117689 __DUMMY__ 7.098999567405311E-4	false	1.0
N1748	opposes 1.0	opposes 1.0	opposes 0.7104479568124485 favors 0.2888749086036157 __DUMMY__ 6.771345839356925E-4	false	1.0
N1749	favors 1.0	favors 1.0	favors 0.7762126587654217 opposes 0.2231503595827124 __DUMMY__ 6.369816518659181E-4	false	1.0
N1731	opposes 1.0	opposes 1.0	opposes 0.7196539879851774 favors 0.27971876540385854 __DUMMY__ 6.272466109640836E-4	false	1.0
N1732	opposes 1.0	opposes 1.0	opposes 0.6985378267372522 favors 0.300770809191896 __DUMMY__ 6.913640708517191E-4	false	1.0
N1730	favors 1.0	favors 1.0	favors 0.7500424314923791 opposes 0.24923731459794285 __DUMMY__ 7.202539096779494E-4	false	1.0
N1735	opposes 1.0	opposes 1.0	opposes 0.711781993842954 favors 0.2874782278693632 __DUMMY__ 7.397782876827346E-4	false	1.0
N1736	favors 1.0	favors 1.0	favors 0.7530740049151853 opposes 0.2461946752784094 __DUMMY__ 7.313198064054161E-4	false	1.0
N1733	opposes 1.0	opposes 1.0	opposes 0.7175406841911811 favors 0.2818442392722843 __DUMMY__ 6.150765365346326E-4	false	1.0
N1734	favors 1.0	favors 1.0	favors 0.7648593867457516 opposes 0.2344397745017295 __DUMMY__ 7.008387525188581E-4	false	1.0
N1739	favors 1.0	favors 1.0	favors 0.7706071890176038 opposes 0.22869486715795811 __DUMMY__ 6.979438244381149E-4	false	1.0
N1737	favors 1.0		favors 0.547575632255009 opposes 0.4439575889324891 __DUMMY__ 0.008466778812501921	true	1.0
N1738	opposes 1.0	opposes 1.0	opposes 0.7224739338293321 favors 0.27686814508935476 __DUMMY__ 6.579210813130849E-4	false	1.0
N1720	opposes 1.0	opposes 1.0	opposes 0.7191283299775718 favors 0.28027614852375965 __DUMMY__ 5.955214986685481E-4	false	1.0
N1721	opposes 1.0	opposes 1.0	opposes 0.7063934431653731 favors 0.29286367953684 __DUMMY__ 7.428772977868123E-4	false	1.0
N1724	favors 1.0	favors 1.0	favors 0.7566068085946739 opposes 0.24267052607981537 __DUMMY__ 7.226653255105824E-4	false	1.0
N1725	favors 1.0	favors 1.0	favors 0.7611786477881648 opposes 0.238122003045137 __DUMMY__ 6.993491666981574E-4	false	1.0
N1722	favors 1.0	favors 1.0	favors 0.7844024259755097 opposes 0.21493872581709622 __DUMMY__ 6.588482073941125E-4	false	1.0
N1723	favors 1.0	favors 1.0	favors 0.7573240988647137 opposes 0.24195752310434052 __DUMMY__ 7.183780309457337E-4	false	1.0
N1728	opposes 1.0	opposes 1.0	opposes 0.7054206616449599 favors 0.29388598676065775 __DUMMY__ 6.933515943825317E-4	false	1.0
N1729	favors 1.0	favors 1.0	favors 0.7844818520629806 opposes 0.21486919729961174 __DUMMY__ 6.489506374076932E-4	false	1.0
N1726	favors 1.0	favors 1.0	favors 0.7925831531840631 opposes 0.2068069023789754 __DUMMY__ 6.099444369614263E-4	false	1.0
N1727	opposes 1.0	opposes 1.0	opposes 0.718188511228213 favors 0.28111342366583525 __DUMMY__ 6.980651059515947E-4	false	1.0
N1710	favors 1.0	favors 1.0	favors 0.7500601182451044 opposes 0.2492049842279733 __DUMMY__ 7.348975269223149E-4	false	1.0
N1713	opposes 1.0	opposes 1.0	opposes 0.7161615680257112 favors 0.2832549549728528 __DUMMY__ 5.834770014360272E-4	false	1.0
N1714	favors 1.0	favors 1.0	favors 0.7682343806800149 opposes 0.2310795582845161 __DUMMY__ 6.86061035469078E-4	false	1.0
N1711	favors 1.0	favors 1.0	favors 0.7491475626105367 opposes 0.2502719486627544 __DUMMY__ 5.804887267089817E-4	false	1.0
N1712	favors 1.0	favors 1.0	favors 0.7785334991102535 opposes 0.22079171431516412 __DUMMY__ 6.747865745824072E-4	false	1.0
N1717	favors 1.0	favors 1.0	favors 0.7669257563967994 opposes 0.23239088013272322 __DUMMY__ 6.83363470477365E-4	false	1.0
N1718	opposes 1.0	opposes 1.0	opposes 0.7249348610952498 favors 0.2744350218161858 __DUMMY__ 6.301170885643202E-4	false	1.0
N1715	favors 1.0	favors 1.0	favors 0.7591834311281187 opposes 0.24004601738742215 __DUMMY__ 7.705514844592603E-4	false	1.0
N1716	favors 1.0		favors 0.532693654153968 opposes 0.4588526703774781 __DUMMY__ 0.00845367546855386	true	1.0
N1719	favors 1.0	favors 1.0	favors 0.7782622106497998 opposes 0.22102392680036337 __DUMMY__ 7.138625498367647E-4	false	1.0
N1782	favors 1.0	favors 1.0	favors 0.7555143959037637 opposes 0.24375655404310037 __DUMMY__ 7.290500531359776E-4	false	1.0
N1783	favors 1.0	favors 1.0	favors 0.755998355579083 opposes 0.24327635335459585 __DUMMY__ 7.25291066321171E-4	false	1.0
N1780	opposes 1.0	opposes 1.0	opposes 0.7095665753559935 favors 0.2896866729686604 __DUMMY__ 7.467516753460411E-4	false	1.0
N1781	opposes 1.0	opposes 1.0	opposes 0.6905452080423832 favors 0.3087796617334681 __DUMMY__ 6.751302241488132E-4	false	1.0
N1786	opposes 1.0	opposes 1.0	opposes 0.7186077807445003 favors 0.28068121253204054 __DUMMY__ 7.110067234591611E-4	false	1.0
N1302	favors 1.0	favors 1.0	favors 0.7613189880415164 opposes 0.23795800688884833 __DUMMY__ 7.230050696352097E-4	false	1.0
N1303	favors 1.0	favors 1.0	favors 0.7862942246159476 opposes 0.21305301218892808 __DUMMY__ 6.527631951242566E-4	false	1.0
N1787	opposes 1.0	opposes 1.0	opposes 0.7108967481328372 favors 0.288400066677755 __DUMMY__ 7.031851894077436E-4	false	1.0
N1300	favors 1.0	favors 1.0	favors 0.7569371529180253 opposes 0.2423324445510709 __DUMMY__ 7.30402530903776E-4	false	1.0
N1784	favors 1.0		favors 0.5421403196527042 opposes 0.44940339952057956 __DUMMY__ 0.008456280826716272	true	1.0
N1301	opposes 1.0	opposes 1.0	opposes 0.712809545403404 favors 0.28646636831317795 __DUMMY__ 7.24086283418042E-4	false	1.0
N1785	opposes 1.0	opposes 1.0	opposes 0.6840700333738329 favors 0.31529788011738524 __DUMMY__ 6.320865087818724E-4	false	1.0
N1306	opposes 1.0	opposes 1.0	opposes 0.6875838131440051 favors 0.31174464079268166 __DUMMY__ 6.715460633132914E-4	false	1.0
N1307	favors 1.0		favors 0.526375927847978 opposes 0.4651337336480448 __DUMMY__ 0.008490338503977018	true	1.0
N1304	favors 1.0	favors 1.0	favors 0.7519964829021616 opposes 0.24728812603588501 __DUMMY__ 7.153910619534344E-4	false	1.0
N1788	favors 1.0	favors 1.0	favors 0.7782775931547841 opposes 0.22106496164158654 __DUMMY__ 6.574452036293561E-4	false	1.0
N1789	opposes 1.0	opposes 1.0	opposes 0.7195589320838071 favors 0.27970331886255334 __DUMMY__ 7.377490536395677E-4	false	1.0
N1305	favors 1.0	favors 1.0	favors 0.7607558494817964 opposes 0.2385414766973276 __DUMMY__ 7.026738208760012E-4	false	1.0
N1308	opposes 1.0	opposes 1.0	opposes 0.7186609001858323 favors 0.2807144623962972 __DUMMY__ 6.246374178705507E-4	false	1.0
N1309	opposes 1.0	opposes 1.0	opposes 0.6949966153519642 favors 0.30431278836592496 __DUMMY__ 6.905962821108553E-4	false	1.0
N1771	favors 1.0	favors 1.0	favors 0.7744840629980493 opposes 0.22481927476679672 __DUMMY__ 6.966622351539762E-4	false	1.0
N1772	opposes 1.0	opposes 1.0	opposes 0.7172446105121865 favors 0.28213247745241105 __DUMMY__ 6.229120354024943E-4	false	1.0
N1770	opposes 1.0	opposes 1.0	opposes 0.7185968327281534 favors 0.2807703200084642 __DUMMY__ 6.328472633823449E-4	false	1.0
N1775	favors 1.0	favors 1.0	favors 0.7528621997601935 opposes 0.24639124124716028 __DUMMY__ 7.465589926461381E-4	false	1.0
N1776	favors 1.0	favors 1.0	favors 0.7635378487081995 opposes 0.23575610826225715 __DUMMY__ 7.060430295432101E-4	false	1.0
N1773	favors 1.0	favors 1.0	favors 0.7651608065809935 opposes 0.23413029312558037 __DUMMY__ 7.089002934261591E-4	false	1.0
N1774	opposes 1.0	opposes 1.0	opposes 0.7118519998118806 favors 0.28736433346717977 __DUMMY__ 7.836667209396277E-4	false	1.0
N1779	favors 1.0	favors 1.0	favors 0.7463009109954662 opposes 0.25306150079660367 __DUMMY__ 6.37588207930059E-4	false	1.0
N1777	favors 1.0	favors 1.0	favors 0.7404738926166908 opposes 0.25886754219132574 __DUMMY__ 6.585651919833633E-4	false	1.0
N1778	favors 1.0	favors 1.0	favors 0.7719853943877488 opposes 0.22729143885161818 __DUMMY__ 7.23166760633008E-4	false	1.0
N901	favors 1.0	favors 1.0	favors 0.7555611597059995 opposes 0.24370515576173918 __DUMMY__ 7.336845322614609E-4	false	1.0
N902	favors 1.0	favors 1.0	favors 0.7598456460940498 opposes 0.23943813425158234 __DUMMY__ 7.162196543678403E-4	false	1.0
N903	opposes 1.0	opposes 1.0	opposes 0.6871652792114518 favors 0.312206981644255 __DUMMY__ 6.277391442932303E-4	false	1.0
N904	opposes 1.0		favors 0.5251584617010137 opposes 0.46636683084729064 __DUMMY__ 0.008474707451695804	true	0.5
N1760	opposes 1.0	opposes 1.0	opposes 0.708858349065671 favors 0.2903970819358808 __DUMMY__ 7.445689984482444E-4	false	1.0
N1761	opposes 1.0	opposes 1.0	opposes 0.6907632619336679 favors 0.3085654674017913 __DUMMY__ 6.712706645408806E-4	false	1.0
N900	favors 1.0	favors 1.0	favors 0.7557064085412548 opposes 0.24356289899141553 __DUMMY__ 7.306924673296499E-4	false	1.0
N909	favors 1.0		favors 0.5656057712776698 opposes 0.425961410852416 __DUMMY__ 0.008432817869914316	true	1.0
N1764	favors 1.0	favors 1.0	favors 0.7594519891439058 opposes 0.23982397654080614 __DUMMY__ 7.24034315288162E-4	false	1.0
N1765	opposes 1.0	opposes 1.0	opposes 0.6835186211113076 favors 0.31585469351289724 __DUMMY__ 6.266853757951833E-4	false	1.0
N1762	favors 1.0	favors 1.0	favors 0.7557711373713761 opposes 0.24349745001784362 __DUMMY__ 7.314126107802012E-4	false	1.0
N1763	opposes 1.0		favors 0.5354911001330247 opposes 0.4560082062520261 __DUMMY__ 0.008500693614949102	true	0.5
N1768	favors 1.0	favors 1.0	favors 0.778783429820635 opposes 0.22057044932825723 __DUMMY__ 6.461208511077595E-4	false	1.0
N905	opposes 1.0	opposes 1.0	opposes 0.7107834041820865 favors 0.2885384213311754 __DUMMY__ 6.781744867380206E-4	false	1.0
N906	favors 1.0	favors 1.0	favors 0.776926747149168 opposes 0.2224381537345592 __DUMMY__ 6.350991162727404E-4	false	1.0
N1769	opposes 1.0	opposes 1.0	opposes 0.7195104124325928 favors 0.2797472730630008 __DUMMY__ 7.423145044063463E-4	false	1.0
N1766	opposes 1.0	opposes 1.0	opposes 0.7180776627539416 favors 0.28121305588707735 __DUMMY__ 7.092813589810835E-4	false	1.0
N907	opposes 1.0	opposes 1.0	opposes 0.7194944636200665 favors 0.2797679701574285 __DUMMY__ 7.375662225049086E-4	false	1.0
N908	opposes 1.0	opposes 1.0	opposes 0.7205512355891777 favors 0.278827453042909 __DUMMY__ 6.213113679133522E-4	false	1.0
N1767	opposes 1.0	opposes 1.0	opposes 0.7091362024916181 favors 0.29016251721026154 __DUMMY__ 7.012802981203634E-4	false	1.0
N1750	opposes 1.0	opposes 1.0	opposes 0.7194587859086268 favors 0.2798112574990462 __DUMMY__ 7.299565923270183E-4	false	1.0
N1753	favors 1.0	favors 1.0	favors 0.7649972368068386 opposes 0.23429378377224222 __DUMMY__ 7.089794209192342E-4	false	1.0
N1754	opposes 1.0	opposes 1.0	opposes 0.7123127730177012 favors 0.28691815989207814 __DUMMY__ 7.690670902207364E-4	false	1.0
N1751	opposes 1.0	opposes 1.0	opposes 0.7181607726034187 favors 0.28121920323398575 __DUMMY__ 6.200241625954443E-4	false	1.0
N1752	opposes 1.0	opposes 1.0	opposes 0.7175509489287837 favors 0.2818340906844788 __DUMMY__ 6.149603867375482E-4	false	1.0
N1757	favors 1.0	favors 1.0	favors 0.7409081255358564 opposes 0.2584293291368433 __DUMMY__ 6.625453273002992E-4	false	1.0
N1758	favors 1.0		favors 0.5659469339552498 opposes 0.42558542882165035 __DUMMY__ 0.008467637223099884	true	1.0
N1755	favors 1.0	favors 1.0	favors 0.7531461824775973 opposes 0.2461081584738829 __DUMMY__ 7.456590485196561E-4	false	1.0
N1756	favors 1.0	favors 1.0	favors 0.7640193056630643 opposes 0.23528084500149046 __DUMMY__ 6.998493354452077E-4	false	1.0
N1759	favors 1.0	favors 1.0	favors 0.7464922445898589 opposes 0.2528774748318601 __DUMMY__ 6.302805782809496E-4	false	1.0
N923	favors 1.0	favors 1.0	favors 0.7816248581291997 opposes 0.21773839947999987 __DUMMY__ 6.367423908004275E-4	false	1.0
N924	opposes 1.0	opposes 1.0	opposes 0.7196648144148702 favors 0.2796280165047192 __DUMMY__ 7.071690804105591E-4	false	1.0
N925	opposes 1.0	opposes 1.0	opposes 0.7098171660052885 favors 0.2894997108343196 __DUMMY__ 6.831231603918455E-4	false	1.0
N926	favors 1.0	favors 1.0	favors 0.776812313991372 opposes 0.22253656716408898 __DUMMY__ 6.511188445390995E-4	false	1.0
N1342	favors 1.0	favors 1.0	favors 0.7613798543694014 opposes 0.2378952049451753 __DUMMY__ 7.249406854232213E-4	false	1.0
N1343	favors 1.0	favors 1.0	favors 0.7838281802630264 opposes 0.21551664390886408 __DUMMY__ 6.551758281095507E-4	false	1.0
N920	favors 1.0	favors 1.0	favors 0.7555496581597188 opposes 0.24372485558357543 __DUMMY__ 7.254862567057414E-4	false	1.0
N921	favors 1.0	favors 1.0	favors 0.7556942926895809 opposes 0.24358312001066157 __DUMMY__ 7.225872997575283E-4	false	1.0
N1340	favors 1.0	favors 1.0	favors 0.7565380746107649 opposes 0.242730638799342 __DUMMY__ 7.312865898930572E-4	false	1.0
N1341	favors 1.0	favors 1.0	favors 0.7558888314701243 opposes 0.2433807192804928 __DUMMY__ 7.304492493829916E-4	false	1.0
N922	favors 1.0	favors 1.0	favors 0.759097325109866 opposes 0.2401873633942621 __DUMMY__ 7.153114958718469E-4	false	1.0
N1346	favors 1.0	favors 1.0	favors 0.7796750840686443 opposes 0.21966474751561355 __DUMMY__ 6.601684157422325E-4	false	1.0
N1347	opposes 1.0	opposes 1.0	opposes 0.7187543226843595 favors 0.2805059295323136 __DUMMY__ 7.39747783326876E-4	false	1.0
N1344	opposes 1.0	opposes 1.0	opposes 0.7176937934817337 favors 0.28158005469014613 __DUMMY__ 7.261518281202573E-4	false	1.0
N1345	opposes 1.0	opposes 1.0	opposes 0.7093477333126599 favors 0.2899692686829853 __DUMMY__ 6.829980043548664E-4	false	1.0
N927	opposes 1.0	opposes 1.0	opposes 0.7192419457966934 favors 0.2800307245303338 __DUMMY__ 7.273296729728558E-4	false	1.0
N928	favors 1.0	favors 1.0	favors 0.7499663037138633 opposes 0.24940348144907312 __DUMMY__ 6.302148370636098E-4	false	1.0
N929	favors 1.0	favors 1.0	favors 0.7730415249142948 opposes 0.2262676655126915 __DUMMY__ 6.908095730137296E-4	false	1.0
N1348	favors 1.0	favors 1.0	favors 0.7784656263003134 opposes 0.22085937189395508 __DUMMY__ 6.750018057315943E-4	false	1.0
N1349	favors 1.0	favors 1.0	favors 0.7506965283030275 opposes 0.24870613385107113 __DUMMY__ 5.973378459014439E-4	false	1.0
N912	opposes 1.0	opposes 1.0	opposes 0.7130405802470574 favors 0.28619989599802065 __DUMMY__ 7.595237549218365E-4	false	1.0
N913	favors 1.0	favors 1.0	favors 0.7523858220305514 opposes 0.24687714788075654 __DUMMY__ 7.370300886919844E-4	false	1.0
N914	favors 1.0	favors 1.0	favors 0.7624094027276188 opposes 0.23689247899904328 __DUMMY__ 6.981182733379045E-4	false	1.0
N915	favors 1.0	favors 1.0	favors 0.7422639110843723 opposes 0.2570811178130256 __DUMMY__ 6.549711026020697E-4	false	1.0
N1331	favors 1.0	favors 1.0	favors 0.7669141741437705 opposes 0.23237423614980734 __DUMMY__ 7.115897064222157E-4	false	1.0
N1332	favors 1.0	favors 1.0	favors 0.7615802326843741 opposes 0.23765879092378162 __DUMMY__ 7.609763918441846E-4	false	1.0
N910	opposes 1.0	opposes 1.0	opposes 0.7190077993168669 favors 0.2803880346236452 __DUMMY__ 6.041660594879389E-4	false	1.0
N1330	opposes 1.0	opposes 1.0	opposes 0.7135344899326856 favors 0.28582111387324066 __DUMMY__ 6.443961940737249E-4	false	1.0
N911	favors 1.0	favors 1.0	favors 0.764397779786769 opposes 0.23490242208303871 __DUMMY__ 6.99798130192254E-4	false	1.0
N1335	opposes 1.0		favors 0.525616523265873 opposes 0.4659914849603087 __DUMMY__ 0.008391991773818358	true	0.5
N1336	favors 1.0	favors 1.0	favors 0.7740333604531426 opposes 0.22525905775755703 __DUMMY__ 7.075817893003747E-4	false	1.0
N1333	favors 1.0	favors 1.0	favors 0.7548422815751867 opposes 0.24441182289792346 __DUMMY__ 7.458955268898553E-4	false	1.0
N1334	favors 1.0	favors 1.0	favors 0.7645658183673196 opposes 0.2347256048485314 __DUMMY__ 7.085767841489979E-4	false	1.0
N1339	opposes 1.0	opposes 1.0	opposes 0.6896359058259526 favors 0.30970159522268204 __DUMMY__ 6.624989513653172E-4	false	1.0
N916	favors 1.0	favors 1.0	favors 0.7705620510280069 opposes 0.22872455097845534 __DUMMY__ 7.133979935378175E-4	false	1.0
N917	favors 1.0	favors 1.0	favors 0.7458666729740406 opposes 0.2535128016196446 __DUMMY__ 6.205254063146724E-4	false	1.0
N1337	favors 1.0		favors 0.525849264630011 opposes 0.4658536926271846 __DUMMY__ 0.008297042742804291	true	1.0
N918	opposes 1.0		favors 0.5435498611725348 opposes 0.4479043963159988 __DUMMY__ 0.008545742511466342	true	0.5
N1338	opposes 1.0		favors 0.5463500819938996 opposes 0.44509006610737833 __DUMMY__ 0.00855985189872217	true	0.5
N919	opposes 1.0	opposes 1.0	opposes 0.6919688210483291 favors 0.3073603420319704 __DUMMY__ 6.708369197005939E-4	false	1.0
N940	opposes 1.0		favors 0.5341612034203392 opposes 0.45734252099355305 __DUMMY__ 0.00849627558610773	true	0.5
N945	favors 1.0	favors 1.0	favors 0.7563206429591993 opposes 0.2430083913029977 __DUMMY__ 6.709657378029324E-4	false	1.0
N946	opposes 1.0	opposes 1.0	opposes 0.6897402834600825 favors 0.3096112359936059 __DUMMY__ 6.484805463114476E-4	false	1.0
N947	favors 1.0	favors 1.0	favors 0.7493751218561476 opposes 0.24989770252298102 __DUMMY__ 7.271756208714191E-4	false	1.0
N948	opposes 1.0	opposes 1.0	opposes 0.7197924447914928 favors 0.2796188301619909 __DUMMY__ 5.887250465162931E-4	false	1.0
N941	opposes 1.0	opposes 1.0	opposes 0.7148138966679026 favors 0.2844701467199444 __DUMMY__ 7.159566121530027E-4	false	1.0
N1320	opposes 1.0	opposes 1.0	opposes 0.7139321219111834 favors 0.28534491034938964 __DUMMY__ 7.229677394269501E-4	false	1.0
N1321	favors 1.0	favors 1.0	favors 0.7558256206258553 opposes 0.24345578015810923 __DUMMY__ 7.185992160355249E-4	false	1.0
N942	opposes 1.0	opposes 1.0	opposes 0.7095368375773672 favors 0.28975338395486533 __DUMMY__ 7.097784677674035E-4	false	1.0
N943	favors 1.0	favors 1.0	favors 0.7832784902025102 opposes 0.2160838410062142 __DUMMY__ 6.376687912755907E-4	false	1.0
N944	favors 1.0	favors 1.0	favors 0.7507520208037497 opposes 0.24854416723487902 __DUMMY__ 7.038119613712076E-4	false	1.0
N1324	opposes 1.0	opposes 1.0	opposes 0.7192621419414997 favors 0.2800331997579772 __DUMMY__ 7.046583005229676E-4	false	1.0
N1325	opposes 1.0	opposes 1.0	opposes 0.709637646986887 favors 0.28967487554255966 __DUMMY__ 6.874774705531812E-4	false	1.0
N1322	favors 1.0	favors 1.0	favors 0.7597484218950186 opposes 0.23953827214218476 __DUMMY__ 7.133059627966248E-4	false	1.0
N1323	favors 1.0	favors 1.0	favors 0.784946615289732 opposes 0.21442128354661166 __DUMMY__ 6.321011636564038E-4	false	1.0
N1328	opposes 1.0	opposes 1.0	opposes 0.7165172080446766 favors 0.28283456807388 __DUMMY__ 6.482238814434466E-4	false	1.0
N949	favors 1.0	favors 1.0	favors 0.7762666449741636 opposes 0.22305489430772205 __DUMMY__ 6.784607181143644E-4	false	1.0
N1329	favors 1.0	favors 1.0	favors 0.7741600959389295 opposes 0.22513236730071737 __DUMMY__ 7.07536760353158E-4	false	1.0
N1326	favors 1.0	favors 1.0	favors 0.7790301717278265 opposes 0.22031382347516476 __DUMMY__ 6.560047970086952E-4	false	1.0
N1327	opposes 1.0	opposes 1.0	opposes 0.7190979752216196 favors 0.28017484928116193 __DUMMY__ 7.271754972184573E-4	false	1.0
N934	opposes 1.0	opposes 1.0	opposes 0.7065596739809983 favors 0.2927464488856738 __DUMMY__ 6.938771333278598E-4	false	1.0
N935	opposes 1.0	opposes 1.0	opposes 0.7208871177199898 favors 0.27844138622133513 __DUMMY__ 6.714960586750228E-4	false	1.0
N1790	favors 1.0	favors 1.0	favors 0.7510170168537449 opposes 0.2483541167340968 __DUMMY__ 6.288664121582148E-4	false	1.0
N936	opposes 1.0	opposes 1.0	opposes 0.6969332424989956 favors 0.30235871189815383 __DUMMY__ 7.080456028505225E-4	false	1.0
N937	opposes 1.0	opposes 1.0	opposes 0.7206152633539045 favors 0.2787469723988265 __DUMMY__ 6.37764247268959E-4	false	1.0
N930	favors 1.0	favors 1.0	favors 0.7525543621184541 opposes 0.24681514214269168 __DUMMY__ 6.304957388541905E-4	false	1.0
N1793	opposes 1.0	opposes 1.0	opposes 0.7040405497286658 favors 0.2952588142792778 __DUMMY__ 7.006359920563595E-4	false	1.0
N931	opposes 1.0	opposes 1.0	opposes 0.7037210563399161 favors 0.295578039860573 __DUMMY__ 7.009037995108432E-4	false	1.0
N1310	opposes 1.0	opposes 1.0	opposes 0.7169340241861599 favors 0.28244622971672545 __DUMMY__ 6.197460971146067E-4	false	1.0
N1794	favors 1.0	favors 1.0	favors 0.7583853787803879 opposes 0.24086024426957658 __DUMMY__ 7.543769500353856E-4	false	1.0
N932	favors 1.0	favors 1.0	favors 0.7594208341987038 opposes 0.23982416596241202 __DUMMY__ 7.549998388841706E-4	false	1.0
N1791	favors 1.0	favors 1.0	favors 0.7750983327112438 opposes 0.22421128114990085 __DUMMY__ 6.903861388552628E-4	false	1.0
N1792	favors 1.0	favors 1.0	favors 0.7511553406224759 opposes 0.2482244092983671 __DUMMY__ 6.202500791570545E-4	false	1.0
N933	opposes 1.0	opposes 1.0	opposes 0.7150222850648614 favors 0.28424521488093546 __DUMMY__ 7.32500054203139E-4	false	1.0
N1797	opposes 1.0	opposes 1.0	opposes 0.7236641024568271 favors 0.27567185476707234 __DUMMY__ 6.640427761005014E-4	false	1.0
N1313	favors 1.0	favors 1.0	favors 0.7533065564237964 opposes 0.24595821326173098 __DUMMY__ 7.352303144725754E-4	false	1.0
N1314	favors 1.0	favors 1.0	favors 0.763673704293297 opposes 0.23562672779403862 __DUMMY__ 6.995679126643569E-4	false	1.0
N1798	favors 1.0	favors 1.0	favors 0.7729143198107105 opposes 0.22637885202781685 __DUMMY__ 7.068281614725964E-4	false	1.0
N1311	favors 1.0	favors 1.0	favors 0.7655671749992519 opposes 0.2337330580712768 __DUMMY__ 6.997669294713345E-4	false	1.0
N1795	opposes 1.0	opposes 1.0	opposes 0.714727364001416 favors 0.28453662257660517 __DUMMY__ 7.360134219789005E-4	false	1.0
N1312	opposes 1.0	opposes 1.0	opposes 0.7114771368562662 favors 0.28775149422996943 __DUMMY__ 7.713689137643353E-4	false	1.0
N1796	opposes 1.0	opposes 1.0	opposes 0.7055591253924937 favors 0.2937471425242626 __DUMMY__ 6.937320832437813E-4	false	1.0
N1317	favors 1.0	favors 1.0	favors 0.7466224124080617 opposes 0.25274847550362073 __DUMMY__ 6.291120883176993E-4	false	1.0
N938	favors 1.0	favors 1.0	favors 0.7608458359915274 opposes 0.23842272204045 __DUMMY__ 7.314419680226455E-4	false	1.0
N939	favors 1.0	favors 1.0	favors 0.7793535898371015 opposes 0.21998072383836792 __DUMMY__ 6.656863245306908E-4	false	1.0
N1318	opposes 1.0	opposes 1.0	opposes 0.7090027218501315 favors 0.29026226587551096 __DUMMY__ 7.350122743576175E-4	false	1.0
N1315	favors 1.0	favors 1.0	favors 0.7426492694891189 opposes 0.2566917496440167 __DUMMY__ 6.589808668643337E-4	false	1.0
N1799	opposes 1.0	opposes 1.0	opposes 0.7209121523478771 favors 0.2784561053501348 __DUMMY__ 6.31742301988069E-4	false	1.0
N1316	favors 1.0	favors 1.0	favors 0.7727847638207844 opposes 0.2265048047687474 __DUMMY__ 7.104314104681524E-4	false	1.0
N1319	favors 1.0	favors 1.0	favors 0.7793690452662122 opposes 0.2199643776971494 __DUMMY__ 6.66577036638335E-4	false	1.0
N960	opposes 1.0	opposes 1.0	opposes 0.7132173271889485 favors 0.28605896833714967 __DUMMY__ 7.237044739018317E-4	false	1.0
N961	opposes 1.0	opposes 1.0	opposes 0.7080511930231163 favors 0.29123868572284883 __DUMMY__ 7.101212540350269E-4	false	1.0
N962	favors 1.0	favors 1.0	favors 0.7881528348288918 opposes 0.21123140075803995 __DUMMY__ 6.157644130682448E-4	false	1.0
N967	opposes 1.0	opposes 1.0	opposes 0.717890366365441 favors 0.2814933827747286 __DUMMY__ 6.162508598304877E-4	false	1.0
N1382	opposes 1.0	opposes 1.0	opposes 0.718598720037754 favors 0.28068038383658495 __DUMMY__ 7.20896125660967E-4	false	1.0
N968	favors 1.0	favors 1.0	favors 0.7734380114081877 opposes 0.22587773552840895 __DUMMY__ 6.842530634034819E-4	false	1.0
N1383	opposes 1.0	opposes 1.0	opposes 0.709226885637005 favors 0.29006688392667646 __DUMMY__ 7.062304363186467E-4	false	1.0
N969	opposes 1.0	opposes 1.0	opposes 0.716899192707262 favors 0.28249240440304846 __DUMMY__ 6.084028896896298E-4	false	1.0
N1380	favors 1.0	favors 1.0	favors 0.7599353004496194 opposes 0.23933929308589771 __DUMMY__ 7.25406464482887E-4	false	1.0
N1381	favors 1.0	favors 1.0	favors 0.7857515444541294 opposes 0.21360294772889288 __DUMMY__ 6.455078169776638E-4	false	1.0
N963	favors 1.0	favors 1.0	favors 0.7505905049354199 opposes 0.24871352463129415 __DUMMY__ 6.95970433285926E-4	false	1.0
N1386	favors 1.0		favors 0.5281116582426935 opposes 0.4635616467414181 __DUMMY__ 0.00832669501588838	true	1.0
N1387	favors 1.0	favors 1.0	favors 0.7743594136186203 opposes 0.22493591022701212 __DUMMY__ 7.046761543676052E-4	false	1.0
N964	favors 1.0	favors 1.0	favors 0.7581280611180302 opposes 0.2411805365755656 __DUMMY__ 6.914023064041192E-4	false	1.0
N1384	favors 1.0	favors 1.0	favors 0.7796834900573465 opposes 0.21964677607951216 __DUMMY__ 6.697338631412791E-4	false	1.0
N965	opposes 1.0	opposes 1.0	opposes 0.6862303169993444 favors 0.31312216155776806 __DUMMY__ 6.475214428874654E-4	false	1.0
N966	favors 1.0	favors 1.0	favors 0.7491762350659507 opposes 0.2500968208902315 __DUMMY__ 7.269440438177307E-4	false	1.0
N1385	opposes 1.0	opposes 1.0	opposes 0.719728409583069 favors 0.27952813781719715 __DUMMY__ 7.434525997337717E-4	false	1.0
N1388	favors 1.0	favors 1.0	favors 0.7540843572989088 opposes 0.24527833232691987 __DUMMY__ 6.37310374171309E-4	false	1.0
N1389	opposes 1.0	opposes 1.0	opposes 0.7030083686935226 favors 0.296281712332093 __DUMMY__ 7.099189743844886E-4	false	1.0
N950	favors 1.0	favors 1.0	favors 0.7490315868730566 opposes 0.2503807538672078 __DUMMY__ 5.876592597355944E-4	false	1.0
N951	opposes 1.0	opposes 1.0	opposes 0.7025234556570639 favors 0.2967831888668494 __DUMMY__ 6.933554760867621E-4	false	1.0
N956	opposes 1.0	opposes 1.0	opposes 0.7216236984510127 favors 0.2777703533365371 __DUMMY__ 6.059482124503077E-4	false	1.0
N1371	opposes 1.0	opposes 1.0	opposes 0.7159391028316157 favors 0.283308979230248 __DUMMY__ 7.519179381362933E-4	false	1.0
N1372	favors 1.0	favors 1.0	favors 0.7638227598014335 opposes 0.23547070553704214 __DUMMY__ 7.065346615243162E-4	false	1.0
N957	favors 1.0	favors 1.0	favors 0.7620325436263226 opposes 0.23722594288185447 __DUMMY__ 7.415134918230511E-4	false	1.0
N958	favors 1.0	favors 1.0	favors 0.7808267210271487 opposes 0.21850317256061563 __DUMMY__ 6.701064122357102E-4	false	1.0
N1370	opposes 1.0	opposes 1.0	opposes 0.711821239013434 favors 0.28738615953853264 __DUMMY__ 7.926014480333394E-4	false	1.0
N959	favors 1.0	favors 1.0	favors 0.7562598027694206 opposes 0.24301368870246423 __DUMMY__ 7.265085281152219E-4	false	1.0
N952	favors 1.0	favors 1.0	favors 0.7563460791651525 opposes 0.2428790050429622 __DUMMY__ 7.749157918852244E-4	false	1.0
N1375	favors 1.0	favors 1.0	favors 0.745950130953911 opposes 0.2534197808713618 __DUMMY__ 6.300881747270957E-4	false	1.0
N1376	opposes 1.0		favors 0.5454961766477439 opposes 0.4459358809963032 __DUMMY__ 0.008567942355952946	true	0.5
N953	opposes 1.0	opposes 1.0	opposes 0.7155298429072833 favors 0.28372757308884905 __DUMMY__ 7.425840038676836E-4	false	1.0
N954	opposes 1.0	opposes 1.0	opposes 0.7265578717517465 favors 0.2728099578283935 __DUMMY__ 6.321704198600997E-4	false	1.0
N1373	favors 1.0	favors 1.0	favors 0.7412041628926013 opposes 0.25812883403970616 __DUMMY__ 6.670030676925366E-4	false	1.0
N955	opposes 1.0	opposes 1.0	opposes 0.694274990974973 favors 0.30500547285787466 __DUMMY__ 7.195361671522741E-4	false	1.0
N1374	favors 1.0	favors 1.0	favors 0.7727210697369372 opposes 0.22654850181030234 __DUMMY__ 7.304284527603776E-4	false	1.0
N1379	favors 1.0	favors 1.0	favors 0.7558194835566862 opposes 0.24344943305444075 __DUMMY__ 7.310833888730896E-4	false	1.0
N1377	opposes 1.0	opposes 1.0	opposes 0.6894969820505255 favors 0.3098205646911965 __DUMMY__ 6.824532582780327E-4	false	1.0
N1378	favors 1.0	favors 1.0	favors 0.7555295358095826 opposes 0.24373521148513 __DUMMY__ 7.352527052873898E-4	false	1.0
N981	opposes 1.0	opposes 1.0	opposes 0.7187250907746449 favors 0.2805795014688935 __DUMMY__ 6.954077564616485E-4	false	1.0
N982	opposes 1.0	opposes 1.0	opposes 0.7094116386180418 favors 0.2899106850923021 __DUMMY__ 6.776762896561115E-4	false	1.0
N983	favors 1.0	favors 1.0	favors 0.7780478009379588 opposes 0.22130697842835825 __DUMMY__ 6.452206336829098E-4	false	1.0
N500	opposes 1.0	opposes 1.0	opposes 0.7082937120306602 favors 0.29100548541856225 __DUMMY__ 7.008025507775749E-4	false	1.0
N984	favors 1.0	favors 1.0	favors 0.7495720076415044 opposes 0.24970727577660587 __DUMMY__ 7.207165818895998E-4	false	1.0
N980	favors 1.0	favors 1.0	favors 0.7598837558503277 opposes 0.23940897866279648 __DUMMY__ 7.072654868757562E-4	false	1.0
N505	favors 1.0	favors 1.0	favors 0.7767494520108359 opposes 0.22258812159631408 __DUMMY__ 6.624263928500653E-4	false	1.0
N989	opposes 1.0	opposes 1.0	opposes 0.7116167015190571 favors 0.28764234489783375 __DUMMY__ 7.409535831092755E-4	false	1.0
N1360	opposes 1.0	opposes 1.0	opposes 0.7125491027674719 favors 0.2867305962410705 __DUMMY__ 7.203009914577171E-4	false	1.0
N506	opposes 1.0	opposes 1.0	opposes 0.7150085500166683 favors 0.2842700149981245 __DUMMY__ 7.214349852072073E-4	false	1.0
N1361	favors 1.0	favors 1.0	favors 0.761390173358205 opposes 0.23790463608001186 __DUMMY__ 7.051905617830654E-4	false	1.0
N507	opposes 1.0	opposes 1.0	opposes 0.7152749729607403 favors 0.28400192602486873 __DUMMY__ 7.231010143909244E-4	false	1.0
N508	opposes 1.0	opposes 1.0	opposes 0.7096719109613129 favors 0.2896146870724525 __DUMMY__ 7.134019662345642E-4	false	1.0
N501	opposes 1.0		favors 0.5230198523206198 opposes 0.46859626659119236 __DUMMY__ 0.00838388108818789	true	0.5
N985	opposes 1.0	opposes 1.0	opposes 0.7182314059267377 favors 0.2811623137923917 __DUMMY__ 6.062802808705855E-4	false	1.0
N1364	favors 1.0	favors 1.0	favors 0.7846604177420211 opposes 0.21470027270349737 __DUMMY__ 6.393095544816348E-4	false	1.0
N502	favors 1.0	favors 1.0	favors 0.7707585820148256 opposes 0.22853932391688372 __DUMMY__ 7.020940682905919E-4	false	1.0
N986	opposes 1.0	opposes 1.0	opposes 0.6966941496016192 favors 0.3026299602397279 __DUMMY__ 6.75890158652791E-4	false	1.0
N1365	favors 1.0	favors 1.0	favors 0.7501731427167789 opposes 0.2491054048857779 __DUMMY__ 7.214523974431846E-4	false	1.0
N503	opposes 1.0	opposes 1.0	opposes 0.7196497798075719 favors 0.27970795766188905 __DUMMY__ 6.422625305390232E-4	false	1.0
N987	opposes 1.0	opposes 1.0	opposes 0.7169309115697386 favors 0.2824705217938976 __DUMMY__ 5.985666363637797E-4	false	1.0
N1362	favors 1.0	favors 1.0	favors 0.7918928551970268 opposes 0.20749518130475805 __DUMMY__ 6.119634982150951E-4	false	1.0
N1363	opposes 1.0	opposes 1.0	opposes 0.7182573151955622 favors 0.28103832320113364 __DUMMY__ 7.043616033040585E-4	false	1.0
N504	favors 1.0	favors 1.0	favors 0.7604352045805125 opposes 0.23882950075364467 __DUMMY__ 7.352946658427382E-4	false	1.0
N988	favors 1.0	favors 1.0	favors 0.764341809810721 opposes 0.23496776477230122 __DUMMY__ 6.904254169778959E-4	false	1.0
N1368	opposes 1.0	opposes 1.0	opposes 0.7179873577516598 favors 0.2813958631384077 __DUMMY__ 6.167791099323875E-4	false	1.0
N1369	favors 1.0		favors 0.5531277119458585 opposes 0.4384065170625932 __DUMMY__ 0.008465770991548348	true	1.0
N1366	opposes 1.0	opposes 1.0	opposes 0.7190522471278596 favors 0.2803230373964721 __DUMMY__ 6.247154756683035E-4	false	1.0
N1367	opposes 1.0	opposes 1.0	opposes 0.6942520771979688 favors 0.3050506453025585 __DUMMY__ 6.972774994727452E-4	false	1.0
N509	favors 1.0	favors 1.0	favors 0.7801186087190058 opposes 0.2192332795821106 __DUMMY__ 6.481116988835571E-4	false	1.0
N970	favors 1.0	favors 1.0	favors 0.7650115109811267 opposes 0.23429396628040744 __DUMMY__ 6.945227384658627E-4	false	1.0
N971	opposes 1.0	opposes 1.0	opposes 0.711632765342805 favors 0.28762535194164274 __DUMMY__ 7.418827155523049E-4	false	1.0
N972	favors 1.0	favors 1.0	favors 0.7532139762445363 opposes 0.24605804524285202 __DUMMY__ 7.279785126115826E-4	false	1.0
N973	favors 1.0	favors 1.0	favors 0.7632796070800376 opposes 0.23603345658615787 __DUMMY__ 6.8693633380448E-4	false	1.0
N978	opposes 1.0	opposes 1.0	opposes 0.6917902059569007 favors 0.3075428788663511 __DUMMY__ 6.669151767482983E-4	false	1.0
N979	favors 1.0	favors 1.0	favors 0.7558611241195277 opposes 0.2434218815594444 __DUMMY__ 7.169943210279923E-4	false	1.0
N1350	opposes 1.0	opposes 1.0	opposes 0.7011257855735857 favors 0.29818476408848577 __DUMMY__ 6.89450337928455E-4	false	1.0
N974	favors 1.0	favors 1.0	favors 0.7460387580837696 opposes 0.2533139870872559 __DUMMY__ 6.472548289745396E-4	false	1.0
N1353	opposes 1.0	opposes 1.0	opposes 0.7027552665860317 favors 0.2965558901190168 __DUMMY__ 6.888432949514685E-4	false	1.0
N975	favors 1.0	favors 1.0	favors 0.7716531587783498 opposes 0.22764188550424697 __DUMMY__ 7.049557174031993E-4	false	1.0
N1354	opposes 1.0	opposes 1.0	opposes 0.7246110191237126 favors 0.2747394378874744 __DUMMY__ 6.49542988813034E-4	false	1.0
N976	favors 1.0	favors 1.0	favors 0.7477137236444196 opposes 0.2516698022124291 __DUMMY__ 6.164741431512396E-4	false	1.0
N1351	favors 1.0	favors 1.0	favors 0.7601525908231327 opposes 0.23907827267264609 __DUMMY__ 7.691365042212493E-4	false	1.0
N977	opposes 1.0	opposes 1.0	opposes 0.7090824962133256 favors 0.2901883673228284 __DUMMY__ 7.291364638460558E-4	false	1.0
N1352	opposes 1.0	opposes 1.0	opposes 0.7137320948680388 favors 0.2855319228883684 __DUMMY__ 7.359822435927713E-4	false	1.0
N1357	favors 1.0	favors 1.0	favors 0.7631779204949576 opposes 0.23608233479218962 __DUMMY__ 7.397447128527866E-4	false	1.0
N1358	favors 1.0	favors 1.0	favors 0.7842242351102734 opposes 0.2151151759528887 __DUMMY__ 6.605889368378786E-4	false	1.0
N1355	favors 1.0	favors 1.0	favors 0.7779095632433889 opposes 0.2213744991222556 __DUMMY__ 7.159376343553892E-4	false	1.0
N1356	opposes 1.0	opposes 1.0	opposes 0.7205262157054731 favors 0.27885931617934784 __DUMMY__ 6.144681151789907E-4	false	1.0
N1359	favors 1.0	favors 1.0	favors 0.7570621404733331 opposes 0.24221884106650254 __DUMMY__ 7.190184601643535E-4	false	1.0
N520	favors 1.0	favors 1.0	favors 0.7630070597220527 opposes 0.23630398944389006 __DUMMY__ 6.889508340572875E-4	false	1.0
N521	favors 1.0	favors 1.0	favors 0.749600148506607 opposes 0.24972612093396643 __DUMMY__ 6.737305594265544E-4	false	1.0
N522	favors 1.0	favors 1.0	favors 0.7719374565520853 opposes 0.22735621301519754 __DUMMY__ 7.063304327170686E-4	false	1.0
N527	favors 1.0	favors 1.0	favors 0.760053301742857 opposes 0.23924443238291185 __DUMMY__ 7.022658742312378E-4	false	1.0
N528	favors 1.0	favors 1.0	favors 0.7821304240282891 opposes 0.21721570411725274 __DUMMY__ 6.538718544579924E-4	false	1.0
N529	opposes 1.0	opposes 1.0	opposes 0.7190829032950556 favors 0.28021439629993283 __DUMMY__ 7.027004050115379E-4	false	1.0
N523	favors 1.0	favors 1.0	favors 0.7492623105612214 opposes 0.250104982007058 __DUMMY__ 6.327074317207945E-4	false	1.0
N524	opposes 1.0	opposes 1.0	opposes 0.7095522229563328 favors 0.2897142600851808 __DUMMY__ 7.335169584863523E-4	false	1.0
N525	opposes 1.0	opposes 1.0	opposes 0.6917527278368847 favors 0.30758247848560694 __DUMMY__ 6.64793677508358E-4	false	1.0
N526	favors 1.0	favors 1.0	favors 0.7549918884370813 opposes 0.24430021312650976 __DUMMY__ 7.078984364088771E-4	false	1.0
N992	favors 1.0	favors 1.0	favors 0.7444094961445761 opposes 0.2549447273686599 __DUMMY__ 6.457764867639324E-4	false	1.0
N993	favors 1.0	favors 1.0	favors 0.7713007606386882 opposes 0.22800282283203208 __DUMMY__ 6.964165292796683E-4	false	1.0
N510	favors 1.0		favors 0.5251869484906395 opposes 0.46633474453349927 __DUMMY__ 0.008478306975861135	true	1.0
N994	favors 1.0	favors 1.0	favors 0.7477397611733084 opposes 0.25164252766696693 __DUMMY__ 6.177111597246482E-4	false	1.0
N511	favors 1.0	favors 1.0	favors 0.7569725438306925 opposes 0.24235512009671833 __DUMMY__ 6.723360725892247E-4	false	1.0
N995	opposes 1.0	opposes 1.0	opposes 0.7096304336976811 favors 0.28964408477139153 __DUMMY__ 7.254815309274444E-4	false	1.0
N990	favors 1.0	favors 1.0	favors 0.7516784727375476 opposes 0.24760040263234565 __DUMMY__ 7.211246301066371E-4	false	1.0
N991	favors 1.0	favors 1.0	favors 0.7627174255870913 opposes 0.2366008697312984 __DUMMY__ 6.817046816103126E-4	false	1.0
N516	opposes 1.0	opposes 1.0	opposes 0.7143811453750132 favors 0.2849875055044959 __DUMMY__ 6.313491204910421E-4	false	1.0
N517	favors 1.0	favors 1.0	favors 0.7654735102377936 opposes 0.23382954477900855 __DUMMY__ 6.969449831978298E-4	false	1.0
N518	opposes 1.0	opposes 1.0	opposes 0.7095464987006348 favors 0.2897076405757822 __DUMMY__ 7.458607235829466E-4	false	1.0
N519	favors 1.0	favors 1.0	favors 0.7539679597738431 opposes 0.24530641530762126 __DUMMY__ 7.256249185355844E-4	false	1.0
N512	opposes 1.0	opposes 1.0	opposes 0.6929495009172477 favors 0.30640204279734695 __DUMMY__ 6.484562854052649E-4	false	1.0
N996	opposes 1.0	opposes 1.0	opposes 0.6918813149178424 favors 0.3074655253622839 __DUMMY__ 6.531597198737147E-4	false	1.0
N997	favors 1.0	favors 1.0	favors 0.7552753758651515 opposes 0.24401096934715275 __DUMMY__ 7.136547876957928E-4	false	1.0
N513	favors 1.0	favors 1.0	favors 0.749638656450317 opposes 0.24963052821207818 __DUMMY__ 7.3081533760471E-4	false	1.0
N514	opposes 1.0	opposes 1.0	opposes 0.7178593605669223 favors 0.28150863955767297 __DUMMY__ 6.319998754047335E-4	false	1.0
N998	favors 1.0	favors 1.0	favors 0.7593547940489158 opposes 0.23994298372330308 __DUMMY__ 7.022222277811462E-4	false	1.0
N999	opposes 1.0	opposes 1.0	opposes 0.686741505628489 favors 0.31263594691955 __DUMMY__ 6.225474519609272E-4	false	1.0
N515	opposes 1.0	opposes 1.0	opposes 0.6977319677769027 favors 0.3015748578952018 __DUMMY__ 6.931743278955529E-4	false	1.0
N541	favors 1.0	favors 1.0	favors 0.7739736478721814 opposes 0.22532534162405185 __DUMMY__ 7.010105037667975E-4	false	1.0
N542	opposes 1.0	opposes 1.0	opposes 0.7193694637826958 favors 0.2800006029346805 __DUMMY__ 6.299332826236009E-4	false	1.0
N543	favors 1.0	favors 1.0	favors 0.7618877139548155 opposes 0.23738754379747484 __DUMMY__ 7.247422477096971E-4	false	1.0
N544	favors 1.0	favors 1.0	favors 0.7802514078262084 opposes 0.2190913542210169 __DUMMY__ 6.572379527747729E-4	false	1.0
N540	opposes 1.0	opposes 1.0	opposes 0.71857753364989 favors 0.28074995695094196 __DUMMY__ 6.725093991682173E-4	false	1.0
N549	favors 1.0	favors 1.0	favors 0.751108360772192 opposes 0.24819191322475256 __DUMMY__ 6.997260030554336E-4	false	1.0
N545	favors 1.0	favors 1.0	favors 0.7562603380307937 opposes 0.2430349112954702 __DUMMY__ 7.047506737360188E-4	false	1.0
N546	opposes 1.0	opposes 1.0	opposes 0.7142486638922171 favors 0.28504609361828437 __DUMMY__ 7.052424894985133E-4	false	1.0
N547	opposes 1.0	opposes 1.0	opposes 0.7085800313079197 favors 0.290724648479415 __DUMMY__ 6.953202126653741E-4	false	1.0
N548	favors 1.0	favors 1.0	favors 0.7844949886785199 opposes 0.21486185382350087 __DUMMY__ 6.431574979792912E-4	false	1.0
N530	opposes 1.0	opposes 1.0	opposes 0.7111056061232309 favors 0.28821918483828046 __DUMMY__ 6.752090384885999E-4	false	1.0
N531	opposes 1.0	opposes 1.0	opposes 0.6914242001094667 favors 0.30791752612531365 __DUMMY__ 6.582737652196571E-4	false	1.0
N532	opposes 1.0	opposes 1.0	opposes 0.719720145261463 favors 0.27956421928685515 __DUMMY__ 7.156354516819456E-4	false	1.0
N533	favors 1.0	favors 1.0	favors 0.7507045149284846 opposes 0.24867103927338804 __DUMMY__ 6.244457981273443E-4	false	1.0
N1390	favors 1.0	favors 1.0	favors 0.7621240369129133 opposes 0.23710806908266566 __DUMMY__ 7.678940044210291E-4	false	1.0
N1393	opposes 1.0	opposes 1.0	opposes 0.7190036993762658 favors 0.28031498092673857 __DUMMY__ 6.813196969956307E-4	false	1.0
N538	opposes 1.0	opposes 1.0	opposes 0.7138440515698228 favors 0.28543556201903636 __DUMMY__ 7.203864111408001E-4	false	1.0
