N1742	opposes 1.0		favors 0.5230551909140616 opposes 0.42276097763683435 __DUMMY__ 0.054183831449104054	true	0.5
N1743	opposes 1.0		favors 0.5146299080924968 opposes 0.4302072729274167 __DUMMY__ 0.05516281898008649	true	0.5
N1740	favors 1.0	favors 1.0	favors 0.7425222691222408 opposes 0.23192089314800074 __DUMMY__ 0.025556837729758412	false	1.0
N1741	opposes 1.0		favors 0.5171686164284283 opposes 0.42779666649266146 __DUMMY__ 0.05503471707891033	true	0.5
N1746	opposes 1.0		favors 0.5258692537203009 opposes 0.41998419144401083 __DUMMY__ 0.05414655483568836	true	0.5
N1747	opposes 1.0		favors 0.5121296579422785 opposes 0.4325849377515236 __DUMMY__ 0.05528540430619792	true	0.5
N1744	favors 1.0		favors 0.5147106978029569 opposes 0.42996387513805423 __DUMMY__ 0.055325427058988755	true	1.0
N1745	favors 1.0		favors 0.5164733471540475 opposes 0.4282471523668649 __DUMMY__ 0.05527950047908759	true	1.0
N1748	opposes 1.0		favors 0.5165415377609628 opposes 0.4287657506741057 __DUMMY__ 0.054692711564931426	true	0.5
N1749	favors 1.0		favors 0.5220951764628642 opposes 0.4236068704345453 __DUMMY__ 0.05429795310259036	true	1.0
N1731	opposes 1.0		favors 0.5103954570333518 opposes 0.43467403237016033 __DUMMY__ 0.05493051059648789	true	0.5
N1732	opposes 1.0		favors 0.5224331954378334 opposes 0.42268573353550204 __DUMMY__ 0.05488107102666458	true	0.5
N1730	favors 1.0		favors 0.5120377354982574 opposes 0.43280623520921013 __DUMMY__ 0.05515602929253258	true	1.0
N1735	opposes 1.0		favors 0.5163430994943171 opposes 0.4291110973918798 __DUMMY__ 0.05454580311380312	true	0.5
N1736	favors 1.0	favors 1.0	favors 0.7441192765794447 opposes 0.23042950021918224 __DUMMY__ 0.02545122320137309	false	1.0
N1733	opposes 1.0		favors 0.5119758026500664 opposes 0.4333797530476027 __DUMMY__ 0.05464444430233107	true	0.5
N1734	favors 1.0		favors 0.518296547386418 opposes 0.4266003323606877 __DUMMY__ 0.055103120252894364	true	1.0
N1739	favors 1.0		favors 0.5177937119000802 opposes 0.4277038692275069 __DUMMY__ 0.054502418872412875	true	1.0
N1737	favors 1.0		favors 0.5164156575311949 opposes 0.4285358255343562 __DUMMY__ 0.05504851693444903	true	1.0
N1738	opposes 1.0	opposes 1.0	opposes 0.6972736334506823 favors 0.27743686010082 __DUMMY__ 0.025289506448497676	false	1.0
N1720	opposes 1.0		favors 0.5114920154843545 opposes 0.433580987419483 __DUMMY__ 0.05492699709616251	true	0.5
N1721	opposes 1.0	opposes 1.0	opposes 0.699217762190752 favors 0.2751936339247714 __DUMMY__ 0.025588603884476504	false	1.0
N1724	favors 1.0		favors 0.5128005940352567 opposes 0.431896335257584 __DUMMY__ 0.05530307070715942	true	1.0
N1725	favors 1.0		favors 0.5155441867433076 opposes 0.42918550292978686 __DUMMY__ 0.05527031032690545	true	1.0
N1722	favors 1.0		favors 0.525434392954163 opposes 0.4205136901116362 __DUMMY__ 0.05405191693420067	true	1.0
N1723	favors 1.0		favors 0.5136376309426082 opposes 0.4312048105306773 __DUMMY__ 0.055157558526714494	true	1.0
N1728	opposes 1.0		favors 0.515741018527546 opposes 0.42942235130532963 __DUMMY__ 0.05483663016712444	true	0.5
N1729	favors 1.0		favors 0.5254908838392043 opposes 0.4202807911801245 __DUMMY__ 0.054228324980671254	true	1.0
N1726	favors 1.0	favors 1.0	favors 0.7525398371995813 opposes 0.22238032180800982 __DUMMY__ 0.02507984099240889	false	1.0
N1727	opposes 1.0		favors 0.5100634081495691 opposes 0.43463231707709027 __DUMMY__ 0.05530427477334054	true	0.5
N1710	favors 1.0		favors 0.5130996827778819 opposes 0.43179729059471167 __DUMMY__ 0.055103026627406335	true	1.0
N1713	opposes 1.0		favors 0.51125168719701 opposes 0.4340651020969326 __DUMMY__ 0.054683210706057396	true	0.5
N1714	favors 1.0		favors 0.5172909567784231 opposes 0.4276320663059978 __DUMMY__ 0.055076976915579084	true	1.0
N1711	favors 1.0		favors 0.5088986933102547 opposes 0.43601163032078133 __DUMMY__ 0.055089676368964	true	1.0
N1712	favors 1.0		favors 0.5240914214681365 opposes 0.42103969937890207 __DUMMY__ 0.054868879152961486	true	1.0
N1717	favors 1.0		favors 0.5155968353510167 opposes 0.42938271779974946 __DUMMY__ 0.05502044684923383	true	1.0
N1718	opposes 1.0		favors 0.5225000494181997 opposes 0.42339037855181044 __DUMMY__ 0.05410957202998984	true	0.5
N1715	favors 1.0		favors 0.5167329382122886 opposes 0.42882731356108983 __DUMMY__ 0.05443974822662144	true	1.0
N1716	favors 1.0		favors 0.5122922909060319 opposes 0.43274660741438875 __DUMMY__ 0.05496110167957943	true	1.0
N1719	favors 1.0		favors 0.5182812444160679 opposes 0.42724286045383525 __DUMMY__ 0.05447589513009673	true	1.0
N1782	favors 1.0		favors 0.5146212384499124 opposes 0.4302731358518486 __DUMMY__ 0.05510562569823887	true	1.0
N1783	favors 1.0		favors 0.5140486366106323 opposes 0.4307082441212488 __DUMMY__ 0.05524311926811893	true	1.0
N1780	opposes 1.0		favors 0.5170723139618697 opposes 0.42784580453337473 __DUMMY__ 0.055081881504755556	true	0.5
N1781	opposes 1.0		favors 0.5255404404781544 opposes 0.42026978370979257 __DUMMY__ 0.0541897758120532	true	0.5
N1786	opposes 1.0	opposes 1.0	opposes 0.7014217098165006 favors 0.27288204189885373 __DUMMY__ 0.025696248284645683	false	1.0
N1302	favors 1.0	favors 1.0	favors 0.7467591432338807 opposes 0.22754137402281582 __DUMMY__ 0.025699482743303446	false	1.0
N1303	favors 1.0		favors 0.5310463458004735 opposes 0.4149039329692645 __DUMMY__ 0.05404972123026199	true	1.0
N1787	opposes 1.0		favors 0.5177407223016925 opposes 0.4275073309364004 __DUMMY__ 0.054751946761907	true	0.5
N1300	favors 1.0	favors 1.0	favors 0.7460061158424047 opposes 0.2283904938037396 __DUMMY__ 0.025603390353855532	false	1.0
N1784	favors 1.0		favors 0.516430947261994 opposes 0.4283929101519517 __DUMMY__ 0.05517614258605449	true	1.0
N1301	opposes 1.0		favors 0.5159751490040273 opposes 0.4287378315634301 __DUMMY__ 0.05528701943254271	true	0.5
N1785	opposes 1.0		favors 0.5295617409966016 opposes 0.4163594639612868 __DUMMY__ 0.0540787950421116	true	0.5
N1306	opposes 1.0		favors 0.5258458032884239 opposes 0.4198749469524356 __DUMMY__ 0.054279249759140294	true	0.5
N1307	favors 1.0		favors 0.5152329146084716 opposes 0.4296169919164064 __DUMMY__ 0.055150093475121856	true	1.0
N1304	favors 1.0	favors 1.0	favors 0.7440332063109635 opposes 0.23027697341075568 __DUMMY__ 0.025689820278280956	false	1.0
N1788	favors 1.0		favors 0.5255227488762089 opposes 0.42022224461445173 __DUMMY__ 0.054255006509339454	true	1.0
N1789	opposes 1.0		favors 0.5132044537124221 opposes 0.43172463958877333 __DUMMY__ 0.05507090669880445	true	0.5
N1305	favors 1.0		favors 0.5194599148799868 opposes 0.4257583405908351 __DUMMY__ 0.05478174452917816	true	1.0
N1308	opposes 1.0	opposes 1.0	opposes 0.7014992763994269 favors 0.27289984319581867 __DUMMY__ 0.02560088040475438	false	1.0
N1309	opposes 1.0		favors 0.5244920356066821 opposes 0.4206561231287633 __DUMMY__ 0.05485184126455463	true	0.5
N1771	favors 1.0		favors 0.524207831318956 opposes 0.4209590770203322 __DUMMY__ 0.05483309166071175	true	1.0
N1772	opposes 1.0		favors 0.512913083427649 opposes 0.4323862230892974 __DUMMY__ 0.05470069348305368	true	0.5
N1770	opposes 1.0		favors 0.5102723924564618 opposes 0.43473051211423763 __DUMMY__ 0.05499709542930054	true	0.5
N1775	favors 1.0		favors 0.5132901882054527 opposes 0.4318345936324025 __DUMMY__ 0.05487521816214471	true	1.0
N1776	favors 1.0		favors 0.5164016877662261 opposes 0.4285887318296448 __DUMMY__ 0.055009580404128997	true	1.0
N1773	favors 1.0		favors 0.5178531771575452 opposes 0.4271104090471139 __DUMMY__ 0.05503641379534084	true	1.0
N1774	opposes 1.0	opposes 1.0	opposes 0.6977514045833219 favors 0.27688343460953674 __DUMMY__ 0.025365160807141324	false	1.0
N1779	favors 1.0		favors 0.5118697185194131 opposes 0.4332598981473923 __DUMMY__ 0.05487038333319465	true	1.0
N1777	favors 1.0	favors 1.0	favors 0.7476259995269815 opposes 0.22709850004189525 __DUMMY__ 0.025275500431123393	false	1.0
N1778	favors 1.0		favors 0.5190703416997824 opposes 0.426374685845974 __DUMMY__ 0.05455497245424348	true	1.0
N901	favors 1.0		favors 0.5148253284283876 opposes 0.42985138115321214 __DUMMY__ 0.05532329041840027	true	1.0
N902	favors 1.0		favors 0.5166888739837481 opposes 0.42802437264300314 __DUMMY__ 0.05528675337324867	true	1.0
N903	opposes 1.0	opposes 1.0	opposes 0.6933204612289444 favors 0.28163581760559137 __DUMMY__ 0.02504372116546414	false	1.0
N904	opposes 1.0		favors 0.5119158900511069 opposes 0.43282169809160936 __DUMMY__ 0.05526241185728369	true	0.5
N1760	opposes 1.0		favors 0.5176054604987269 opposes 0.4272890230530636 __DUMMY__ 0.0551055164482096	true	0.5
N1761	opposes 1.0		favors 0.5258024261467972 opposes 0.42004756177629043 __DUMMY__ 0.05415001207691234	true	0.5
N900	favors 1.0	favors 1.0	favors 0.7454006445099515 opposes 0.22900691462421274 __DUMMY__ 0.025592440865835682	false	1.0
N909	favors 1.0		favors 0.5220761926193193 opposes 0.4230454885166552 __DUMMY__ 0.05487831886402552	true	1.0
N1764	favors 1.0		favors 0.5168978459930955 opposes 0.42791075714435844 __DUMMY__ 0.055191396862546184	true	1.0
N1765	opposes 1.0		favors 0.5303274630412771 opposes 0.41561455544370407 __DUMMY__ 0.054057981515018755	true	0.5
N1762	favors 1.0		favors 0.5152103847790931 opposes 0.42967119639862944 __DUMMY__ 0.05511841882227738	true	1.0
N1763	opposes 1.0		favors 0.5147030266698389 opposes 0.4300332733098532 __DUMMY__ 0.05526370002030779	true	0.5
N1768	favors 1.0		favors 0.5254796093437365 opposes 0.42026261759642963 __DUMMY__ 0.05425777305983395	true	1.0
N905	opposes 1.0		favors 0.5177826052819501 opposes 0.42762451036052485 __DUMMY__ 0.05459288435752516	true	0.5
N906	favors 1.0		favors 0.5229020473010758 opposes 0.4229352183208841 __DUMMY__ 0.054162734378039895	true	1.0
N1769	opposes 1.0	opposes 1.0	opposes 0.6999367800047196 favors 0.2744101756733639 __DUMMY__ 0.025653044321916518	false	1.0
N1766	opposes 1.0		favors 0.5114969950851399 opposes 0.4332321809236014 __DUMMY__ 0.055270823991258745	true	0.5
N907	opposes 1.0		favors 0.5140716141009978 opposes 0.4308600286298973 __DUMMY__ 0.05506835726910506	true	0.5
N908	opposes 1.0		favors 0.5086412744792529 opposes 0.43640983018563617 __DUMMY__ 0.054948895335111	true	0.5
N1767	opposes 1.0		favors 0.5183816974408517 opposes 0.4268365366599059 __DUMMY__ 0.05478176589924232	true	0.5
N1750	opposes 1.0		favors 0.5135760416496807 opposes 0.4313018858207468 __DUMMY__ 0.0551220725295724	true	0.5
N1753	favors 1.0		favors 0.5183579239003306 opposes 0.4265835585691076 __DUMMY__ 0.05505851753056163	true	1.0
N1754	opposes 1.0		favors 0.5185128810390092 opposes 0.4269974345851322 __DUMMY__ 0.05448968437585867	true	0.5
N1751	opposes 1.0		favors 0.5106592543368941 opposes 0.43434535850740247 __DUMMY__ 0.05499538715570353	true	0.5
N1752	opposes 1.0		favors 0.5131601881611896 opposes 0.43214356679548677 __DUMMY__ 0.05469624504332356	true	0.5
N1757	favors 1.0	favors 1.0	favors 0.7476704352500823 opposes 0.22704556921419716 __DUMMY__ 0.02528399553572048	false	1.0
N1758	favors 1.0		favors 0.5196949332730305 opposes 0.4257610316634543 __DUMMY__ 0.054544035063515156	true	1.0
N1755	favors 1.0		favors 0.5137396647924297 opposes 0.43134755386385326 __DUMMY__ 0.0549127813437171	true	1.0
N1756	favors 1.0		favors 0.5171080485305501 opposes 0.4278537217303073 __DUMMY__ 0.05503822973914263	true	1.0
N1759	favors 1.0	favors 1.0	favors 0.7422967094602625 opposes 0.23209943291461382 __DUMMY__ 0.025603857625123773	false	1.0
N923	favors 1.0		favors 0.5258306433396513 opposes 0.42010810921108116 __DUMMY__ 0.054061247449267484	true	1.0
N924	opposes 1.0	opposes 1.0	opposes 0.7017132278902711 favors 0.27258451286069546 __DUMMY__ 0.025702259249033396	false	1.0
N925	opposes 1.0		favors 0.5158296448773869 opposes 0.4293697259521338 __DUMMY__ 0.054800629170479294	true	0.5
N926	favors 1.0		favors 0.5214294937743249 opposes 0.4243102517252661 __DUMMY__ 0.05426025450040889	true	1.0
N1342	favors 1.0		favors 0.5178449069461227 opposes 0.4269517190055766 __DUMMY__ 0.055203374048300786	true	1.0
N1343	favors 1.0		favors 0.5282537761272514 opposes 0.4175958421251235 __DUMMY__ 0.05415038174762505	true	1.0
N920	favors 1.0		favors 0.5141664599792827 opposes 0.43066328836156625 __DUMMY__ 0.05517025165915105	true	1.0
N921	favors 1.0		favors 0.5140173290900982 opposes 0.430646037993549 __DUMMY__ 0.055336632916352754	true	1.0
N1340	favors 1.0		favors 0.5160214801613988 opposes 0.42883800180289694 __DUMMY__ 0.055140518035704265	true	1.0
N1341	favors 1.0	favors 1.0	favors 0.7453210821445156 opposes 0.229001055359588 __DUMMY__ 0.025677862495896348	false	1.0
N922	favors 1.0		favors 0.5157280487555499 opposes 0.42890765662561353 __DUMMY__ 0.05536429461883655	true	1.0
N1346	favors 1.0	favors 1.0	favors 0.7494401251784237 opposes 0.22536880400657078 __DUMMY__ 0.025191070815005427	false	1.0
N1347	opposes 1.0		favors 0.5149854247408702 opposes 0.429914977735275 __DUMMY__ 0.055099597523854744	true	0.5
N1344	opposes 1.0		favors 0.5131533327454236 opposes 0.43153839182178133 __DUMMY__ 0.055308275432795116	true	0.5
N1345	opposes 1.0	opposes 1.0	opposes 0.6974295359102829 favors 0.2771972411688408 __DUMMY__ 0.025373222920876244	false	1.0
N927	opposes 1.0		favors 0.5127601329929761 opposes 0.4320864442817004 __DUMMY__ 0.055153422725323545	true	0.5
N928	favors 1.0		favors 0.5107671726734464 opposes 0.43416367486129304 __DUMMY__ 0.05506915246526056	true	1.0
N929	favors 1.0		favors 0.5229773315026516 opposes 0.42204846756148817 __DUMMY__ 0.05497420093586026	true	1.0
N1348	favors 1.0		favors 0.5255200062137175 opposes 0.4196106295287277 __DUMMY__ 0.054869364257554835	true	1.0
N1349	favors 1.0		favors 0.5123506067117037 opposes 0.4328958676975912 __DUMMY__ 0.05475352559070518	true	1.0
N912	opposes 1.0		favors 0.5151364814435696 opposes 0.4303657182193849 __DUMMY__ 0.054497800337045675	true	0.5
N913	favors 1.0		favors 0.5122075235116109 opposes 0.43295235699678314 __DUMMY__ 0.054840119491605936	true	1.0
N914	favors 1.0		favors 0.515648416350767 opposes 0.4293009565827344 __DUMMY__ 0.055050627066498485	true	1.0
N915	favors 1.0		favors 0.5184915102871392 opposes 0.42710358990187014 __DUMMY__ 0.05440489981099056	true	1.0
N1331	favors 1.0		favors 0.5194732344242723 opposes 0.4254839598526513 __DUMMY__ 0.05504280572307646	true	1.0
N1332	favors 1.0		favors 0.5188490279467112 opposes 0.42653898861267303 __DUMMY__ 0.0546119834406157	true	1.0
N910	opposes 1.0	opposes 1.0	opposes 0.7013878845666314 favors 0.27313763331078283 __DUMMY__ 0.025474482122585785	false	1.0
N1330	opposes 1.0		favors 0.5137126900057053 opposes 0.4315520384794088 __DUMMY__ 0.05473527151488588	true	0.5
N911	favors 1.0		favors 0.5178371303286499 opposes 0.4270462361631973 __DUMMY__ 0.05511663350815282	true	1.0
N1335	opposes 1.0		favors 0.5212136712122922 opposes 0.42435553396656367 __DUMMY__ 0.05443079482114411	true	0.5
N1336	favors 1.0		favors 0.5198453527543612 opposes 0.4256632536553619 __DUMMY__ 0.05449139359027682	true	1.0
N1333	favors 1.0		favors 0.5154045119165025 opposes 0.4297594213107253 __DUMMY__ 0.054836066772772064	true	1.0
N1334	favors 1.0		favors 0.5179611586227634 opposes 0.4270021049245643 __DUMMY__ 0.05503673645267234	true	1.0
N1339	opposes 1.0		favors 0.5248141098086094 opposes 0.42102346014861336 __DUMMY__ 0.054162430042777265	true	0.5
N916	favors 1.0		favors 0.5171915654838444 opposes 0.4282869046181966 __DUMMY__ 0.05452152989795913	true	1.0
N917	favors 1.0		favors 0.5102421101885758 opposes 0.4348497724258631 __DUMMY__ 0.05490811738556115	true	1.0
N1337	favors 1.0		favors 0.5132273465897004 opposes 0.43185426318148823 __DUMMY__ 0.05491839022881145	true	1.0
N918	opposes 1.0		favors 0.5166355199456364 opposes 0.4282849209696374 __DUMMY__ 0.055079559084726365	true	0.5
N1338	opposes 1.0		favors 0.5187666834770965 opposes 0.4262473325272442 __DUMMY__ 0.054985983995659155	true	0.5
N919	opposes 1.0		favors 0.5231780296517484 opposes 0.42262941013364763 __DUMMY__ 0.05419256021460393	true	0.5
N940	opposes 1.0		favors 0.5147428447996301 opposes 0.43000640498377307 __DUMMY__ 0.0552507502165968	true	0.5
N945	favors 1.0		favors 0.5171562830005543 opposes 0.428008252218358 __DUMMY__ 0.054835464781087674	true	1.0
N946	opposes 1.0		favors 0.5231125991767216 opposes 0.4225554835113167 __DUMMY__ 0.05433191731196163	true	0.5
N947	favors 1.0		favors 0.51325036238894 opposes 0.4314928275329251 __DUMMY__ 0.055256810078135044	true	1.0
N948	opposes 1.0		favors 0.5089859483304383 opposes 0.435942157610772 __DUMMY__ 0.05507189405878967	true	0.5
N941	opposes 1.0		favors 0.5142497114102488 opposes 0.43036262088027344 __DUMMY__ 0.055387667709477915	true	0.5
N1320	opposes 1.0		favors 0.5152951717344465 opposes 0.42952464724556233 __DUMMY__ 0.055180181019991136	true	0.5
N1321	favors 1.0		favors 0.5149322823868179 opposes 0.42974575276999344 __DUMMY__ 0.05532196484318875	true	1.0
N942	opposes 1.0		favors 0.5166895961777358 opposes 0.4279973913093151 __DUMMY__ 0.05531301251294928	true	0.5
N943	favors 1.0		favors 0.5271194026509982 opposes 0.41868586121843343 __DUMMY__ 0.054194736130568355	true	1.0
N944	favors 1.0		favors 0.5115917119596257 opposes 0.4330274238693508 __DUMMY__ 0.055380864171023385	true	1.0
N1324	opposes 1.0		favors 0.512125969159951 opposes 0.4325284369875496 __DUMMY__ 0.05534559385249952	true	0.5
N1325	opposes 1.0		favors 0.5178404997009917 opposes 0.4273991523049684 __DUMMY__ 0.054760347994040115	true	0.5
N1322	favors 1.0		favors 0.5173974591334007 opposes 0.427277573411813 __DUMMY__ 0.0553249674547862	true	1.0
N1323	favors 1.0	favors 1.0	favors 0.7521989127091366 opposes 0.22273843100926607 __DUMMY__ 0.025062656281597276	false	1.0
N1328	opposes 1.0		favors 0.5128368208029285 opposes 0.43216384888361836 __DUMMY__ 0.05499933031345317	true	0.5
N949	favors 1.0	favors 1.0	favors 0.7496161779282222 opposes 0.224868185884337 __DUMMY__ 0.025515636187440852	false	1.0
N1329	favors 1.0		favors 0.5241157278143749 opposes 0.4210212239370816 __DUMMY__ 0.05486304824854351	true	1.0
N1326	favors 1.0		favors 0.524304875270377 opposes 0.4214305387724519 __DUMMY__ 0.0542645859571711	true	1.0
N1327	opposes 1.0		favors 0.5140905247623168 opposes 0.4307747342001954 __DUMMY__ 0.05513474103748795	true	0.5
N934	opposes 1.0		favors 0.5164831309414022 opposes 0.4283421700638009 __DUMMY__ 0.055174698994797045	true	0.5
N935	opposes 1.0		favors 0.5197725570244173 opposes 0.4257248868484333 __DUMMY__ 0.05450255612714952	true	0.5
N1790	favors 1.0		favors 0.5114250989210718 opposes 0.43365018790969057 __DUMMY__ 0.05492471316923757	true	1.0
N936	opposes 1.0		favors 0.5186770172719927 opposes 0.42670367344233656 __DUMMY__ 0.054619309285670714	true	0.5
N937	opposes 1.0		favors 0.5119635638236858 opposes 0.43306521107514456 __DUMMY__ 0.05497122510116973	true	0.5
N930	favors 1.0		favors 0.5123434746309088 opposes 0.432863193728707 __DUMMY__ 0.05479333164038417	true	1.0
N1793	opposes 1.0		favors 0.518853236581697 opposes 0.4261027416758208 __DUMMY__ 0.055044021742482276	true	0.5
N931	opposes 1.0		favors 0.5184852331287826 opposes 0.426365621144386 __DUMMY__ 0.05514914572683142	true	0.5
N1310	opposes 1.0		favors 0.5121569298840262 opposes 0.43308157882230863 __DUMMY__ 0.05476149129366535	true	0.5
N1794	favors 1.0		favors 0.5179577878889008 opposes 0.4275890756582783 __DUMMY__ 0.05445313645282098	true	1.0
N932	favors 1.0		favors 0.5174633318978907 opposes 0.4278911905605552 __DUMMY__ 0.05464547754155407	true	1.0
N1791	favors 1.0		favors 0.5243436178944758 opposes 0.42086285020821895 __DUMMY__ 0.05479353189730528	true	1.0
N1792	favors 1.0		favors 0.5132109180336879 opposes 0.43213857302547465 __DUMMY__ 0.05465050894083754	true	1.0
N933	opposes 1.0		favors 0.5139232410504243 opposes 0.43108193545903123 __DUMMY__ 0.05499482349054442	true	0.5
N1797	opposes 1.0		favors 0.5214765074855805 opposes 0.42426011201920283 __DUMMY__ 0.05426338049521649	true	0.5
N1313	favors 1.0		favors 0.5135853653121883 opposes 0.43157894565561483 __DUMMY__ 0.05483568903219685	true	1.0
N1314	favors 1.0		favors 0.5170266899702344 opposes 0.42791125488115117 __DUMMY__ 0.05506205514861451	true	1.0
N1798	favors 1.0		favors 0.5190768382617097 opposes 0.4264695315855652 __DUMMY__ 0.05445363015272513	true	1.0
N1311	favors 1.0		favors 0.5190115480927722 opposes 0.4259122493864892 __DUMMY__ 0.05507620252073858	true	1.0
N1795	opposes 1.0		favors 0.5140612707945149 opposes 0.4311122941581566 __DUMMY__ 0.05482643504732853	true	0.5
N1312	opposes 1.0		favors 0.517090505428927 opposes 0.42836756349791033 __DUMMY__ 0.054541931073162755	true	0.5
N1796	opposes 1.0	opposes 1.0	opposes 0.698689633868964 favors 0.27581089417392923 __DUMMY__ 0.02549947195710685	false	1.0
N1317	favors 1.0		favors 0.5118805216908991 opposes 0.43313782624967 __DUMMY__ 0.054981652059430765	true	1.0
N938	favors 1.0		favors 0.5171502404558096 opposes 0.4277228243364911 __DUMMY__ 0.05512693520769939	true	1.0
N939	favors 1.0		favors 0.5243415641559624 opposes 0.42140370075594963 __DUMMY__ 0.054254735088087896	true	1.0
N1318	opposes 1.0		favors 0.5178046903302648 opposes 0.42714047802319044 __DUMMY__ 0.05505483164654475	true	0.5
N1315	favors 1.0		favors 0.5212587361694225 opposes 0.42437512942151334 __DUMMY__ 0.05436613440906412	true	1.0
N1799	opposes 1.0		favors 0.5120801808685628 opposes 0.4330910978123275 __DUMMY__ 0.05482872131910981	true	0.5
N1316	favors 1.0		favors 0.5189074038238894 opposes 0.42664383803888833 __DUMMY__ 0.05444875813722224	true	1.0
N1319	favors 1.0		favors 0.5249767653217052 opposes 0.42092654149660563 __DUMMY__ 0.05409669318168919	true	1.0
N960	opposes 1.0		favors 0.5137189959674027 opposes 0.43093408640343756 __DUMMY__ 0.05534691762915983	true	0.5
N961	opposes 1.0		favors 0.5159845992644077 opposes 0.4286923349515228 __DUMMY__ 0.05532306578406943	true	0.5
N962	favors 1.0	favors 1.0	favors 0.7521695055826995 opposes 0.22275737423229616 __DUMMY__ 0.025073120185004287	false	1.0
N967	opposes 1.0		favors 0.5110215014443094 opposes 0.4339315054584545 __DUMMY__ 0.05504699309723613	true	0.5
N1382	opposes 1.0		favors 0.5119144274923785 opposes 0.43275005665635746 __DUMMY__ 0.05533551585126415	true	0.5
N968	favors 1.0		favors 0.5234184904955991 opposes 0.42164527089457315 __DUMMY__ 0.054936238609827846	true	1.0
N1383	opposes 1.0		favors 0.5179708032099102 opposes 0.42716740628686206 __DUMMY__ 0.054861790503227696	true	0.5
N969	opposes 1.0	opposes 1.0	opposes 0.7005959709150226 favors 0.27390232601077397 __DUMMY__ 0.02550170307420348	false	1.0
N1380	favors 1.0		favors 0.5178796352906595 opposes 0.42680217028128975 __DUMMY__ 0.05531819442805072	true	1.0
N1381	favors 1.0	favors 1.0	favors 0.7529075965782224 opposes 0.22195499274549124 __DUMMY__ 0.02513741067628643	false	1.0
N963	favors 1.0		favors 0.51057933832109 opposes 0.4340693142792885 __DUMMY__ 0.055351347399621394	true	1.0
N1386	favors 1.0		favors 0.5128541938069238 opposes 0.43209006863385635 __DUMMY__ 0.0550557375592198	true	1.0
N1387	favors 1.0		favors 0.5243762676028617 opposes 0.4207382044716315 __DUMMY__ 0.054885527925506675	true	1.0
N964	favors 1.0		favors 0.5167523839311661 opposes 0.4283676936765567 __DUMMY__ 0.05487992239227726	true	1.0
N1384	favors 1.0		favors 0.5250521728371762 opposes 0.4206183790419647 __DUMMY__ 0.05432944812085902	true	1.0
N965	opposes 1.0		favors 0.524446415404941 opposes 0.4212649256431803 __DUMMY__ 0.05428865895187864	true	0.5
N966	favors 1.0		favors 0.5125122570633983 opposes 0.43230171418139823 __DUMMY__ 0.055186028755203446	true	1.0
N1385	opposes 1.0		favors 0.5139910944584168 opposes 0.430779381373673 __DUMMY__ 0.05522952416791028	true	0.5
N1388	favors 1.0		favors 0.5138783670835361 opposes 0.4313294670204183 __DUMMY__ 0.05479216589604567	true	1.0
N1389	opposes 1.0		favors 0.5195725229724367 opposes 0.4253554296446922 __DUMMY__ 0.05507204738287121	true	0.5
N950	favors 1.0		favors 0.5107721641315188 opposes 0.434513431160228 __DUMMY__ 0.05471440470825317	true	1.0
N951	opposes 1.0		favors 0.5178722709212104 opposes 0.4270193047786214 __DUMMY__ 0.0551084243001682	true	0.5
N956	opposes 1.0		favors 0.5106425170437937 opposes 0.4344320965416282 __DUMMY__ 0.05492538641457831	true	0.5
N1371	opposes 1.0	opposes 1.0	opposes 0.7000271435654525 favors 0.2743953977465995 __DUMMY__ 0.02557745868794797	false	1.0
N1372	favors 1.0		favors 0.5173974514487819 opposes 0.42751051337299695 __DUMMY__ 0.055092035178221074	true	1.0
N957	favors 1.0		favors 0.5165294927296609 opposes 0.4283373012624271 __DUMMY__ 0.05513320600791201	true	1.0
N958	favors 1.0		favors 0.5251837570446473 opposes 0.42065120657009175 __DUMMY__ 0.054165036385261066	true	1.0
N1370	opposes 1.0		favors 0.5184944232948105 opposes 0.42691883780013756 __DUMMY__ 0.054586738905051745	true	0.5
N959	favors 1.0		favors 0.5141993234114854 opposes 0.43058814055072697 __DUMMY__ 0.055212536037787634	true	1.0
N952	favors 1.0		favors 0.5165136747526453 opposes 0.4290122573563142 __DUMMY__ 0.05447406789104044	true	1.0
N1375	favors 1.0		favors 0.5116385891016231 opposes 0.4334137612820676 __DUMMY__ 0.054947649616309144	true	1.0
N1376	opposes 1.0		favors 0.518212735706842 opposes 0.42664838357067447 __DUMMY__ 0.05513888072248348	true	0.5
N953	opposes 1.0		favors 0.5126562663361728 opposes 0.43236648888878104 __DUMMY__ 0.05497724477504628	true	0.5
N954	opposes 1.0		favors 0.5202967512546655 opposes 0.4254123216646849 __DUMMY__ 0.05429092708064969	true	0.5
N1373	favors 1.0		favors 0.5217977659090162 opposes 0.4238104238513006 __DUMMY__ 0.05439181023968308	true	1.0
N955	opposes 1.0	opposes 1.0	opposes 0.6976272857631889 favors 0.27700776384805337 __DUMMY__ 0.025364950388757808	false	1.0
N1374	favors 1.0		favors 0.5198823762451467 opposes 0.4255271589949281 __DUMMY__ 0.05459046475992512	true	1.0
N1379	favors 1.0		favors 0.5150079059353205 opposes 0.429655784685265 __DUMMY__ 0.05533630937941446	true	1.0
N1377	opposes 1.0		favors 0.5261584193010139 opposes 0.4196413284214429 __DUMMY__ 0.0542002522775432	true	0.5
N1378	favors 1.0	favors 1.0	favors 0.745290025128586 opposes 0.22906161997049154 __DUMMY__ 0.025648354900922377	false	1.0
N981	opposes 1.0		favors 0.5120938227081484 opposes 0.432590056750586 __DUMMY__ 0.05531612054126548	true	0.5
N982	opposes 1.0	opposes 1.0	opposes 0.6984237312378082 favors 0.27609076127104165 __DUMMY__ 0.025485507491150028	false	1.0
N983	favors 1.0		favors 0.5229185478655382 opposes 0.4227342545645037 __DUMMY__ 0.05434719756995809	true	1.0
N500	opposes 1.0		favors 0.5168585219889447 opposes 0.4280234961691543 __DUMMY__ 0.05511798184190094	true	0.5
N984	favors 1.0		favors 0.5135270735125469 opposes 0.43123302487151466 __DUMMY__ 0.05523990161593856	true	1.0
N980	favors 1.0		favors 0.5171383686266123 opposes 0.427548442820369 __DUMMY__ 0.0553131885530187	true	1.0
N505	favors 1.0	favors 1.0	favors 0.7496984092245278 opposes 0.22518335074548873 __DUMMY__ 0.02511824002998359	false	1.0
N989	opposes 1.0		favors 0.516362901414423 opposes 0.4289470709148398 __DUMMY__ 0.054690027670737135	true	0.5
N1360	opposes 1.0		favors 0.5141160539206369 opposes 0.43055548981876757 __DUMMY__ 0.05532845626059557	true	0.5
N506	opposes 1.0		favors 0.5149969574737124 opposes 0.42978129366863094 __DUMMY__ 0.05522174885765659	true	0.5
N1361	favors 1.0		favors 0.5170615987308997 opposes 0.42760612925766456 __DUMMY__ 0.055332272011435805	true	1.0
N507	opposes 1.0		favors 0.514628244511806 opposes 0.4300060867289443 __DUMMY__ 0.05536566875924978	true	0.5
N508	opposes 1.0		favors 0.5172426328270631 opposes 0.4275123457272953 __DUMMY__ 0.05524502144564165	true	0.5
N501	opposes 1.0		favors 0.5196866047012804 opposes 0.4257414495662524 __DUMMY__ 0.05457194573246734	true	0.5
N985	opposes 1.0		favors 0.5105807422259927 opposes 0.4342972258018687 __DUMMY__ 0.055122031972138656	true	0.5
N1364	favors 1.0		favors 0.5261162200586014 opposes 0.41964426659788473 __DUMMY__ 0.054239513343514026	true	1.0
N502	favors 1.0		favors 0.5187258196451765 opposes 0.4267236209858658 __DUMMY__ 0.05455055936895773	true	1.0
N986	opposes 1.0		favors 0.5233024998947177 opposes 0.4216761782757911 __DUMMY__ 0.055021321829491224	true	0.5
N1365	favors 1.0		favors 0.5129822233663918 opposes 0.4318079891775384 __DUMMY__ 0.05520978745606988	true	1.0
N503	opposes 1.0		favors 0.5132270720587283 opposes 0.43184155671859414 __DUMMY__ 0.054931371222677425	true	0.5
N987	opposes 1.0		favors 0.5115829298082744 opposes 0.43360872958624497 __DUMMY__ 0.05480834060548059	true	0.5
N1362	favors 1.0		favors 0.5319151771868755 opposes 0.4141411659664314 __DUMMY__ 0.053943656846693	true	1.0
N1363	opposes 1.0		favors 0.511323462672368 opposes 0.4333116469863612 __DUMMY__ 0.0553648903412707	true	0.5
N504	favors 1.0		favors 0.5175579585080798 opposes 0.4273805036918026 __DUMMY__ 0.05506153780011761	true	1.0
N988	favors 1.0		favors 0.5188000359881068 opposes 0.42600365709926924 __DUMMY__ 0.055196306912623984	true	1.0
N1368	opposes 1.0		favors 0.5121666861347774 opposes 0.4330351165776469 __DUMMY__ 0.05479819728757573	true	0.5
N1369	favors 1.0		favors 0.5195829364564 opposes 0.42531963033646275 __DUMMY__ 0.05509743320713728	true	1.0
N1366	opposes 1.0		favors 0.5105338866405696 opposes 0.4343885602297561 __DUMMY__ 0.05507755312967425	true	0.5
N1367	opposes 1.0		favors 0.5254665508228281 opposes 0.41961531279792624 __DUMMY__ 0.05491813637924568	true	0.5
N509	favors 1.0		favors 0.5261509558609427 opposes 0.4195873256147236 __DUMMY__ 0.054261718524333626	true	1.0
N970	favors 1.0		favors 0.5189987196259557 opposes 0.4258570547495661 __DUMMY__ 0.05514422562447821	true	1.0
N971	opposes 1.0		favors 0.5171277020142664 opposes 0.4282606353141698 __DUMMY__ 0.05461166267156383	true	0.5
N972	favors 1.0		favors 0.513110988478695 opposes 0.4319163932598067 __DUMMY__ 0.054972618261498275	true	1.0
N973	favors 1.0		favors 0.5169557180281515 opposes 0.42790245707072616 __DUMMY__ 0.05514182490112227	true	1.0
N978	opposes 1.0		favors 0.5239693840700859 opposes 0.4217542107397354 __DUMMY__ 0.05427640519017886	true	0.5
N979	favors 1.0		favors 0.5151321949711016 opposes 0.4296236486105945 __DUMMY__ 0.05524415641830398	true	1.0
N1350	opposes 1.0		favors 0.5190886633749439 opposes 0.42584844655516463 __DUMMY__ 0.0550628900698916	true	0.5
N974	favors 1.0		favors 0.5191712299499376 opposes 0.4262905572877891 __DUMMY__ 0.05453821276227336	true	1.0
N1353	opposes 1.0		favors 0.5166837124768997 opposes 0.4282664926594146 __DUMMY__ 0.05504979486368565	true	0.5
N975	favors 1.0		favors 0.518504500285346 opposes 0.4268627892226178 __DUMMY__ 0.05463271049203629	true	1.0
N1354	opposes 1.0		favors 0.5231676691570115 opposes 0.422559421492072 __DUMMY__ 0.054272909350916616	true	0.5
N976	favors 1.0		favors 0.5115602068494203 opposes 0.4334821187332119 __DUMMY__ 0.05495767441736791	true	1.0
N1351	favors 1.0	favors 1.0	favors 0.7455567765453115 opposes 0.2290319700833223 __DUMMY__ 0.025411253371366262	false	1.0
N977	opposes 1.0		favors 0.5174828441110187 opposes 0.42737425695289966 __DUMMY__ 0.05514289893608162	true	0.5
N1352	opposes 1.0		favors 0.5131673334748669 opposes 0.43184820254830775 __DUMMY__ 0.05498446397682528	true	0.5
N1357	favors 1.0	favors 1.0	favors 0.7464050108882965 opposes 0.22802941263378793 __DUMMY__ 0.025565576477915557	false	1.0
N1358	favors 1.0		favors 0.5261422513198787 opposes 0.4197885525369701 __DUMMY__ 0.05406919614315124	true	1.0
N1355	favors 1.0		favors 0.5194239870923898 opposes 0.42609883459515535 __DUMMY__ 0.054477178312454834	true	1.0
N1356	opposes 1.0		favors 0.5117597708698891 opposes 0.43323724567754074 __DUMMY__ 0.05500298345257013	true	0.5
N1359	favors 1.0		favors 0.5145614772140288 opposes 0.4302434262583705 __DUMMY__ 0.055195096527600795	true	1.0
N520	favors 1.0		favors 0.5167588885436096 opposes 0.4281148125880668 __DUMMY__ 0.05512629886832367	true	1.0
N521	favors 1.0		favors 0.5201737633806036 opposes 0.42532156418555345 __DUMMY__ 0.0545046724338429	true	1.0
N522	favors 1.0		favors 0.5186771239541005 opposes 0.4267232764680841 __DUMMY__ 0.054599599577815336	true	1.0
N527	favors 1.0		favors 0.5170513094054445 opposes 0.42770456408603463 __DUMMY__ 0.05524412650852093	true	1.0
N528	favors 1.0		favors 0.5270066387215495 opposes 0.4187642605982489 __DUMMY__ 0.054229100680201724	true	1.0
N529	opposes 1.0		favors 0.5122489114754978 opposes 0.43244459218906595 __DUMMY__ 0.05530649633543625	true	0.5
N523	favors 1.0		favors 0.512984004406366 opposes 0.43209804008769576 __DUMMY__ 0.054917955505938275	true	1.0
N524	opposes 1.0		favors 0.5175836416750111 opposes 0.42730068219671963 __DUMMY__ 0.05511567612826937	true	0.5
N525	opposes 1.0		favors 0.5238373658298798 opposes 0.4219034363713495 __DUMMY__ 0.05425919779877058	true	0.5
N526	favors 1.0	favors 1.0	favors 0.744932668326747 opposes 0.2293864585793005 __DUMMY__ 0.025680873093952547	false	1.0
N992	favors 1.0		favors 0.5194186532201219 opposes 0.4260922574755112 __DUMMY__ 0.05448908930436686	true	1.0
N993	favors 1.0		favors 0.5180190514404515 opposes 0.42729590969494785 __DUMMY__ 0.054685038864600716	true	1.0
N510	favors 1.0		favors 0.5124327580662843 opposes 0.4322135786895593 __DUMMY__ 0.055353663244156345	true	1.0
N994	favors 1.0		favors 0.511351613300854 opposes 0.43366194216440895 __DUMMY__ 0.05498644453473696	true	1.0
N511	favors 1.0		favors 0.5179978208465994 opposes 0.42729857515788006 __DUMMY__ 0.05470360399552048	true	1.0
N995	opposes 1.0		favors 0.5177327891345923 opposes 0.42711839136616864 __DUMMY__ 0.05514881949923911	true	0.5
N990	favors 1.0	favors 1.0	favors 0.7437765322510081 opposes 0.2306694251893307 __DUMMY__ 0.02555404255966105	false	1.0
N991	favors 1.0		favors 0.5172180747871127 opposes 0.42762930325154613 __DUMMY__ 0.05515262196134114	true	1.0
N516	opposes 1.0		favors 0.5134067637419694 opposes 0.43185081953406673 __DUMMY__ 0.05474241672396393	true	0.5
N517	favors 1.0		favors 0.5185927716514079 opposes 0.42627538352736705 __DUMMY__ 0.05513184482122504	true	1.0
N518	opposes 1.0		favors 0.5180738725211796 opposes 0.42726677432447047 __DUMMY__ 0.05465935315434978	true	0.5
N519	favors 1.0		favors 0.5140691167679708 opposes 0.43098105881903837 __DUMMY__ 0.054949824412990754	true	1.0
N512	opposes 1.0		favors 0.522479968265083 opposes 0.4231911754202817 __DUMMY__ 0.05432885631463533	true	0.5
N996	opposes 1.0		favors 0.5236996403300181 opposes 0.42200843483998396 __DUMMY__ 0.054291924829997985	true	0.5
N997	favors 1.0		favors 0.5151078188130099 opposes 0.4295524236144418 __DUMMY__ 0.055339757572548186	true	1.0
N513	favors 1.0	favors 1.0	favors 0.744558130096814 opposes 0.22981343288093944 __DUMMY__ 0.025628437022246497	false	1.0
N514	opposes 1.0		favors 0.5120154811724116 opposes 0.4329201093376395 __DUMMY__ 0.05506440948994899	true	0.5
N998	favors 1.0		favors 0.5165649001148509 opposes 0.4280714439498859 __DUMMY__ 0.05536365593526328	true	1.0
N999	opposes 1.0		favors 0.5277028751584478 opposes 0.4180948489841768 __DUMMY__ 0.054202275857375366	true	0.5
N515	opposes 1.0		favors 0.5227596021359313 opposes 0.42228153592723144 __DUMMY__ 0.054958861936837376	true	0.5
N541	favors 1.0		favors 0.5182743342275716 opposes 0.42714770673975394 __DUMMY__ 0.05457795903267437	true	1.0
N542	opposes 1.0		favors 0.5126003702643819 opposes 0.4324750753803118 __DUMMY__ 0.054924554355306306	true	0.5
N543	favors 1.0		favors 0.5172394171335792 opposes 0.4276725205859929 __DUMMY__ 0.05508806228042781	true	1.0
N544	favors 1.0		favors 0.5236637099411509 opposes 0.42212931740674986 __DUMMY__ 0.05420697265209942	true	1.0
N540	opposes 1.0	opposes 1.0	opposes 0.6966745296970352 favors 0.27800432496699284 __DUMMY__ 0.02532114533597187	false	1.0
N549	favors 1.0		favors 0.5119597706973502 opposes 0.4327171211656692 __DUMMY__ 0.055323108136980666	true	1.0
N545	favors 1.0		favors 0.5145340374901463 opposes 0.4302657274641005 __DUMMY__ 0.05520023504575322	true	1.0
N546	opposes 1.0		favors 0.5141456247886995 opposes 0.43051437726493286 __DUMMY__ 0.05533999794636766	true	0.5
N547	opposes 1.0		favors 0.5166202579287738 opposes 0.4281442694932448 __DUMMY__ 0.05523547257798145	true	0.5
N548	favors 1.0		favors 0.5270572835894816 opposes 0.4187612603322021 __DUMMY__ 0.05418145607831617	true	1.0
N530	opposes 1.0	opposes 1.0	opposes 0.698181295944254 favors 0.2764011683006325 __DUMMY__ 0.025417535755113487	false	1.0
N531	opposes 1.0		favors 0.522887192540474 opposes 0.4228260460743917 __DUMMY__ 0.0542867613851343	true	0.5
N532	opposes 1.0	opposes 1.0	opposes 0.7002755355908847 favors 0.27406536025470896 __DUMMY__ 0.025659104154406406	false	1.0
N533	favors 1.0		favors 0.5113508540628416 opposes 0.4335947216520973 __DUMMY__ 0.05505442428506106	true	1.0
N1390	favors 1.0		favors 0.5192620736976875 opposes 0.42607507047557563 __DUMMY__ 0.054662855826736884	true	1.0
N1393	opposes 1.0		favors 0.5216940823543654 opposes 0.423760897741149 __DUMMY__ 0.054545019904485494	true	0.5
N538	opposes 1.0		favors 0.5138756158295563 opposes 0.4311690388880052 __DUMMY__ 0.05495534528243837	true	0.5
N539	opposes 1.0		favors 0.5165083210122414 opposes 0.4283641409831972 __DUMMY__ 0.055127538004561286	true	0.5
N1394	opposes 1.0		favors 0.5199573004568737 opposes 0.4254802308292114 __DUMMY__ 0.054562468713914986	true	0.5
N1391	opposes 1.0		favors 0.5150455596287941 opposes 0.4300455638924484 __DUMMY__ 0.05490887647875745	true	0.5
N1392	opposes 1.0		favors 0.517805869237693 opposes 0.4271019516855417 __DUMMY__ 0.05509217907676516	true	0.5
N534	favors 1.0		favors 0.5226288883909918 opposes 0.42242254659556155 __DUMMY__ 0.054948565013446755	true	1.0
N1397	favors 1.0	favors 1.0	favors 0.750325268769647 opposes 0.22452616122117594 __DUMMY__ 0.025148570009176956	false	1.0
N535	favors 1.0		favors 0.5127809202259423 opposes 0.4324504905901559 __DUMMY__ 0.054768589183901824	true	1.0
N1398	favors 1.0		favors 0.5157170951563638 opposes 0.4290994512936974 __DUMMY__ 0.055183453549938755	true	1.0
N1395	opposes 1.0		favors 0.5133931451980583 opposes 0.43163894819182336 __DUMMY__ 0.054967906610118245	true	0.5
N536	opposes 1.0		favors 0.5183558101776212 opposes 0.42652221389853606 __DUMMY__ 0.055121975923842687	true	0.5
N537	favors 1.0		favors 0.5176384779147428 opposes 0.4277320429975255 __DUMMY__ 0.05462947908773173	true	1.0
N1396	favors 1.0		favors 0.5184004856554573 opposes 0.4265564197131158 __DUMMY__ 0.05504309463142693	true	1.0
N1399	opposes 1.0		favors 0.5151096049451271 opposes 0.4295548590985063 __DUMMY__ 0.055335535956366734	true	0.5
N563	opposes 1.0		favors 0.5265840408416238 opposes 0.4191619065441196 __DUMMY__ 0.0542540526142566	true	0.5
N564	opposes 1.0		favors 0.5152770953481296 opposes 0.4295359096276568 __DUMMY__ 0.0551869950242136	true	0.5
N565	favors 1.0		favors 0.5145628361254797 opposes 0.4301232426087705 __DUMMY__ 0.05531392126574984	true	1.0
N566	favors 1.0		favors 0.5174255134628803 opposes 0.4273018192383299 __DUMMY__ 0.05527266729878975	true	1.0
N560	favors 1.0		favors 0.5199499260388416 opposes 0.4253773086682383 __DUMMY__ 0.05467276529292018	true	1.0
N561	favors 1.0		favors 0.5125677624127094 opposes 0.43252822595664636 __DUMMY__ 0.05490401163064432	true	1.0
N562	favors 1.0		favors 0.517834477339592 opposes 0.4269891672018124 __DUMMY__ 0.055176355458595554	true	1.0
N567	favors 1.0	favors 1.0	favors 0.7528079343308798 opposes 0.22207238904197596 __DUMMY__ 0.025119676627144365	false	1.0
N568	favors 1.0		favors 0.5115884798844557 opposes 0.4331210460455389 __DUMMY__ 0.055290474070005355	true	1.0
N569	opposes 1.0		favors 0.5183393692725762 opposes 0.4267767416929108 __DUMMY__ 0.05488388903451292	true	0.5
N552	favors 1.0	favors 1.0	favors 0.7440077027308601 opposes 0.23031857744743628 __DUMMY__ 0.025673719821703533	false	1.0
N553	opposes 1.0		favors 0.5110617961073738 opposes 0.43384365551593346 __DUMMY__ 0.05509454837669275	true	0.5
N554	opposes 1.0		favors 0.5131974527845052 opposes 0.4320761095663565 __DUMMY__ 0.05472643764913834	true	0.5
N555	favors 1.0		favors 0.5190178944337975 opposes 0.4258780972161241 __DUMMY__ 0.05510400835007846	true	1.0
N550	favors 1.0		favors 0.516998415601285 opposes 0.42825526517940793 __DUMMY__ 0.05474631921930705	true	1.0
N551	favors 1.0		favors 0.5225122191427354 opposes 0.4232036167427615 __DUMMY__ 0.054284164114503	true	1.0
N556	opposes 1.0		favors 0.5190410152819206 opposes 0.4263465151965619 __DUMMY__ 0.05461246952151752	true	0.5
