N1742	opposes 1.0		favors 0.5486113371313338 opposes 0.42871955970699405 __DUMMY__ 0.02266910316167213	true	0.5
N1743	opposes 1.0		favors 0.513859702386665 opposes 0.4630736304806843 __DUMMY__ 0.02306666713265083	true	0.5
N1740	favors 1.0	favors 1.0	favors 0.7422674112557466 opposes 0.2493547940676292 __DUMMY__ 0.008377794676624228	false	1.0
N1741	opposes 1.0		favors 0.5239107866894613 opposes 0.45296524290499957 __DUMMY__ 0.023123970405539086	true	0.5
N1746	opposes 1.0		favors 0.5520798450614645 opposes 0.4252081726914855 __DUMMY__ 0.022711982247050108	true	0.5
N1747	opposes 1.0		favors 0.5117515289522733 opposes 0.4650889989026176 __DUMMY__ 0.023159472145108956	true	0.5
N1744	favors 1.0		favors 0.5151870951572481 opposes 0.4615669731488607 __DUMMY__ 0.023245931693891293	true	1.0
N1745	favors 1.0	favors 1.0	favors 0.7464393489658576 opposes 0.24497403969936107 __DUMMY__ 0.008586611334781289	false	1.0
N1748	opposes 1.0	opposes 1.0	opposes 0.7169649057243853 favors 0.2748018687048417 __DUMMY__ 0.008233225570772986	false	1.0
N1749	favors 1.0	favors 1.0	favors 0.7602466404857209 opposes 0.23152882487386145 __DUMMY__ 0.008224534640417596	false	1.0
N1731	opposes 1.0	opposes 1.0	opposes 0.7162456120340202 favors 0.27532729513579246 __DUMMY__ 0.008427092830187279	false	1.0
N1732	opposes 1.0	opposes 1.0	opposes 0.7050607780716999 favors 0.2864169806753612 __DUMMY__ 0.0085222412529389	false	1.0
N1730	favors 1.0		favors 0.5026625432953299 opposes 0.47489828122196165 __DUMMY__ 0.022439175482708486	true	1.0
N1735	opposes 1.0	opposes 1.0	opposes 0.7120118832330798 favors 0.27973479528860445 __DUMMY__ 0.008253321478315813	false	1.0
N1736	favors 1.0	favors 1.0	favors 0.7422008673047596 opposes 0.24955418953704595 __DUMMY__ 0.008244943158194521	false	1.0
N1733	opposes 1.0		favors 0.5154482647274006 opposes 0.4617794488416787 __DUMMY__ 0.02277228643092076	true	0.5
N1734	favors 1.0	favors 1.0	favors 0.7519653054511397 opposes 0.23938830375236717 __DUMMY__ 0.008646390796493224	false	1.0
N1739	favors 1.0		favors 0.5392406372803504 opposes 0.4379900125355919 __DUMMY__ 0.02276935018405765	true	1.0
N1737	favors 1.0		favors 0.5257492964971572 opposes 0.45084347415627574 __DUMMY__ 0.023407229346567013	true	1.0
N1738	opposes 1.0	opposes 1.0	opposes 0.722603337803717 favors 0.26933607244007196 __DUMMY__ 0.008060589756211024	false	1.0
N1720	opposes 1.0		favors 0.5142971677777849 opposes 0.4628517087446384 __DUMMY__ 0.02285112347757669	true	0.5
N1721	opposes 1.0	opposes 1.0	opposes 0.7108974410542032 favors 0.28061702576854175 __DUMMY__ 0.008485533177255065	false	1.0
N1724	favors 1.0	favors 1.0	favors 0.745069035397094 opposes 0.24632501252370695 __DUMMY__ 0.008605952079199062	false	1.0
N1725	favors 1.0	favors 1.0	favors 0.7466292890806943 opposes 0.2447094989935169 __DUMMY__ 0.00866121192578891	false	1.0
N1722	favors 1.0		favors 0.5606327391723883 opposes 0.41682061306955165 __DUMMY__ 0.022546647758060215	true	1.0
N1723	favors 1.0		favors 0.5153132841395881 opposes 0.4616650596371485 __DUMMY__ 0.023021656223263427	true	1.0
N1728	opposes 1.0		favors 0.5179485168589563 opposes 0.45979441222672907 __DUMMY__ 0.02225707091431466	true	0.5
N1729	favors 1.0	favors 1.0	favors 0.7661713172262674 opposes 0.22556441182779488 __DUMMY__ 0.008264270945937667	false	1.0
N1726	favors 1.0	favors 1.0	favors 0.7732606424886875 opposes 0.21839424082545708 __DUMMY__ 0.008345116685855313	false	1.0
N1727	opposes 1.0		favors 0.511308625248502 opposes 0.46559875879236723 __DUMMY__ 0.023092615959130657	true	0.5
N1710	favors 1.0		favors 0.5027743012179837 opposes 0.4746355502109354 __DUMMY__ 0.02259014857108095	true	1.0
N1713	opposes 1.0	opposes 1.0	opposes 0.7134941153354327 favors 0.2779803737649436 __DUMMY__ 0.008525510899623596	false	1.0
N1714	favors 1.0		favors 0.5289548509427839 opposes 0.44761997944262066 __DUMMY__ 0.023425169614595325	true	1.0
N1711	favors 1.0		favors 0.5175248038328388 opposes 0.4595098409681229 __DUMMY__ 0.022965355199038192	true	1.0
N1712	favors 1.0	favors 1.0	favors 0.7613146684553479 opposes 0.2300545930735162 __DUMMY__ 0.00863073847113577	false	1.0
N1717	favors 1.0	favors 1.0	favors 0.7523989764476836 opposes 0.2388035671138183 __DUMMY__ 0.008797456438497966	false	1.0
N1718	opposes 1.0		favors 0.5019036637226324 opposes 0.47630445322020476 __DUMMY__ 0.02179188305716275	true	0.5
N1715	favors 1.0	favors 1.0	favors 0.7509469151882167 opposes 0.24090196521392815 __DUMMY__ 0.008151119597855173	false	1.0
N1716	favors 1.0		favors 0.5087977793522478 opposes 0.468846337210282 __DUMMY__ 0.022355883437470192	true	1.0
N1719	favors 1.0	favors 1.0	favors 0.7624893256867631 opposes 0.2291729948123025 __DUMMY__ 0.008337679500934425	false	1.0
N1782	favors 1.0	favors 1.0	favors 0.744232765356682 opposes 0.24725922836708397 __DUMMY__ 0.0085080062762341	false	1.0
N1783	favors 1.0	favors 1.0	favors 0.7453269208124991 opposes 0.24607156720360732 __DUMMY__ 0.008601511983893714	false	1.0
N1780	opposes 1.0		favors 0.5244863812535734 opposes 0.4523958987928471 __DUMMY__ 0.023117719953579512	true	0.5
N1781	opposes 1.0	opposes 1.0	opposes 0.69518749274486 favors 0.2964898931545498 __DUMMY__ 0.008322614100590243	false	1.0
N1786	opposes 1.0	opposes 1.0	opposes 0.718104733091873 favors 0.273300956853286 __DUMMY__ 0.00859431005484111	false	1.0
N1302	favors 1.0	favors 1.0	favors 0.7475646989512219 opposes 0.24384702283707593 __DUMMY__ 0.008588278211702178	false	1.0
N1303	favors 1.0		favors 0.562760884342941 opposes 0.4145216982499863 __DUMMY__ 0.022717417407072723	true	1.0
N1787	opposes 1.0		favors 0.5163332477993895 opposes 0.4611931403595557 __DUMMY__ 0.02247361184105481	true	0.5
N1300	favors 1.0	favors 1.0	favors 0.7451896875015371 opposes 0.24634484535405454 __DUMMY__ 0.008465467144408361	false	1.0
N1784	favors 1.0		favors 0.5187858642284122 opposes 0.45795348035767397 __DUMMY__ 0.02326065541391388	true	1.0
N1301	opposes 1.0	opposes 1.0	opposes 0.7158048306356567 favors 0.27562647298881676 __DUMMY__ 0.008568696375526498	false	1.0
N1785	opposes 1.0		favors 0.5617260754048069 opposes 0.4155595467676776 __DUMMY__ 0.022714377827515418	true	0.5
N1306	opposes 1.0	opposes 1.0	opposes 0.6965016933251877 favors 0.2952703582192676 __DUMMY__ 0.008227948455544616	false	1.0
N1307	favors 1.0		favors 0.5043292768312065 opposes 0.4731540393731571 __DUMMY__ 0.02251668379563634	true	1.0
N1304	favors 1.0	favors 1.0	favors 0.7443299313939058 opposes 0.24710084420221115 __DUMMY__ 0.008569224403883082	false	1.0
N1788	favors 1.0		favors 0.5510592635667053 opposes 0.42636160527074723 __DUMMY__ 0.02257913116254738	true	1.0
N1789	opposes 1.0	opposes 1.0	opposes 0.7236546159793682 favors 0.26808317036467655 __DUMMY__ 0.008262213655955176	false	1.0
N1305	favors 1.0		favors 0.5181339552083106 opposes 0.45954738159932706 __DUMMY__ 0.022318663192362347	true	1.0
N1308	opposes 1.0	opposes 1.0	opposes 0.7143464709763083 favors 0.27719687762987577 __DUMMY__ 0.008456651393815956	false	1.0
N1309	opposes 1.0		favors 0.542344994079416 opposes 0.43453474679898846 __DUMMY__ 0.023120259121595557	true	0.5
N1771	favors 1.0		favors 0.5430284235686597 opposes 0.43374209538719044 __DUMMY__ 0.02322948104415002	true	1.0
N1772	opposes 1.0		favors 0.5166081779403932 opposes 0.4604831518076804 __DUMMY__ 0.022908670251926423	true	0.5
N1770	opposes 1.0		favors 0.5178918757589271 opposes 0.45905398605383263 __DUMMY__ 0.023054138187240336	true	0.5
N1775	favors 1.0		favors 0.5087284012536951 opposes 0.46870623264363803 __DUMMY__ 0.022565366102667007	true	1.0
N1776	favors 1.0		favors 0.5268906806986191 opposes 0.44959493901765896 __DUMMY__ 0.023514380283721874	true	1.0
N1773	favors 1.0		favors 0.527251828013393 opposes 0.4493081696711975 __DUMMY__ 0.0234400023154094	true	1.0
N1774	opposes 1.0	opposes 1.0	opposes 0.7101107792858539 favors 0.281661139417138 __DUMMY__ 0.008228081297008197	false	1.0
N1779	favors 1.0		favors 0.5121898119193096 opposes 0.46495874553861644 __DUMMY__ 0.02285144254207406	true	1.0
N1777	favors 1.0	favors 1.0	favors 0.7371073356030513 opposes 0.2548650008066113 __DUMMY__ 0.008027663590337433	false	1.0
N1778	favors 1.0	favors 1.0	favors 0.7602556116110235 opposes 0.23137205237347702 __DUMMY__ 0.008372336015499464	false	1.0
N901	favors 1.0	favors 1.0	favors 0.7450248494486915 opposes 0.24638080505758408 __DUMMY__ 0.008594345493724289	false	1.0
N902	favors 1.0		favors 0.5168427313405571 opposes 0.45994750752643065 __DUMMY__ 0.02320976113301212	true	1.0
N903	opposes 1.0	opposes 1.0	opposes 0.6955787074571453 favors 0.296171161229219 __DUMMY__ 0.008250131313635715	false	1.0
N904	opposes 1.0		favors 0.5104353549262304 opposes 0.46647234511640845 __DUMMY__ 0.02309229995736128	true	0.5
N1760	opposes 1.0		favors 0.5252624630001324 opposes 0.45162295855877393 __DUMMY__ 0.023114578441093735	true	0.5
N1761	opposes 1.0		favors 0.5546458181556919 opposes 0.42265743443992715 __DUMMY__ 0.0226967474043808	true	0.5
N900	favors 1.0	favors 1.0	favors 0.7442037777773743 opposes 0.2473018655150202 __DUMMY__ 0.008494356707605304	false	1.0
N909	favors 1.0		favors 0.5361164148313721 opposes 0.4407156226321783 __DUMMY__ 0.023167962536449607	true	1.0
N1764	favors 1.0	favors 1.0	favors 0.7470925470046387 opposes 0.24429308451463344 __DUMMY__ 0.008614368480727854	false	1.0
N1765	opposes 1.0		favors 0.56188078852041 opposes 0.41533697142004217 __DUMMY__ 0.02278224005954771	true	0.5
N1762	favors 1.0	favors 1.0	favors 0.7444866037794107 opposes 0.24702569335247387 __DUMMY__ 0.008487702868115465	false	1.0
N1763	opposes 1.0		favors 0.515769603176697 opposes 0.4609976892231304 __DUMMY__ 0.023232707600172566	true	0.5
N1768	favors 1.0		favors 0.5511396667597303 opposes 0.42625821810109166 __DUMMY__ 0.022602115139178185	true	1.0
N905	opposes 1.0	opposes 1.0	opposes 0.7167802945053499 favors 0.2750404035954677 __DUMMY__ 0.00817930189918238	false	1.0
N906	favors 1.0		favors 0.5441021347989383 opposes 0.4334974842366749 __DUMMY__ 0.022400380964386898	true	1.0
N1769	opposes 1.0	opposes 1.0	opposes 0.7233325967226247 favors 0.2684287405814753 __DUMMY__ 0.008238662695899984	false	1.0
N1766	opposes 1.0	opposes 1.0	opposes 0.717963697576039 favors 0.2734649830820276 __DUMMY__ 0.00857131934193357	false	1.0
N907	opposes 1.0		favors 0.502201982314864 opposes 0.4751876838566526 __DUMMY__ 0.022610333828483486	true	0.5
N908	opposes 1.0		favors 0.5134527072218943 opposes 0.4635765264930449 __DUMMY__ 0.02297076628506082	true	0.5
N1767	opposes 1.0		favors 0.5180851924746992 opposes 0.4594091344092167 __DUMMY__ 0.022505673116084136	true	0.5
N1750	opposes 1.0		favors 0.50391864881805 opposes 0.4734238106507077 __DUMMY__ 0.02265754053124211	true	0.5
N1753	favors 1.0	favors 1.0	favors 0.7517061337115882 opposes 0.23962362118886543 __DUMMY__ 0.008670245099546274	false	1.0
N1754	opposes 1.0	opposes 1.0	opposes 0.7105050174560961 favors 0.2812471882250493 __DUMMY__ 0.008247794318854676	false	1.0
N1751	opposes 1.0		favors 0.5181038383345661 opposes 0.4588656374273083 __DUMMY__ 0.023030524238125634	true	0.5
N1752	opposes 1.0		favors 0.5164053847903077 opposes 0.46063759705593205 __DUMMY__ 0.022957018153760264	true	0.5
N1757	favors 1.0	favors 1.0	favors 0.7372892969571356 opposes 0.2546545130001343 __DUMMY__ 0.008056190042730078	false	1.0
N1758	favors 1.0		favors 0.5439583026313544 opposes 0.43319814712575866 __DUMMY__ 0.022843550242887006	true	1.0
N1755	favors 1.0		favors 0.509277680067772 opposes 0.46816989268437026 __DUMMY__ 0.022552427247857627	true	1.0
N1756	favors 1.0	favors 1.0	favors 0.7518697833303851 opposes 0.2394059151529234 __DUMMY__ 0.008724301516691485	false	1.0
N1759	favors 1.0	favors 1.0	favors 0.7425852162274791 opposes 0.24893615378504433 __DUMMY__ 0.008478629987476607	false	1.0
N923	favors 1.0		favors 0.5536666595877292 opposes 0.42362505335385897 __DUMMY__ 0.02270828705841169	true	1.0
N924	opposes 1.0	opposes 1.0	opposes 0.7190031090555846 favors 0.272452477341296 __DUMMY__ 0.008544413603119454	false	1.0
N925	opposes 1.0		favors 0.5131578001891556 opposes 0.46433639945046895 __DUMMY__ 0.022505800360375614	true	0.5
N926	favors 1.0		favors 0.543861944350882 opposes 0.43358574513790643 __DUMMY__ 0.022552310511211704	true	1.0
N1342	favors 1.0	favors 1.0	favors 0.7480183759353597 opposes 0.2434115392572966 __DUMMY__ 0.008570084807343753	false	1.0
N1343	favors 1.0	favors 1.0	favors 0.7681905433588192 opposes 0.22351517723850498 __DUMMY__ 0.00829427940267579	false	1.0
N920	favors 1.0		favors 0.5127662996623094 opposes 0.4641944588750769 __DUMMY__ 0.02303924146261377	true	1.0
N921	favors 1.0	favors 1.0	favors 0.7450783031918841 opposes 0.24633714386150457 __DUMMY__ 0.008584552946611406	false	1.0
N1340	favors 1.0	favors 1.0	favors 0.7457243654030654 opposes 0.24578729471841562 __DUMMY__ 0.008488339878518894	false	1.0
N1341	favors 1.0	favors 1.0	favors 0.7459054771672446 opposes 0.24549783158365562 __DUMMY__ 0.008596691249099828	false	1.0
N922	favors 1.0		favors 0.5155368556794249 opposes 0.46120133170913136 __DUMMY__ 0.023261812611443763	true	1.0
N1346	favors 1.0	favors 1.0	favors 0.7632431364439554 opposes 0.22858361012206918 __DUMMY__ 0.008173253433975467	false	1.0
N1347	opposes 1.0	opposes 1.0	opposes 0.7218857715371654 favors 0.2698386640618294 __DUMMY__ 0.008275564401005162	false	1.0
N1344	opposes 1.0		favors 0.5134168853676014 opposes 0.4633979882766385 __DUMMY__ 0.023185126355760147	true	0.5
N1345	opposes 1.0	opposes 1.0	opposes 0.7145213210635631 favors 0.2773304306602869 __DUMMY__ 0.008148248276149881	false	1.0
N927	opposes 1.0		favors 0.5019517023538899 opposes 0.4754554819492606 __DUMMY__ 0.0225928156968495	true	0.5
N928	favors 1.0	favors 1.0	favors 0.7459519362981378 opposes 0.24556219166295193 __DUMMY__ 0.008485872038910188	false	1.0
N929	favors 1.0	favors 1.0	favors 0.7586703101293154 opposes 0.232780705626805 __DUMMY__ 0.008548984243879568	false	1.0
N1348	favors 1.0		favors 0.5464534993141 opposes 0.4303797670094913 __DUMMY__ 0.023166733676408518	true	1.0
N1349	favors 1.0		favors 0.5176861583513764 opposes 0.45950848610565687 __DUMMY__ 0.022805355542966695	true	1.0
N912	opposes 1.0	opposes 1.0	opposes 0.7134824498702754 favors 0.27828232707314166 __DUMMY__ 0.008235223056582976	false	1.0
N913	favors 1.0		favors 0.5072196651249629 opposes 0.47026877486529756 __DUMMY__ 0.022511560009739435	true	1.0
N914	favors 1.0	favors 1.0	favors 0.7500599381907629 opposes 0.24125159004483698 __DUMMY__ 0.00868847176440022	false	1.0
N915	favors 1.0	favors 1.0	favors 0.735446191690325 opposes 0.25650899716678827 __DUMMY__ 0.00804481114288681	false	1.0
N1331	favors 1.0		favors 0.530371174568157 opposes 0.446297439387921 __DUMMY__ 0.02333138604392196	true	1.0
N1332	favors 1.0		favors 0.5303486725267618 opposes 0.4471486091411289 __DUMMY__ 0.022502718332109282	true	1.0
N910	opposes 1.0	opposes 1.0	opposes 0.7170746901313672 favors 0.27447606079088244 __DUMMY__ 0.008449249077750439	false	1.0
N1330	opposes 1.0	opposes 1.0	opposes 0.713207999381289 favors 0.27841429977882654 __DUMMY__ 0.008377700839884449	false	1.0
N911	favors 1.0		favors 0.5253848300705046 opposes 0.4512093815814042 __DUMMY__ 0.023405788348091098	true	1.0
N1335	opposes 1.0		favors 0.5089506465832762 opposes 0.468873419269891 __DUMMY__ 0.022175934146832766	true	0.5
N1336	favors 1.0		favors 0.5448813576987979 opposes 0.43245489948518656 __DUMMY__ 0.022663742816015416	true	1.0
N1333	favors 1.0	favors 1.0	favors 0.743957461323159 opposes 0.247829402509493 __DUMMY__ 0.008213136167347954	false	1.0
N1334	favors 1.0	favors 1.0	favors 0.7527694344709096 opposes 0.23857425536787583 __DUMMY__ 0.008656310161214525	false	1.0
N1339	opposes 1.0		favors 0.5543872914349902 opposes 0.4230713501640388 __DUMMY__ 0.022541358400970987	true	0.5
N916	favors 1.0		favors 0.5385795605426984 opposes 0.4386327251909805 __DUMMY__ 0.022787714266320917	true	1.0
N917	favors 1.0		favors 0.5093695219592144 opposes 0.4678496361489259 __DUMMY__ 0.022780841891859843	true	1.0
N1337	favors 1.0		favors 0.5156924694908511 opposes 0.4615715491690787 __DUMMY__ 0.022735981340070037	true	1.0
N918	opposes 1.0		favors 0.5223312583165061 opposes 0.4545598040988394 __DUMMY__ 0.023108937584654488	true	0.5
N1338	opposes 1.0		favors 0.5268842384289968 opposes 0.4500479422712176 __DUMMY__ 0.023067819299785703	true	0.5
N919	opposes 1.0	opposes 1.0	opposes 0.6984189430342314 favors 0.29325521820596756 __DUMMY__ 0.008325838759801155	false	1.0
N940	opposes 1.0		favors 0.514503651498284 opposes 0.46239621546073706 __DUMMY__ 0.023100133040978896	true	0.5
N945	favors 1.0		favors 0.5148641470064924 opposes 0.46272109498129205 __DUMMY__ 0.022414758012215503	true	1.0
N946	opposes 1.0	opposes 1.0	opposes 0.6989415988008256 favors 0.29285954286747573 __DUMMY__ 0.008198858331698592	false	1.0
N947	favors 1.0		favors 0.5034890661984041 opposes 0.47383019826903716 __DUMMY__ 0.022680735532558696	true	1.0
N948	opposes 1.0	opposes 1.0	opposes 0.7155677932809623 favors 0.27593050963086363 __DUMMY__ 0.008501697088174059	false	1.0
N941	opposes 1.0		favors 0.5152147733420699 opposes 0.46150496135522767 __DUMMY__ 0.023280265302702403	true	0.5
N1320	opposes 1.0		favors 0.5137934577315644 opposes 0.4631996404965789 __DUMMY__ 0.02300690177185676	true	0.5
N1321	favors 1.0	favors 1.0	favors 0.74542893277984 opposes 0.24599542278647898 __DUMMY__ 0.00857564443368092	false	1.0
N942	opposes 1.0	opposes 1.0	opposes 0.7144161923577225 favors 0.27697575033765914 __DUMMY__ 0.008608057304618425	false	1.0
N943	favors 1.0		favors 0.5566429555939061 opposes 0.4205973999540574 __DUMMY__ 0.022759644452036563	true	1.0
N944	favors 1.0		favors 0.5119646560528124 opposes 0.4647992029834721 __DUMMY__ 0.02323614096371566	true	1.0
N1324	opposes 1.0		favors 0.5120837767705061 opposes 0.46471938720674094 __DUMMY__ 0.023196836022752874	true	0.5
N1325	opposes 1.0	opposes 1.0	opposes 0.7155661953179078 favors 0.27633173455159754 __DUMMY__ 0.008102070130494708	false	1.0
N1322	favors 1.0		favors 0.5189143267999752 opposes 0.4578891197020178 __DUMMY__ 0.023196553498007106	true	1.0
N1323	favors 1.0	favors 1.0	favors 0.7694080096513154 opposes 0.22231170947369175 __DUMMY__ 0.00828028087499293	false	1.0
N1328	opposes 1.0	opposes 1.0	opposes 0.7133958666976407 favors 0.2781755532360267 __DUMMY__ 0.008428580066332519	false	1.0
N949	favors 1.0	favors 1.0	favors 0.7594830184256667 opposes 0.23194522779334342 __DUMMY__ 0.008571753780989823	false	1.0
N1329	favors 1.0	favors 1.0	favors 0.7597192385459284 opposes 0.2317827462447376 __DUMMY__ 0.008498015209334022	false	1.0
N1326	favors 1.0	favors 1.0	favors 0.7631079154813327 opposes 0.22873676701106574 __DUMMY__ 0.00815531750760163	false	1.0
N1327	opposes 1.0	opposes 1.0	opposes 0.7231136388128293 favors 0.26864876616148126 __DUMMY__ 0.008237595025689395	false	1.0
N934	opposes 1.0		favors 0.5270708497007901 opposes 0.4494404032888239 __DUMMY__ 0.023488747010385957	true	0.5
N935	opposes 1.0	opposes 1.0	opposes 0.7224158672370434 favors 0.2695004822835974 __DUMMY__ 0.008083650479359163	false	1.0
N1790	favors 1.0		favors 0.5187962162311831 opposes 0.45823513714638703 __DUMMY__ 0.022968646622429888	true	1.0
N936	opposes 1.0		favors 0.5429239472935095 opposes 0.43431134088043716 __DUMMY__ 0.022764711826053396	true	0.5
N937	opposes 1.0		favors 0.51130634724752 opposes 0.4658908725196075 __DUMMY__ 0.022802780232872574	true	0.5
N930	favors 1.0		favors 0.515857098005929 opposes 0.46131007106655575 __DUMMY__ 0.022832830927515157	true	1.0
N1793	opposes 1.0	opposes 1.0	opposes 0.709338416643828 favors 0.28201694682496575 __DUMMY__ 0.008644636531206151	false	1.0
N931	opposes 1.0		favors 0.5289560258220372 opposes 0.44762740261874234 __DUMMY__ 0.023416571559220473	true	0.5
N1310	opposes 1.0		favors 0.5173652957508281 opposes 0.45987229481508274 __DUMMY__ 0.022762409434089238	true	0.5
N1794	favors 1.0	favors 1.0	favors 0.7514003982857974 opposes 0.2403874678558869 __DUMMY__ 0.008212133858315752	false	1.0
N932	favors 1.0		favors 0.5266372214828134 opposes 0.45083293189367213 __DUMMY__ 0.022529846623514323	true	1.0
N1791	favors 1.0	favors 1.0	favors 0.7603811212271048 opposes 0.23110746670287485 __DUMMY__ 0.008511412070020433	false	1.0
N1792	favors 1.0		favors 0.516747287135818 opposes 0.46038342487728595 __DUMMY__ 0.022869287986896088	true	1.0
N933	opposes 1.0	opposes 1.0	opposes 0.7186305040317481 favors 0.2731271218164454 __DUMMY__ 0.008242374151806469	false	1.0
N1797	opposes 1.0	opposes 1.0	opposes 0.7220945941037822 favors 0.26987227593870045 __DUMMY__ 0.008033129957517359	false	1.0
N1313	favors 1.0	favors 1.0	favors 0.7419053965669035 opposes 0.24993250479027584 __DUMMY__ 0.00816209864282081	false	1.0
N1314	favors 1.0		favors 0.5269282334096256 opposes 0.4496542068440984 __DUMMY__ 0.02341755974627611	true	1.0
N1798	favors 1.0		favors 0.5443497563722813 opposes 0.4329225798762885 __DUMMY__ 0.02272766375143006	true	1.0
N1311	favors 1.0	favors 1.0	favors 0.7521094848264863 opposes 0.23924287026364996 __DUMMY__ 0.008647644909863625	false	1.0
N1795	opposes 1.0	opposes 1.0	opposes 0.7184906389871497 favors 0.27328627907250486 __DUMMY__ 0.008223081940345482	false	1.0
N1312	opposes 1.0	opposes 1.0	opposes 0.7104032846514923 favors 0.28148028459684693 __DUMMY__ 0.008116430751660792	false	1.0
N1796	opposes 1.0	opposes 1.0	opposes 0.7096280021999813 favors 0.2817089165178271 __DUMMY__ 0.008663081282191587	false	1.0
N1317	favors 1.0		favors 0.5129536179828614 opposes 0.4643140946836338 __DUMMY__ 0.022732287333504745	true	1.0
N938	favors 1.0	favors 1.0	favors 0.7505286483104221 opposes 0.24097668811511158 __DUMMY__ 0.008494663574466224	false	1.0
N939	favors 1.0	favors 1.0	favors 0.7652889639941601 opposes 0.22642539447772536 __DUMMY__ 0.008285641528114436	false	1.0
N1318	opposes 1.0		favors 0.5250362440460585 opposes 0.4519376599763368 __DUMMY__ 0.023026095977604567	true	0.5
N1315	favors 1.0	favors 1.0	favors 0.7376034704001168 opposes 0.2544355294620584 __DUMMY__ 0.007961000137824876	false	1.0
N1799	opposes 1.0		favors 0.5118185381475585 opposes 0.4653738136071978 __DUMMY__ 0.022807648245243804	true	0.5
N1316	favors 1.0	favors 1.0	favors 0.7604595493004371 opposes 0.23130900717739988 __DUMMY__ 0.008231443522162927	false	1.0
N1319	favors 1.0	favors 1.0	favors 0.7659335501106238 opposes 0.22588454472083866 __DUMMY__ 0.008181905168537553	false	1.0
N960	opposes 1.0		favors 0.5150287731442406 opposes 0.4617798953275607 __DUMMY__ 0.0231913315281988	true	0.5
N961	opposes 1.0		favors 0.5176780457261743 opposes 0.4591060349492671 __DUMMY__ 0.02321591932455856	true	0.5
N962	favors 1.0	favors 1.0	favors 0.7699248082666256 opposes 0.22174752802618458 __DUMMY__ 0.008327663707189905	false	1.0
N967	opposes 1.0		favors 0.5173812251404042 opposes 0.45958726248784926 __DUMMY__ 0.023031512371746495	true	0.5
N1382	opposes 1.0		favors 0.5114651465544304 opposes 0.4653303911869399 __DUMMY__ 0.023204462258629693	true	0.5
N968	favors 1.0	favors 1.0	favors 0.7579200960105851 opposes 0.23354256894923786 __DUMMY__ 0.008537335040177011	false	1.0
N1383	opposes 1.0	opposes 1.0	opposes 0.7160424378356967 favors 0.27581500809386 __DUMMY__ 0.008142554070443358	false	1.0
N969	opposes 1.0	opposes 1.0	opposes 0.7154699660495809 favors 0.2760712782065641 __DUMMY__ 0.00845875574385497	false	1.0
N1380	favors 1.0		favors 0.5186283633801904 opposes 0.4581765158224159 __DUMMY__ 0.02319512079739369	true	1.0
N1381	favors 1.0	favors 1.0	favors 0.7697758181883484 opposes 0.22189231294276043 __DUMMY__ 0.0083318688688911	false	1.0
N963	favors 1.0		favors 0.5110871262277262 opposes 0.46583637566220426 __DUMMY__ 0.023076498110069465	true	1.0
N1386	favors 1.0		favors 0.5202390371667484 opposes 0.4568017150799583 __DUMMY__ 0.02295924775329343	true	1.0
N1387	favors 1.0		favors 0.5426230057042335 opposes 0.4342728186530821 __DUMMY__ 0.02310417564268454	true	1.0
N964	favors 1.0		favors 0.5139472145925484 opposes 0.4637603272795347 __DUMMY__ 0.022292458127916685	true	1.0
N1384	favors 1.0	favors 1.0	favors 0.7634154221008799 opposes 0.22837506445016248 __DUMMY__ 0.008209513448957545	false	1.0
N965	opposes 1.0		favors 0.5512061228652851 opposes 0.4263717918974239 __DUMMY__ 0.022422085237291105	true	0.5
N966	favors 1.0	favors 1.0	favors 0.7365674493422268 opposes 0.2552100825295888 __DUMMY__ 0.008222468128184333	false	1.0
N1385	opposes 1.0	opposes 1.0	opposes 0.72428645151977 favors 0.2674726501884883 __DUMMY__ 0.00824089829174167	false	1.0
N1388	favors 1.0	favors 1.0	favors 0.7467173152597811 opposes 0.2448950929175169 __DUMMY__ 0.008387591822701917	false	1.0
N1389	opposes 1.0		favors 0.5302145113459898 opposes 0.4464436565541899 __DUMMY__ 0.02334183209982039	true	0.5
N950	favors 1.0		favors 0.5138120518727113 opposes 0.46331464022054003 __DUMMY__ 0.02287330790674876	true	1.0
N951	opposes 1.0		favors 0.5272793126918696 opposes 0.4493568214289644 __DUMMY__ 0.023363865879166154	true	0.5
N956	opposes 1.0		favors 0.5106426207306751 opposes 0.4665358346767198 __DUMMY__ 0.022821544592605242	true	0.5
N1371	opposes 1.0	opposes 1.0	opposes 0.720953251888212 favors 0.27084905756945105 __DUMMY__ 0.008197690542336857	false	1.0
N1372	favors 1.0		favors 0.5257421297507885 opposes 0.45081874828174473 __DUMMY__ 0.023439121967466784	true	1.0
N957	favors 1.0		favors 0.5236806481544547 opposes 0.4532702260036746 __DUMMY__ 0.02304912584187073	true	1.0
N958	favors 1.0		favors 0.5555810072245938 opposes 0.42184262732887107 __DUMMY__ 0.02257636544653511	true	1.0
N1370	opposes 1.0	opposes 1.0	opposes 0.7106046631800268 favors 0.2812171524669887 __DUMMY__ 0.008178184352984497	false	1.0
N959	favors 1.0		favors 0.5133290024797055 opposes 0.46365869639353113 __DUMMY__ 0.02301230112676346	true	1.0
N952	favors 1.0	favors 1.0	favors 0.7488072925549347 opposes 0.24304295576978763 __DUMMY__ 0.008149751675277641	false	1.0
N1375	favors 1.0	favors 1.0	favors 0.7422552384319614 opposes 0.24931836400165808 __DUMMY__ 0.008426397566380544	false	1.0
N1376	opposes 1.0		favors 0.5239005131778262 opposes 0.45305768083746323 __DUMMY__ 0.023041805984710558	true	0.5
N953	opposes 1.0	opposes 1.0	opposes 0.72083491730631 favors 0.2709699753302861 __DUMMY__ 0.008195107363404015	false	1.0
N954	opposes 1.0		favors 0.49756752352715283 opposes 0.4805505823676339 __DUMMY__ 0.02188189410521322	true	0.5
N1373	favors 1.0	favors 1.0	favors 0.7365105209378008 opposes 0.25549015073280484 __DUMMY__ 0.007999328329394317	false	1.0
N955	opposes 1.0	opposes 1.0	opposes 0.7008577338471501 favors 0.2908029912610251 __DUMMY__ 0.008339274891824736	false	1.0
N1374	favors 1.0		favors 0.5433139854036495 opposes 0.43402752515843857 __DUMMY__ 0.02265848943791195	true	1.0
N1379	favors 1.0		favors 0.5145896167360681 opposes 0.4622081242648904 __DUMMY__ 0.023202258999041395	true	1.0
N1377	opposes 1.0	opposes 1.0	opposes 0.6953807675640798 favors 0.29638142134811907 __DUMMY__ 0.00823781108780111	false	1.0
N1378	favors 1.0	favors 1.0	favors 0.7436256308186394 opposes 0.24790587906977352 __DUMMY__ 0.008468490111587066	false	1.0
N981	opposes 1.0		favors 0.5118608824179617 opposes 0.4649718269817407 __DUMMY__ 0.023167290600297673	true	0.5
N982	opposes 1.0	opposes 1.0	opposes 0.7168839899111987 favors 0.2749308746250588 __DUMMY__ 0.00818513546374247	false	1.0
N983	favors 1.0		favors 0.5462406571709677 opposes 0.4311978306381508 __DUMMY__ 0.02256151219088151	true	1.0
N500	opposes 1.0	opposes 1.0	opposes 0.7115841556599866 favors 0.2797594797035203 __DUMMY__ 0.008656364636493188	false	1.0
N984	favors 1.0		favors 0.5020547858462445 opposes 0.47533112893793755 __DUMMY__ 0.02261408521581796	true	1.0
N980	favors 1.0	favors 1.0	favors 0.7464099207311016 opposes 0.24500847235075812 __DUMMY__ 0.008581606918140406	false	1.0
N505	favors 1.0	favors 1.0	favors 0.7634516833489385 opposes 0.22828530629310576 __DUMMY__ 0.008263010357955765	false	1.0
N989	opposes 1.0		favors 0.5237942040726553 opposes 0.4535085058074739 __DUMMY__ 0.022697290119870907	true	0.5
N1360	opposes 1.0		favors 0.515713257569453 opposes 0.46105309158700425 __DUMMY__ 0.023233650843542834	true	0.5
N506	opposes 1.0		favors 0.5139157008846968 opposes 0.4629701329030183 __DUMMY__ 0.02311416621228487	true	0.5
N1361	favors 1.0		favors 0.5204427112747031 opposes 0.4563343058308363 __DUMMY__ 0.02322298289446048	true	1.0
N507	opposes 1.0		favors 0.5145241827109949 opposes 0.46218281581705145 __DUMMY__ 0.0232930014719537	true	0.5
N508	opposes 1.0		favors 0.5185185418097435 opposes 0.45827989203488617 __DUMMY__ 0.02320156615537024	true	0.5
N501	opposes 1.0		favors 0.5064319396796407 opposes 0.47130894943877977 __DUMMY__ 0.022259110881579582	true	0.5
N985	opposes 1.0	opposes 1.0	opposes 0.7154051727649605 favors 0.27606640046877345 __DUMMY__ 0.008528426766266	false	1.0
N1364	favors 1.0		favors 0.5577582986876928 opposes 0.4199248985893309 __DUMMY__ 0.022316802722976297	true	1.0
N502	favors 1.0	favors 1.0	favors 0.7585997551864124 opposes 0.23310018979731323 __DUMMY__ 0.008300055016274389	false	1.0
N986	opposes 1.0	opposes 1.0	opposes 0.7040738237571951 favors 0.28733522993171406 __DUMMY__ 0.00859094631109076	false	1.0
N1365	favors 1.0	favors 1.0	favors 0.7372493358048782 opposes 0.25453298759797305 __DUMMY__ 0.008217676597148825	false	1.0
N503	opposes 1.0		favors 0.5129035594807628 opposes 0.464331753939448 __DUMMY__ 0.022764686579789053	true	0.5
N987	opposes 1.0		favors 0.5152942839318796 opposes 0.46176901043540136 __DUMMY__ 0.022936705632719153	true	0.5
N1362	favors 1.0	favors 1.0	favors 0.7732467708062267 opposes 0.21846748568329102 __DUMMY__ 0.008285743510482167	false	1.0
N1363	opposes 1.0	opposes 1.0	opposes 0.7179985342473052 favors 0.2734151346630044 __DUMMY__ 0.008586331089690452	false	1.0
N504	favors 1.0		favors 0.5237290439455948 opposes 0.45315913088558524 __DUMMY__ 0.023111825168819888	true	1.0
N988	favors 1.0	favors 1.0	favors 0.7513784983789433 opposes 0.23992698499667883 __DUMMY__ 0.008694516624377775	false	1.0
N1368	opposes 1.0		favors 0.5162194230941107 opposes 0.4609338789128314 __DUMMY__ 0.022846697993057944	true	0.5
N1369	favors 1.0		favors 0.5269467473546394 opposes 0.44967847998405364 __DUMMY__ 0.023374772661307094	true	1.0
N1366	opposes 1.0		favors 0.5169908175413175 opposes 0.4600059617515828 __DUMMY__ 0.023003220707099675	true	0.5
N1367	opposes 1.0	opposes 1.0	opposes 0.7021511895865248 favors 0.28929117367303414 __DUMMY__ 0.008557636740441034	false	1.0
N509	favors 1.0		favors 0.5525370099616952 opposes 0.4247072713778254 __DUMMY__ 0.02275571866047946	true	1.0
N970	favors 1.0		favors 0.5269000339270632 opposes 0.44971897824372753 __DUMMY__ 0.023380987829209356	true	1.0
N971	opposes 1.0	opposes 1.0	opposes 0.7117671200851624 favors 0.2799828720963032 __DUMMY__ 0.008250007818534326	false	1.0
N972	favors 1.0		favors 0.5084945287872036 opposes 0.46897146174653404 __DUMMY__ 0.02253400946626237	true	1.0
N973	favors 1.0		favors 0.5254617876164434 opposes 0.4511073513988638 __DUMMY__ 0.02343086098469286	true	1.0
N978	opposes 1.0	opposes 1.0	opposes 0.6979616167340943 favors 0.2937505324066085 __DUMMY__ 0.008287850859297223	false	1.0
N979	favors 1.0	favors 1.0	favors 0.7444640329177011 opposes 0.247061418713644 __DUMMY__ 0.008474548368654779	false	1.0
N1350	opposes 1.0		favors 0.5294250685732121 opposes 0.4471722083161547 __DUMMY__ 0.02340272311063312	true	0.5
N974	favors 1.0		favors 0.5036788219523869 opposes 0.4741344266127454 __DUMMY__ 0.022186751434867584	true	1.0
N1353	opposes 1.0	opposes 1.0	opposes 0.7090208135815658 favors 0.2822272721976415 __DUMMY__ 0.008751914220792703	false	1.0
N975	favors 1.0		favors 0.5403776787454684 opposes 0.4368461092526861 __DUMMY__ 0.02277621200184554	true	1.0
N1354	opposes 1.0		favors 0.5026878493323415 opposes 0.47557092795718586 __DUMMY__ 0.021741222710472588	true	0.5
N976	favors 1.0	favors 1.0	favors 0.7425646779443472 opposes 0.24901264503687193 __DUMMY__ 0.008422677018780859	false	1.0
N1351	favors 1.0	favors 1.0	favors 0.7516999040486154 opposes 0.24019937602034738 __DUMMY__ 0.008100719931037151	false	1.0
N977	opposes 1.0		favors 0.5235960394140164 opposes 0.4533091421837515 __DUMMY__ 0.023094818402231924	true	0.5
N1352	opposes 1.0	opposes 1.0	opposes 0.7196410453172205 favors 0.27220043663055765 __DUMMY__ 0.008158518052221748	false	1.0
N1357	favors 1.0	favors 1.0	favors 0.7509333855088111 opposes 0.2406182488358886 __DUMMY__ 0.008448365655300388	false	1.0
N1358	favors 1.0		favors 0.5603939478256141 opposes 0.4171458095723346 __DUMMY__ 0.022460242602051296	true	1.0
N1355	favors 1.0	favors 1.0	favors 0.7627021169267401 opposes 0.22902701650339438 __DUMMY__ 0.008270866569865521	false	1.0
N1356	opposes 1.0		favors 0.5131315475007431 opposes 0.4640713072185272 __DUMMY__ 0.022797145280729843	true	0.5
N1359	favors 1.0		favors 0.5141757209258554 opposes 0.4628116999961183 __DUMMY__ 0.023012579078026285	true	1.0
N520	favors 1.0		favors 0.5276915098318832 opposes 0.44880283710366453 __DUMMY__ 0.023505653064452424	true	1.0
N521	favors 1.0	favors 1.0	favors 0.7415626226109684 opposes 0.2502890961497222 __DUMMY__ 0.008148281239309352	false	1.0
N522	favors 1.0	favors 1.0	favors 0.7599256866204487 opposes 0.23171000881634518 __DUMMY__ 0.008364304563206203	false	1.0
N527	favors 1.0		favors 0.5203679855184739 opposes 0.45638749332407924 __DUMMY__ 0.023244521157446903	true	1.0
N528	favors 1.0		favors 0.5560608868369182 opposes 0.42106185714920824 __DUMMY__ 0.022877256013873616	true	1.0
N529	opposes 1.0	opposes 1.0	opposes 0.717932554705937 favors 0.2734560218970932 __DUMMY__ 0.008611423396969848	false	1.0
N523	favors 1.0	favors 1.0	favors 0.7442376824741118 opposes 0.24732944103570337 __DUMMY__ 0.008432876490184748	false	1.0
N524	opposes 1.0		favors 0.5255720525127124 opposes 0.4512537117864691 __DUMMY__ 0.02317423570081851	true	0.5
N525	opposes 1.0		favors 0.5521062095711483 opposes 0.4251738248642034 __DUMMY__ 0.022719965564648288	true	0.5
N526	favors 1.0	favors 1.0	favors 0.7458090800503923 opposes 0.2455853796225485 __DUMMY__ 0.008605540327059192	false	1.0
N992	favors 1.0		favors 0.5013995595024464 opposes 0.4763904417241586 __DUMMY__ 0.022209998773395006	true	1.0
N993	favors 1.0	favors 1.0	favors 0.7585429255508159 opposes 0.23305413258747032 __DUMMY__ 0.008402941861713763	false	1.0
N510	favors 1.0		favors 0.511302876167788 opposes 0.4654460438502399 __DUMMY__ 0.02325107998197204	true	1.0
N994	favors 1.0		favors 0.5119486232176611 opposes 0.46518810463166804 __DUMMY__ 0.02286327215067095	true	1.0
N511	favors 1.0		favors 0.5158062253977573 opposes 0.46172663528612734 __DUMMY__ 0.022467139316115447	true	1.0
N995	opposes 1.0		favors 0.5239008073293451 opposes 0.4529483813770717 __DUMMY__ 0.02315081129358311	true	0.5
N990	favors 1.0	favors 1.0	favors 0.740715494941017 opposes 0.25100898588794346 __DUMMY__ 0.008275519171039622	false	1.0
N991	favors 1.0	favors 1.0	favors 0.7508075059899836 opposes 0.24046627564528297 __DUMMY__ 0.008726218364733465	false	1.0
N516	opposes 1.0		favors 0.5194383795055366 opposes 0.4576457743183052 __DUMMY__ 0.02291584617615806	true	0.5
N517	favors 1.0	favors 1.0	favors 0.7530607935673432 opposes 0.23826526568114667 __DUMMY__ 0.008673940751510146	false	1.0
N518	opposes 1.0	opposes 1.0	opposes 0.7094924890164304 favors 0.28218478908981454 __DUMMY__ 0.008322721893755087	false	1.0
N519	favors 1.0		favors 0.5130560674726977 opposes 0.4642948840467085 __DUMMY__ 0.022649048480593844	true	1.0
N512	opposes 1.0	opposes 1.0	opposes 0.7011524764238851 favors 0.29065496171622923 __DUMMY__ 0.008192561859885634	false	1.0
N996	opposes 1.0		favors 0.5500717107701893 opposes 0.4271834082516789 __DUMMY__ 0.022744880978131904	true	0.5
N997	favors 1.0	favors 1.0	favors 0.7451807925585903 opposes 0.24622438169953678 __DUMMY__ 0.008594825741872933	false	1.0
N513	favors 1.0	favors 1.0	favors 0.7392482542808839 opposes 0.25244183104763573 __DUMMY__ 0.00830991467148046	false	1.0
N514	opposes 1.0		favors 0.5197816338780212 opposes 0.4570987978994829 __DUMMY__ 0.02311956822249581	true	0.5
N998	favors 1.0	favors 1.0	favors 0.7460388942255709 opposes 0.2453223618641832 __DUMMY__ 0.008638743910245982	false	1.0
N999	opposes 1.0	opposes 1.0	opposes 0.6947838967178906 favors 0.2968320527553745 __DUMMY__ 0.008384050526734903	false	1.0
N515	opposes 1.0		favors 0.5402284184639744 opposes 0.43653768265454307 __DUMMY__ 0.023233898881482622	true	0.5
N541	favors 1.0	favors 1.0	favors 0.7605929328414718 opposes 0.2310826896547561 __DUMMY__ 0.008324377503772122	false	1.0
N542	opposes 1.0	opposes 1.0	opposes 0.7170156902424817 favors 0.27457483659329496 __DUMMY__ 0.008409473164223339	false	1.0
N543	favors 1.0	favors 1.0	favors 0.7513303680492226 opposes 0.2401737816437189 __DUMMY__ 0.008495850307058586	false	1.0
N544	favors 1.0		favors 0.5540522005288558 opposes 0.4233083961333453 __DUMMY__ 0.02263940333779879	true	1.0
N540	opposes 1.0	opposes 1.0	opposes 0.7206491149522813 favors 0.27127269410758315 __DUMMY__ 0.00807819094013555	false	1.0
N549	favors 1.0		favors 0.512912781294762 opposes 0.4638462355926595 __DUMMY__ 0.023240983112578516	true	1.0
N545	favors 1.0	favors 1.0	favors 0.745543780637431 opposes 0.2459614757580602 __DUMMY__ 0.008494743604508793	false	1.0
N546	opposes 1.0	opposes 1.0	opposes 0.7162471001297606 favors 0.2751603779026623 __DUMMY__ 0.008592521967577212	false	1.0
N547	opposes 1.0	opposes 1.0	opposes 0.713808567850486 favors 0.2776121278309876 __DUMMY__ 0.00857930431852643	false	1.0
N548	favors 1.0		favors 0.5577517399615949 opposes 0.41947141213139244 __DUMMY__ 0.022776847907012593	true	1.0
N530	opposes 1.0	opposes 1.0	opposes 0.7154432624845941 favors 0.27633119922037314 __DUMMY__ 0.008225538295032682	false	1.0
N531	opposes 1.0		favors 0.5477954679591228 opposes 0.4296371816392389 __DUMMY__ 0.022567350401638347	true	0.5
N532	opposes 1.0	opposes 1.0	opposes 0.7218558380992066 favors 0.26979894760342643 __DUMMY__ 0.008345214297366982	false	1.0
N533	favors 1.0	favors 1.0	favors 0.746468068189696 opposes 0.24503661399399387 __DUMMY__ 0.008495317816310095	false	1.0
N1390	favors 1.0	favors 1.0	favors 0.75363414909073 opposes 0.23817839297225185 __DUMMY__ 0.008187457937018161	false	1.0
N1393	opposes 1.0	opposes 1.0	opposes 0.7203409314713395 favors 0.27159973847584873 __DUMMY__ 0.008059330052811722	false	1.0
N538	opposes 1.0	opposes 1.0	opposes 0.7176699457411574 favors 0.27408225089558313 __DUMMY__ 0.008247803363259431	false	1.0
N539	opposes 1.0		favors 0.5280036715774871 opposes 0.44852113995469167 __DUMMY__ 0.023475188467821206	true	0.5
N1394	opposes 1.0		favors 0.5456460101768195 opposes 0.431720915151648 __DUMMY__ 0.022633074671532596	true	0.5
N1391	opposes 1.0	opposes 1.0	opposes 0.7179200513912022 favors 0.27387028990635937 __DUMMY__ 0.008209658702438512	false	1.0
N1392	opposes 1.0		favors 0.5285137812496022 opposes 0.44809740196258474 __DUMMY__ 0.02338881678781297	true	0.5
N534	favors 1.0		favors 0.5406686178517967 opposes 0.43614561563201054 __DUMMY__ 0.023185766516192665	true	1.0
N1397	favors 1.0	favors 1.0	favors 0.7665944108112926 opposes 0.22519541876486057 __DUMMY__ 0.008210170423846723	false	1.0
N535	favors 1.0		favors 0.517987331710028 opposes 0.4591611951144006 __DUMMY__ 0.0228514731755713	true	1.0
N1398	favors 1.0		favors 0.5152531087751598 opposes 0.4616971419282107 __DUMMY__ 0.023049749296629396	true	1.0
N1395	opposes 1.0		favors 0.5143379764747077 opposes 0.46289397864290766 __DUMMY__ 0.02276804488238469	true	0.5
N536	opposes 1.0		favors 0.5299632663650973 opposes 0.4466302281722632 __DUMMY__ 0.02340650546263946	true	0.5
N537	favors 1.0		favors 0.5293917181821577 opposes 0.4480217967035572 __DUMMY__ 0.02258648511428501	true	1.0
N1396	favors 1.0	favors 1.0	favors 0.7516785475258094 opposes 0.23986482658180602 __DUMMY__ 0.008456625892384636	false	1.0
N1399	opposes 1.0		favors 0.5156812551541488 opposes 0.46107085591058894 __DUMMY__ 0.02324788893526231	true	0.5
N563	opposes 1.0		favors 0.5570050112418539 opposes 0.42034047592299356 __DUMMY__ 0.022654512835152636	true	0.5
N564	opposes 1.0		favors 0.5148868728206303 opposes 0.46206854093495 __DUMMY__ 0.023044586244419695	true	0.5
N565	favors 1.0	favors 1.0	favors 0.745451584006222 opposes 0.2459656372015089 __DUMMY__ 0.008582778792269086	false	1.0
