N1742	opposes 1.0	opposes 1.0	opposes 0.7149779202532341 favors 0.28224633264278215 __DUMMY__ 0.0027757471039836727	false	1.0
N1743	opposes 1.0	opposes 1.0	opposes 0.7149779202532341 favors 0.28224633264278215 __DUMMY__ 0.0027757471039836727	false	1.0
N1740	favors 1.0	favors 1.0	favors 0.7539669371671207 opposes 0.2432573157288956 __DUMMY__ 0.0027757471039836727	false	1.0
N1741	opposes 1.0	opposes 1.0	opposes 0.7149779202532341 favors 0.28224633264278215 __DUMMY__ 0.0027757471039836727	false	1.0
N1746	opposes 1.0	opposes 1.0	opposes 0.7149779202532341 favors 0.28224633264278215 __DUMMY__ 0.0027757471039836727	false	1.0
N1747	opposes 1.0		favors 0.5304376286391396 opposes 0.457163897656816 __DUMMY__ 0.0123984737040445	true	0.5
N1744	favors 1.0		favors 0.5304376286391396 opposes 0.457163897656816 __DUMMY__ 0.0123984737040445	true	1.0
N1745	favors 1.0	favors 1.0	favors 0.7539669371671207 opposes 0.2432573157288956 __DUMMY__ 0.0027757471039836727	false	1.0
N1748	opposes 1.0	opposes 1.0	opposes 0.7149779202532341 favors 0.28224633264278215 __DUMMY__ 0.0027757471039836727	false	1.0
N1749	favors 1.0	favors 1.0	favors 0.7539669371671207 opposes 0.2432573157288956 __DUMMY__ 0.0027757471039836727	false	1.0
N1731	opposes 1.0	opposes 1.0	opposes 0.7149779202532341 favors 0.28224633264278215 __DUMMY__ 0.0027757471039836727	false	1.0
N1732	opposes 1.0	opposes 1.0	opposes 0.7149779202532341 favors 0.28224633264278215 __DUMMY__ 0.0027757471039836727	false	1.0
N1730	favors 1.0	favors 1.0	favors 0.7647388715633429 opposes 0.2325534523933479 __DUMMY__ 0.0027076760433091675	false	1.0
N1735	opposes 1.0	opposes 1.0	opposes 0.7149779202532341 favors 0.28224633264278215 __DUMMY__ 0.0027757471039836727	false	1.0
N1736	favors 1.0	favors 1.0	favors 0.7539669371671207 opposes 0.2432573157288956 __DUMMY__ 0.0027757471039836727	false	1.0
N1733	opposes 1.0		favors 0.5304376286391396 opposes 0.457163897656816 __DUMMY__ 0.0123984737040445	true	0.5
N1734	favors 1.0	favors 1.0	favors 0.7539669371671207 opposes 0.2432573157288956 __DUMMY__ 0.0027757471039836727	false	1.0
N1739	favors 1.0		favors 0.5304376286391396 opposes 0.457163897656816 __DUMMY__ 0.0123984737040445	true	1.0
N1737	favors 1.0		favors 0.5304376286391396 opposes 0.457163897656816 __DUMMY__ 0.0123984737040445	true	1.0
N1738	opposes 1.0	opposes 1.0	opposes 0.7149779202532341 favors 0.28224633264278215 __DUMMY__ 0.0027757471039836727	false	1.0
N1720	opposes 1.0	opposes 1.0	opposes 0.6985563025384749 favors 0.29873602141821604 __DUMMY__ 0.002707676043309167	false	1.0
N1721	opposes 1.0	opposes 1.0	opposes 0.6985563025384749 favors 0.298736021418216 __DUMMY__ 0.0027076760433091675	false	1.0
N1724	favors 1.0	favors 1.0	favors 0.7647388715633429 opposes 0.2325534523933479 __DUMMY__ 0.002707676043309167	false	1.0
N1725	favors 1.0	favors 1.0	favors 0.7647388715633429 opposes 0.2325534523933479 __DUMMY__ 0.002707676043309167	false	1.0
N1722	favors 1.0	favors 1.0	favors 0.7647388715633429 opposes 0.2325534523933479 __DUMMY__ 0.0027076760433091675	false	1.0
N1723	favors 1.0		favors 0.555521905429557 opposes 0.43245049719575857 __DUMMY__ 0.012027597374684389	true	1.0
N1728	opposes 1.0		favors 0.555521905429557 opposes 0.43245049719575857 __DUMMY__ 0.012027597374684389	true	0.5
N1729	favors 1.0	favors 1.0	favors 0.7647388715633429 opposes 0.2325534523933479 __DUMMY__ 0.002707676043309167	false	1.0
N1726	favors 1.0	favors 1.0	favors 0.7647388715633429 opposes 0.2325534523933479 __DUMMY__ 0.002707676043309167	false	1.0
N1727	opposes 1.0	opposes 1.0	opposes 0.6985563025384749 favors 0.29873602141821604 __DUMMY__ 0.002707676043309167	false	1.0
N1710	favors 1.0		favors 0.529228705702098 opposes 0.45826450755383635 __DUMMY__ 0.012506786744065714	true	1.0
N1713	opposes 1.0	opposes 1.0	opposes 0.6985563025384749 favors 0.29873602141821604 __DUMMY__ 0.002707676043309167	false	1.0
N1714	favors 1.0		favors 0.555521905429557 opposes 0.43245049719575857 __DUMMY__ 0.012027597374684389	true	1.0
N1711	favors 1.0		favors 0.555521905429557 opposes 0.43245049719575857 __DUMMY__ 0.012027597374684389	true	1.0
N1712	favors 1.0	favors 1.0	favors 0.764738871563343 opposes 0.23255345239334788 __DUMMY__ 0.002707676043309166	false	1.0
N1717	favors 1.0	favors 1.0	favors 0.764738871563343 opposes 0.23255345239334788 __DUMMY__ 0.002707676043309166	false	1.0
N1718	opposes 1.0	opposes 1.0	opposes 0.6985563025384749 favors 0.29873602141821604 __DUMMY__ 0.002707676043309167	false	1.0
N1715	favors 1.0	favors 1.0	favors 0.764738871563343 opposes 0.23255345239334788 __DUMMY__ 0.002707676043309166	false	1.0
N1716	favors 1.0		favors 0.555521905429557 opposes 0.43245049719575857 __DUMMY__ 0.012027597374684389	true	1.0
N1719	favors 1.0	favors 1.0	favors 0.764738871563343 opposes 0.23255345239334788 __DUMMY__ 0.002707676043309166	false	1.0
N1782	favors 1.0	favors 1.0	favors 0.7539855587123078 opposes 0.24302801073408528 __DUMMY__ 0.002986430553607031	false	1.0
N1783	favors 1.0	favors 1.0	favors 0.7539855587123078 opposes 0.24302801073408528 __DUMMY__ 0.002986430553607031	false	1.0
N1780	opposes 1.0		favors 0.5317815770837668 opposes 0.45548795149202703 __DUMMY__ 0.012730471424205988	true	0.5
N1781	opposes 1.0	opposes 1.0	opposes 0.7132786892636708 favors 0.2837348801827223 __DUMMY__ 0.0029864305536070304	false	1.0
N1302	favors 1.0	favors 1.0	favors 0.7562683751825188 opposes 0.24083476501314724 __DUMMY__ 0.002896859804334016	false	1.0
N1786	opposes 1.0	opposes 1.0	opposes 0.7132786892636708 favors 0.28373488018272225 __DUMMY__ 0.002986430553607031	false	1.0
N1303	favors 1.0		favors 0.5350647253734463 opposes 0.4523228514654401 __DUMMY__ 0.012612423161113577	true	1.0
N1787	opposes 1.0	opposes 1.0	opposes 0.7132786892636708 favors 0.28373488018272225 __DUMMY__ 0.002986430553607031	false	1.0
N1300	favors 1.0	favors 1.0	favors 0.7562683751825188 opposes 0.24083476501314724 __DUMMY__ 0.002896859804334016	false	1.0
N1784	favors 1.0		favors 0.5317815770837667 opposes 0.45548795149202714 __DUMMY__ 0.012730471424205988	true	1.0
N1301	opposes 1.0	opposes 1.0	opposes 0.7122132951333828 favors 0.28488984506228315 __DUMMY__ 0.0028968598043340155	false	1.0
N1785	opposes 1.0		favors 0.5317815770837667 opposes 0.45548795149202714 __DUMMY__ 0.012730471424205988	true	0.5
N1306	opposes 1.0	opposes 1.0	opposes 0.7122132951333828 favors 0.28488984506228315 __DUMMY__ 0.0028968598043340155	false	1.0
N1307	favors 1.0		favors 0.5350647253734463 opposes 0.4523228514654401 __DUMMY__ 0.012612423161113577	true	1.0
N1304	favors 1.0	favors 1.0	favors 0.7562683751825188 opposes 0.24083476501314724 __DUMMY__ 0.002896859804334016	false	1.0
N1788	favors 1.0		favors 0.5317815770837668 opposes 0.45548795149202703 __DUMMY__ 0.012730471424205988	true	1.0
N1305	favors 1.0	favors 1.0	favors 0.7562683751825188 opposes 0.24083476501314724 __DUMMY__ 0.002896859804334016	false	1.0
N1789	opposes 1.0	opposes 1.0	opposes 0.7132786892636708 favors 0.2837348801827223 __DUMMY__ 0.0029864305536070304	false	1.0
N1308	opposes 1.0	opposes 1.0	opposes 0.7153948584844813 favors 0.2816872543266218 __DUMMY__ 0.0029178871888969104	false	1.0
N1309	opposes 1.0	opposes 1.0	opposes 0.7153948584844813 favors 0.2816872543266218 __DUMMY__ 0.0029178871888969104	false	1.0
N1771	favors 1.0	favors 1.0	favors 0.7539855587123079 opposes 0.24302801073408517 __DUMMY__ 0.0029864305536070296	false	1.0
N1772	opposes 1.0		favors 0.5317815770837667 opposes 0.45548795149202714 __DUMMY__ 0.012730471424205988	true	0.5
N1770	opposes 1.0		favors 0.5317815770837668 opposes 0.45548795149202714 __DUMMY__ 0.012730471424205988	true	0.5
N1775	favors 1.0	favors 1.0	favors 0.7539855587123079 opposes 0.24302801073408517 __DUMMY__ 0.0029864305536070296	false	1.0
N1776	favors 1.0		favors 0.5317815770837667 opposes 0.45548795149202714 __DUMMY__ 0.012730471424205988	true	1.0
N1773	favors 1.0		favors 0.5317815770837668 opposes 0.45548795149202703 __DUMMY__ 0.012730471424205988	true	1.0
N1774	opposes 1.0	opposes 1.0	opposes 0.7132786892636708 favors 0.28373488018272225 __DUMMY__ 0.002986430553607031	false	1.0
N1779	favors 1.0		favors 0.5317815770837667 opposes 0.45548795149202714 __DUMMY__ 0.012730471424205988	true	1.0
N1777	favors 1.0	favors 1.0	favors 0.7539855587123078 opposes 0.24302801073408528 __DUMMY__ 0.002986430553607031	false	1.0
N1778	favors 1.0	favors 1.0	favors 0.7539855587123078 opposes 0.24302801073408528 __DUMMY__ 0.002986430553607031	false	1.0
N901	favors 1.0	favors 1.0	favors 0.7536900028049623 opposes 0.24348224008129132 __DUMMY__ 0.0028277571137462773	false	1.0
N902	favors 1.0		favors 0.5306168372284953 opposes 0.4569213792862301 __DUMMY__ 0.012461783485274635	true	1.0
N903	opposes 1.0	opposes 1.0	opposes 0.7144194942423147 favors 0.28275274864393907 __DUMMY__ 0.0028277571137462778	false	1.0
N904	opposes 1.0		favors 0.5306168372284953 opposes 0.4569213792862301 __DUMMY__ 0.012461783485274635	true	0.5
N1760	opposes 1.0	opposes 1.0	opposes 0.7130613048555129 favors 0.28409691464388126 __DUMMY__ 0.002841780500605723	false	1.0
N1761	opposes 1.0	opposes 1.0	opposes 0.7130613048555129 favors 0.2840969146438813 __DUMMY__ 0.002841780500605724	false	1.0
N900	favors 1.0	favors 1.0	favors 0.7536900028049623 opposes 0.24348224008129132 __DUMMY__ 0.0028277571137462773	false	1.0
N1764	favors 1.0	favors 1.0	favors 0.7547194414642814 opposes 0.242438778035113 __DUMMY__ 0.0028417805006057235	false	1.0
N909	favors 1.0		favors 0.5227830729780361 opposes 0.4648304286235897 __DUMMY__ 0.012386498398374137	true	1.0
N1765	opposes 1.0	opposes 1.0	opposes 0.7130613048555129 favors 0.2840969146438813 __DUMMY__ 0.0028417805006057235	false	1.0
N1762	favors 1.0	favors 1.0	favors 0.7547194414642814 opposes 0.242438778035113 __DUMMY__ 0.0028417805006057235	false	1.0
N1763	opposes 1.0		favors 0.5328272904533956 opposes 0.45469693891647395 __DUMMY__ 0.012475770630130388	true	0.5
N1768	favors 1.0		favors 0.5328272904533956 opposes 0.45469693891647395 __DUMMY__ 0.012475770630130388	true	1.0
N905	opposes 1.0	opposes 1.0	opposes 0.7144194942423147 favors 0.28275274864393907 __DUMMY__ 0.0028277571137462778	false	1.0
N1769	opposes 1.0	opposes 1.0	opposes 0.7130613048555129 favors 0.2840969146438813 __DUMMY__ 0.0028417805006057235	false	1.0
N906	favors 1.0	favors 1.0	favors 0.7536900028049623 opposes 0.24348224008129132 __DUMMY__ 0.0028277571137462773	false	1.0
N1766	opposes 1.0	opposes 1.0	opposes 0.7130613048555129 favors 0.2840969146438813 __DUMMY__ 0.0028417805006057235	false	1.0
N907	opposes 1.0		favors 0.5306168372284953 opposes 0.4569213792862301 __DUMMY__ 0.012461783485274635	true	0.5
N1767	opposes 1.0	opposes 1.0	opposes 0.7130613048555129 favors 0.2840969146438813 __DUMMY__ 0.0028417805006057235	false	1.0
N908	opposes 1.0		favors 0.5227830729780361 opposes 0.4648304286235897 __DUMMY__ 0.012386498398374137	true	0.5
N1750	opposes 1.0	opposes 1.0	opposes 0.7149779202532341 favors 0.28224633264278215 __DUMMY__ 0.0027757471039836727	false	1.0
N1753	favors 1.0	favors 1.0	favors 0.7547194414642814 opposes 0.242438778035113 __DUMMY__ 0.0028417805006057235	false	1.0
N1754	opposes 1.0	opposes 1.0	opposes 0.7130613048555129 favors 0.2840969146438813 __DUMMY__ 0.0028417805006057235	false	1.0
N1751	opposes 1.0	opposes 1.0	opposes 0.7130613048555129 favors 0.2840969146438813 __DUMMY__ 0.0028417805006057235	false	1.0
N1752	opposes 1.0		favors 0.5328272904533956 opposes 0.45469693891647395 __DUMMY__ 0.012475770630130388	true	0.5
N1757	favors 1.0	favors 1.0	favors 0.7547194414642814 opposes 0.242438778035113 __DUMMY__ 0.0028417805006057235	false	1.0
N1758	favors 1.0		favors 0.5328272904533956 opposes 0.45469693891647395 __DUMMY__ 0.012475770630130388	true	1.0
N1755	favors 1.0		favors 0.5328272904533956 opposes 0.45469693891647395 __DUMMY__ 0.012475770630130388	true	1.0
N1756	favors 1.0	favors 1.0	favors 0.7547194414642814 opposes 0.242438778035113 __DUMMY__ 0.0028417805006057235	false	1.0
N1759	favors 1.0	favors 1.0	favors 0.7547194414642814 opposes 0.242438778035113 __DUMMY__ 0.0028417805006057235	false	1.0
N923	favors 1.0	favors 1.0	favors 0.7495600456514312 opposes 0.24765465225286185 __DUMMY__ 0.0027853020957068894	false	1.0
N924	opposes 1.0	opposes 1.0	opposes 0.7186837489826072 favors 0.27853094892168584 __DUMMY__ 0.00278530209570689	false	1.0
N925	opposes 1.0	opposes 1.0	opposes 0.7186837489826072 favors 0.27853094892168584 __DUMMY__ 0.00278530209570689	false	1.0
N926	favors 1.0		favors 0.5227830729780361 opposes 0.4648304286235897 __DUMMY__ 0.012386498398374137	true	1.0
N1342	favors 1.0	favors 1.0	favors 0.7605002534282 opposes 0.2366603685009096 __DUMMY__ 0.002839378070890324	false	1.0
N1343	favors 1.0	favors 1.0	favors 0.7605002534282 opposes 0.2366603685009096 __DUMMY__ 0.002839378070890324	false	1.0
N920	favors 1.0	favors 1.0	favors 0.7495600456514312 opposes 0.24765465225286185 __DUMMY__ 0.0027853020957068894	false	1.0
N1340	favors 1.0	favors 1.0	favors 0.7605002534282 opposes 0.2366603685009096 __DUMMY__ 0.002839378070890325	false	1.0
N921	favors 1.0	favors 1.0	favors 0.7495600456514312 opposes 0.24765465225286185 __DUMMY__ 0.0027853020957068894	false	1.0
N1341	favors 1.0	favors 1.0	favors 0.7605002534282 opposes 0.2366603685009096 __DUMMY__ 0.002839378070890324	false	1.0
N922	favors 1.0		favors 0.5227830729780361 opposes 0.4648304286235897 __DUMMY__ 0.012386498398374137	true	1.0
N1346	favors 1.0	favors 1.0	favors 0.7605002534282 opposes 0.2366603685009096 __DUMMY__ 0.002839378070890324	false	1.0
N1347	opposes 1.0	opposes 1.0	opposes 0.7080639487073304 favors 0.28909667322177934 __DUMMY__ 0.002839378070890325	false	1.0
N1344	opposes 1.0	opposes 1.0	opposes 0.7080639487073304 favors 0.28909667322177934 __DUMMY__ 0.002839378070890325	false	1.0
N1345	opposes 1.0	opposes 1.0	opposes 0.7080639487073304 favors 0.28909667322177934 __DUMMY__ 0.002839378070890325	false	1.0
N927	opposes 1.0		favors 0.5227830729780361 opposes 0.4648304286235897 __DUMMY__ 0.012386498398374137	true	0.5
N928	favors 1.0	favors 1.0	favors 0.7582703884349843 opposes 0.23889183516984394 __DUMMY__ 0.002837776395171722	false	1.0
N929	favors 1.0	favors 1.0	favors 0.7582703884349843 opposes 0.23889183516984394 __DUMMY__ 0.002837776395171722	false	1.0
N1348	favors 1.0	favors 1.0	favors 0.7635437573576376 opposes 0.2337142465255024 __DUMMY__ 0.0027419961168600932	false	1.0
N1349	favors 1.0		favors 0.5521889265231705 opposes 0.43566400837837854 __DUMMY__ 0.012147065098450895	true	1.0
N912	opposes 1.0	opposes 1.0	opposes 0.7186837489826072 favors 0.27853094892168584 __DUMMY__ 0.00278530209570689	false	1.0
N913	favors 1.0	favors 1.0	favors 0.7495600456514312 opposes 0.24765465225286185 __DUMMY__ 0.0027853020957068894	false	1.0
N914	favors 1.0	favors 1.0	favors 0.7495600456514312 opposes 0.24765465225286185 __DUMMY__ 0.0027853020957068894	false	1.0
N915	favors 1.0	favors 1.0	favors 0.7495600456514312 opposes 0.24765465225286185 __DUMMY__ 0.0027853020957068894	false	1.0
N1331	favors 1.0	favors 1.0	favors 0.7605002534282 opposes 0.2366603685009096 __DUMMY__ 0.002839378070890324	false	1.0
N1332	favors 1.0		favors 0.542991872028874 opposes 0.44450409788314 __DUMMY__ 0.012504030087986003	true	1.0
N910	opposes 1.0	opposes 1.0	opposes 0.7186837489826072 favors 0.27853094892168584 __DUMMY__ 0.00278530209570689	false	1.0
N1330	opposes 1.0	opposes 1.0	opposes 0.7080639487073304 favors 0.28909667322177934 __DUMMY__ 0.002839378070890325	false	1.0
N911	favors 1.0		favors 0.5227830729780361 opposes 0.4648304286235897 __DUMMY__ 0.012386498398374137	true	1.0
N1335	opposes 1.0		favors 0.542991872028874 opposes 0.44450409788314 __DUMMY__ 0.012504030087986003	true	0.5
N1336	favors 1.0		favors 0.542991872028874 opposes 0.44450409788314 __DUMMY__ 0.012504030087986003	true	1.0
N1333	favors 1.0	favors 1.0	favors 0.7605002534282 opposes 0.2366603685009096 __DUMMY__ 0.002839378070890324	false	1.0
N1334	favors 1.0	favors 1.0	favors 0.7605002534282 opposes 0.2366603685009096 __DUMMY__ 0.002839378070890324	false	1.0
N1339	opposes 1.0	opposes 1.0	opposes 0.7080639487073304 favors 0.28909667322177934 __DUMMY__ 0.002839378070890325	false	1.0
N916	favors 1.0	favors 1.0	favors 0.7495600456514312 opposes 0.24765465225286185 __DUMMY__ 0.0027853020957068894	false	1.0
N917	favors 1.0	favors 1.0	favors 0.7495600456514312 opposes 0.24765465225286185 __DUMMY__ 0.0027853020957068894	false	1.0
N1337	favors 1.0		favors 0.542991872028874 opposes 0.44450409788314 __DUMMY__ 0.012504030087986003	true	1.0
N918	opposes 1.0		favors 0.5227830729780361 opposes 0.4648304286235897 __DUMMY__ 0.012386498398374137	true	0.5
N1338	opposes 1.0		favors 0.542991872028874 opposes 0.44450409788314 __DUMMY__ 0.012504030087986003	true	0.5
N919	opposes 1.0	opposes 1.0	opposes 0.7186837489826073 favors 0.27853094892168584 __DUMMY__ 0.00278530209570689	false	1.0
N940	opposes 1.0		favors 0.538558237898785 opposes 0.44892755564969755 __DUMMY__ 0.012514206451517663	true	0.5
N945	favors 1.0		favors 0.538558237898785 opposes 0.4489275556496975 __DUMMY__ 0.01251420645151766	true	1.0
N946	opposes 1.0	opposes 1.0	opposes 0.7105744124250039 favors 0.28658781117982446 __DUMMY__ 0.0028377763951717224	false	1.0
N947	favors 1.0	favors 1.0	favors 0.7582703884349844 opposes 0.23889183516984394 __DUMMY__ 0.002837776395171722	false	1.0
N948	opposes 1.0	opposes 1.0	opposes 0.7101950972369444 favors 0.28713515615103186 __DUMMY__ 0.0026697466120237934	false	1.0
N941	opposes 1.0		favors 0.538558237898785 opposes 0.44892755564969755 __DUMMY__ 0.012514206451517663	true	0.5
N1320	opposes 1.0	opposes 1.0	opposes 0.7153948584844813 favors 0.2816872543266218 __DUMMY__ 0.0029178871888969104	false	1.0
N942	opposes 1.0	opposes 1.0	opposes 0.7105744124250039 favors 0.28658781117982446 __DUMMY__ 0.0028377763951717237	false	1.0
N1321	favors 1.0	favors 1.0	favors 0.752986022034823 opposes 0.24409609077628008 __DUMMY__ 0.002917887188896912	false	1.0
N943	favors 1.0		favors 0.538558237898785 opposes 0.44892755564969755 __DUMMY__ 0.012514206451517663	true	1.0
N944	favors 1.0	favors 1.0	favors 0.7582703884349843 opposes 0.23889183516984405 __DUMMY__ 0.0028377763951717232	false	1.0
N1324	opposes 1.0	opposes 1.0	opposes 0.7153948584844813 favors 0.2816872543266218 __DUMMY__ 0.0029178871888969104	false	1.0
N1325	opposes 1.0	opposes 1.0	opposes 0.7153948584844813 favors 0.2816872543266218 __DUMMY__ 0.0029178871888969104	false	1.0
N1322	favors 1.0		favors 0.5289712990003628 opposes 0.45838008095544086 __DUMMY__ 0.012648620044196372	true	1.0
N1323	favors 1.0	favors 1.0	favors 0.752986022034823 opposes 0.24409609077628008 __DUMMY__ 0.002917887188896912	false	1.0
N949	favors 1.0	favors 1.0	favors 0.7559789087834861 opposes 0.2413513446044901 __DUMMY__ 0.002669746612023793	false	1.0
N1328	opposes 1.0	opposes 1.0	opposes 0.7080639487073304 favors 0.28909667322177934 __DUMMY__ 0.002839378070890325	false	1.0
N1329	favors 1.0	favors 1.0	favors 0.7605002534282 opposes 0.2366603685009096 __DUMMY__ 0.002839378070890324	false	1.0
N1326	favors 1.0	favors 1.0	favors 0.752986022034823 opposes 0.24409609077628008 __DUMMY__ 0.002917887188896912	false	1.0
N1327	opposes 1.0	opposes 1.0	opposes 0.7153948584844813 favors 0.2816872543266218 __DUMMY__ 0.0029178871888969104	false	1.0
N934	opposes 1.0	opposes 1.0	opposes 0.7105744124250039 favors 0.28658781117982446 __DUMMY__ 0.0028377763951717237	false	1.0
N935	opposes 1.0	opposes 1.0	opposes 0.7105744124250039 favors 0.28658781117982446 __DUMMY__ 0.0028377763951717237	false	1.0
N1790	favors 1.0	favors 1.0	favors 0.7562746793666532 opposes 0.24087321532762013 __DUMMY__ 0.00285210530572672	false	1.0
N936	opposes 1.0		favors 0.538558237898785 opposes 0.44892755564969755 __DUMMY__ 0.012514206451517663	true	0.5
N937	opposes 1.0	opposes 1.0	opposes 0.7105744124250039 favors 0.28658781117982446 __DUMMY__ 0.0028377763951717237	false	1.0
N930	favors 1.0	favors 1.0	favors 0.7582703884349843 opposes 0.23889183516984405 __DUMMY__ 0.0028377763951717232	false	1.0
N1793	opposes 1.0	opposes 1.0	opposes 0.712449972073324 favors 0.28469792262094945 __DUMMY__ 0.00285210530572672	false	1.0
N931	opposes 1.0		favors 0.538558237898785 opposes 0.44892755564969755 __DUMMY__ 0.012514206451517663	true	0.5
N1310	opposes 1.0		favors 0.5289712990003628 opposes 0.45838008095544086 __DUMMY__ 0.012648620044196372	true	0.5
N1794	favors 1.0	favors 1.0	favors 0.7562746793666532 opposes 0.24087321532762013 __DUMMY__ 0.00285210530572672	false	1.0
N932	favors 1.0	favors 1.0	favors 0.7582703884349843 opposes 0.23889183516984405 __DUMMY__ 0.0028377763951717232	false	1.0
N1791	favors 1.0	favors 1.0	favors 0.7562746793666532 opposes 0.24087321532762013 __DUMMY__ 0.00285210530572672	false	1.0
N933	opposes 1.0	opposes 1.0	opposes 0.7105744124250039 favors 0.28658781117982446 __DUMMY__ 0.0028377763951717237	false	1.0
N1792	favors 1.0	favors 1.0	favors 0.7562746793666532 opposes 0.24087321532762013 __DUMMY__ 0.00285210530572672	false	1.0
N1313	favors 1.0	favors 1.0	favors 0.752986022034823 opposes 0.24409609077628008 __DUMMY__ 0.002917887188896912	false	1.0
N1797	opposes 1.0	opposes 1.0	opposes 0.712449972073324 favors 0.28469792262094945 __DUMMY__ 0.00285210530572672	false	1.0
N1314	favors 1.0		favors 0.5289712990003628 opposes 0.45838008095544086 __DUMMY__ 0.012648620044196372	true	1.0
N1798	favors 1.0	favors 1.0	favors 0.7562746793666532 opposes 0.24087321532762013 __DUMMY__ 0.00285210530572672	false	1.0
N1311	favors 1.0	favors 1.0	favors 0.752986022034823 opposes 0.24409609077628008 __DUMMY__ 0.002917887188896912	false	1.0
N1795	opposes 1.0	opposes 1.0	opposes 0.712449972073324 favors 0.28469792262094945 __DUMMY__ 0.00285210530572672	false	1.0
N1312	opposes 1.0	opposes 1.0	opposes 0.7153948584844813 favors 0.2816872543266218 __DUMMY__ 0.0029178871888969104	false	1.0
N1796	opposes 1.0	opposes 1.0	opposes 0.712449972073324 favors 0.28469792262094945 __DUMMY__ 0.00285210530572672	false	1.0
N938	favors 1.0	favors 1.0	favors 0.7582703884349843 opposes 0.23889183516984394 __DUMMY__ 0.002837776395171722	false	1.0
N1317	favors 1.0		favors 0.5289712990003628 opposes 0.45838008095544086 __DUMMY__ 0.012648620044196372	true	1.0
N939	favors 1.0	favors 1.0	favors 0.7582703884349843 opposes 0.23889183516984394 __DUMMY__ 0.002837776395171722	false	1.0
N1318	opposes 1.0		favors 0.5289712990003628 opposes 0.45838008095544086 __DUMMY__ 0.012648620044196372	true	0.5
N1315	favors 1.0	favors 1.0	favors 0.752986022034823 opposes 0.24409609077628008 __DUMMY__ 0.002917887188896912	false	1.0
N1799	opposes 1.0		favors 0.5349013478223907 opposes 0.45256181040758675 __DUMMY__ 0.012536841770022487	true	0.5
N1316	favors 1.0	favors 1.0	favors 0.752986022034823 opposes 0.24409609077628008 __DUMMY__ 0.002917887188896912	false	1.0
N1319	favors 1.0	favors 1.0	favors 0.752986022034823 opposes 0.24409609077628008 __DUMMY__ 0.002917887188896912	false	1.0
N960	opposes 1.0	opposes 1.0	opposes 0.7101950972369443 favors 0.2871351561510318 __DUMMY__ 0.0026697466120237925	false	1.0
N961	opposes 1.0	opposes 1.0	opposes 0.7101950972369443 favors 0.2871351561510318 __DUMMY__ 0.0026697466120237925	false	1.0
N962	favors 1.0	favors 1.0	favors 0.7559789087834861 opposes 0.2413513446044901 __DUMMY__ 0.0026697466120237925	false	1.0
N1382	opposes 1.0	opposes 1.0	opposes 0.7151824042184376 favors 0.28195912295729414 __DUMMY__ 0.0028584728242683215	false	1.0
N967	opposes 1.0	opposes 1.0	opposes 0.716601528065633 favors 0.28063913611935276 __DUMMY__ 0.0027593358150141785	false	1.0
N1383	opposes 1.0	opposes 1.0	opposes 0.7151824042184376 favors 0.28195912295729414 __DUMMY__ 0.0028584728242683215	false	1.0
N968	favors 1.0	favors 1.0	favors 0.7526335869132375 opposes 0.2446070772717484 __DUMMY__ 0.0027593358150141785	false	1.0
N1380	favors 1.0	favors 1.0	favors 0.7524029089404708 opposes 0.24473861823526086 __DUMMY__ 0.0028584728242683176	false	1.0
N969	opposes 1.0	opposes 1.0	opposes 0.7166015280656329 favors 0.2806391361193528 __DUMMY__ 0.0027593358150141785	false	1.0
N1381	favors 1.0	favors 1.0	favors 0.7524029089404708 opposes 0.24473861823526086 __DUMMY__ 0.0028584728242683176	false	1.0
N963	favors 1.0		favors 0.536754452460586 opposes 0.45116875716951466 __DUMMY__ 0.012076790369899318	true	1.0
N1386	favors 1.0		favors 0.5423048934015398 opposes 0.4451363719014083 __DUMMY__ 0.012558734697051951	true	1.0
N964	favors 1.0	favors 1.0	favors 0.7559789087834861 opposes 0.2413513446044901 __DUMMY__ 0.0026697466120237925	false	1.0
N1387	favors 1.0	favors 1.0	favors 0.7603019523408606 opposes 0.2368383611574519 __DUMMY__ 0.00285968650168759	false	1.0
N965	opposes 1.0	opposes 1.0	opposes 0.7101950972369444 favors 0.28713515615103186 __DUMMY__ 0.0026697466120237934	false	1.0
N1384	favors 1.0	favors 1.0	favors 0.7524029089404708 opposes 0.24473861823526086 __DUMMY__ 0.0028584728242683176	false	1.0
N966	favors 1.0	favors 1.0	favors 0.7559789087834861 opposes 0.2413513446044901 __DUMMY__ 0.0026697466120237925	false	1.0
N1385	opposes 1.0	opposes 1.0	opposes 0.7151824042184376 favors 0.28195912295729414 __DUMMY__ 0.0028584728242683176	false	1.0
N1388	favors 1.0	favors 1.0	favors 0.7603019523408606 opposes 0.2368383611574519 __DUMMY__ 0.00285968650168759	false	1.0
N1389	opposes 1.0		favors 0.5423048934015398 opposes 0.4451363719014083 __DUMMY__ 0.012558734697051951	true	0.5
N950	favors 1.0	favors 1.0	favors 0.7559789087834861 opposes 0.2413513446044901 __DUMMY__ 0.0026697466120237925	false	1.0
N951	opposes 1.0	opposes 1.0	opposes 0.7101950972369443 favors 0.2871351561510318 __DUMMY__ 0.0026697466120237925	false	1.0
N956	opposes 1.0		favors 0.536754452460586 opposes 0.45116875716951466 __DUMMY__ 0.012076790369899318	true	0.5
N1371	opposes 1.0	opposes 1.0	opposes 0.7151824042184376 favors 0.28195912295729414 __DUMMY__ 0.0028584728242683215	false	1.0
N957	favors 1.0	favors 1.0	favors 0.7559789087834861 opposes 0.2413513446044901 __DUMMY__ 0.0026697466120237925	false	1.0
N1372	favors 1.0		favors 0.528642535288348 opposes 0.45885815932033475 __DUMMY__ 0.01249930539131726	true	1.0
N958	favors 1.0	favors 1.0	favors 0.7559789087834861 opposes 0.2413513446044901 __DUMMY__ 0.0026697466120237925	false	1.0
N959	favors 1.0	favors 1.0	favors 0.7559789087834861 opposes 0.2413513446044901 __DUMMY__ 0.0026697466120237925	false	1.0
N1370	opposes 1.0	opposes 1.0	opposes 0.7151824042184376 favors 0.28195912295729414 __DUMMY__ 0.0028584728242683176	false	1.0
N952	favors 1.0	favors 1.0	favors 0.7559789087834861 opposes 0.2413513446044901 __DUMMY__ 0.0026697466120237925	false	1.0
N1375	favors 1.0	favors 1.0	favors 0.7524029089404708 opposes 0.24473861823526086 __DUMMY__ 0.0028584728242683176	false	1.0
N953	opposes 1.0	opposes 1.0	opposes 0.7101950972369443 favors 0.2871351561510318 __DUMMY__ 0.0026697466120237925	false	1.0
N1376	opposes 1.0		favors 0.5286425352883479 opposes 0.45885815932033475 __DUMMY__ 0.012499305391317257	true	0.5
N954	opposes 1.0	opposes 1.0	opposes 0.7101950972369443 favors 0.2871351561510318 __DUMMY__ 0.0026697466120237925	false	1.0
N1373	favors 1.0	favors 1.0	favors 0.7524029089404707 opposes 0.244738618235261 __DUMMY__ 0.002858472824268321	false	1.0
N955	opposes 1.0	opposes 1.0	opposes 0.7101950972369443 favors 0.2871351561510318 __DUMMY__ 0.0026697466120237925	false	1.0
N1374	favors 1.0		favors 0.5286425352883479 opposes 0.4588581593203348 __DUMMY__ 0.01249930539131726	true	1.0
N1379	favors 1.0		favors 0.528642535288348 opposes 0.45885815932033475 __DUMMY__ 0.01249930539131726	true	1.0
N1377	opposes 1.0	opposes 1.0	opposes 0.7151824042184376 favors 0.28195912295729414 __DUMMY__ 0.0028584728242683176	false	1.0
N1378	favors 1.0	favors 1.0	favors 0.7524029089404708 opposes 0.24473861823526086 __DUMMY__ 0.0028584728242683176	false	1.0
N981	opposes 1.0	opposes 1.0	opposes 0.716601528065633 favors 0.28063913611935276 __DUMMY__ 0.0027593358150141785	false	1.0
N982	opposes 1.0	opposes 1.0	opposes 0.716601528065633 favors 0.2806391361193528 __DUMMY__ 0.002759335815014179	false	1.0
N983	favors 1.0	favors 1.0	favors 0.7526335869132373 opposes 0.2446070772717485 __DUMMY__ 0.0027593358150141776	false	1.0
N500	opposes 1.0	opposes 1.0	opposes 0.7127359362826968 favors 0.284417600775454 __DUMMY__ 0.002846462941849069	false	1.0
N984	favors 1.0		favors 0.52768517239054 opposes 0.4599341686802385 __DUMMY__ 0.012380658929221517	true	1.0
N980	favors 1.0	favors 1.0	favors 0.7526335869132373 opposes 0.24460707727174846 __DUMMY__ 0.0027593358150141776	false	1.0
N505	favors 1.0	favors 1.0	favors 0.7564323644877694 opposes 0.2407211725703816 __DUMMY__ 0.002846462941849069	false	1.0
N989	opposes 1.0	opposes 1.0	opposes 0.7140379966831777 favors 0.28321581865443773 __DUMMY__ 0.0027461846623845145	false	1.0
N1360	opposes 1.0	opposes 1.0	opposes 0.7010333472219981 favors 0.2962246566611419 __DUMMY__ 0.0027419961168600932	false	1.0
N506	opposes 1.0	opposes 1.0	opposes 0.7127359362826968 favors 0.284417600775454 __DUMMY__ 0.002846462941849069	false	1.0
N1361	favors 1.0	favors 1.0	favors 0.7635437573576376 opposes 0.23371424652550238 __DUMMY__ 0.0027419961168600932	false	1.0
N507	opposes 1.0		favors 0.5348104935485495 opposes 0.45264501396886725 __DUMMY__ 0.01254449248258322	true	0.5
N508	opposes 1.0		favors 0.5348104935485495 opposes 0.45264501396886725 __DUMMY__ 0.01254449248258322	true	0.5
N501	opposes 1.0		favors 0.5348104935485495 opposes 0.45264501396886725 __DUMMY__ 0.01254449248258322	true	0.5
N985	opposes 1.0	opposes 1.0	opposes 0.7140379966831777 favors 0.28321581865443773 __DUMMY__ 0.0027461846623845145	false	1.0
N1364	favors 1.0	favors 1.0	favors 0.7635437573576376 opposes 0.2337142465255024 __DUMMY__ 0.0027419961168600932	false	1.0
N502	favors 1.0	favors 1.0	favors 0.7564323644877694 opposes 0.2407211725703816 __DUMMY__ 0.002846462941849069	false	1.0
N986	opposes 1.0	opposes 1.0	opposes 0.7140379966831777 favors 0.28321581865443773 __DUMMY__ 0.0027461846623845136	false	1.0
N1365	favors 1.0	favors 1.0	favors 0.7635437573576376 opposes 0.2337142465255024 __DUMMY__ 0.0027419961168600932	false	1.0
N503	opposes 1.0	opposes 1.0	opposes 0.7127359362826968 favors 0.284417600775454 __DUMMY__ 0.002846462941849069	false	1.0
N987	opposes 1.0		favors 0.5310892528036875 opposes 0.45661969307832956 __DUMMY__ 0.012291054117983006	true	0.5
N1362	favors 1.0	favors 1.0	favors 0.7635437573576376 opposes 0.23371424652550238 __DUMMY__ 0.0027419961168600932	false	1.0
N504	favors 1.0		favors 0.5348104935485495 opposes 0.45264501396886725 __DUMMY__ 0.01254449248258322	true	1.0
N988	favors 1.0	favors 1.0	favors 0.753750637980838 opposes 0.24350317735677748 __DUMMY__ 0.0027461846623845145	false	1.0
N1363	opposes 1.0	opposes 1.0	opposes 0.7010333472219981 favors 0.2962246566611419 __DUMMY__ 0.0027419961168600932	false	1.0
N1368	opposes 1.0	opposes 1.0	opposes 0.7151824042184376 favors 0.28195912295729414 __DUMMY__ 0.0028584728242683176	false	1.0
N1369	favors 1.0		favors 0.528642535288348 opposes 0.45885815932033475 __DUMMY__ 0.01249930539131726	true	1.0
N1366	opposes 1.0		favors 0.5286425352883479 opposes 0.45885815932033475 __DUMMY__ 0.012499305391317257	true	0.5
N1367	opposes 1.0	opposes 1.0	opposes 0.7151824042184376 favors 0.28195912295729414 __DUMMY__ 0.0028584728242683176	false	1.0
N509	favors 1.0	favors 1.0	favors 0.7564323644877694 opposes 0.2407211725703816 __DUMMY__ 0.002846462941849069	false	1.0
N970	favors 1.0		favors 0.52768517239054 opposes 0.4599341686802385 __DUMMY__ 0.012380658929221517	true	1.0
N971	opposes 1.0	opposes 1.0	opposes 0.716601528065633 favors 0.28063913611935276 __DUMMY__ 0.0027593358150141785	false	1.0
N972	favors 1.0	favors 1.0	favors 0.7526335869132373 opposes 0.2446070772717485 __DUMMY__ 0.0027593358150141776	false	1.0
N973	favors 1.0	favors 1.0	favors 0.7526335869132373 opposes 0.2446070772717485 __DUMMY__ 0.0027593358150141776	false	1.0
N978	opposes 1.0	opposes 1.0	opposes 0.7166015280656329 favors 0.2806391361193528 __DUMMY__ 0.0027593358150141785	false	1.0
N979	favors 1.0	favors 1.0	favors 0.7526335869132375 opposes 0.2446070772717484 __DUMMY__ 0.0027593358150141785	false	1.0
N1350	opposes 1.0		favors 0.5521889265231704 opposes 0.43566400837837854 __DUMMY__ 0.012147065098450894	true	0.5
N974	favors 1.0		favors 0.52768517239054 opposes 0.4599341686802384 __DUMMY__ 0.012380658929221515	true	1.0
N1353	opposes 1.0	opposes 1.0	opposes 0.7010333472219981 favors 0.29622465666114184 __DUMMY__ 0.002741996116860093	false	1.0
N975	favors 1.0		favors 0.52768517239054 opposes 0.4599341686802385 __DUMMY__ 0.012380658929221517	true	1.0
N1354	opposes 1.0	opposes 1.0	opposes 0.7010333472219981 favors 0.29622465666114184 __DUMMY__ 0.002741996116860093	false	1.0
N976	favors 1.0	favors 1.0	favors 0.7526335869132373 opposes 0.24460707727174846 __DUMMY__ 0.0027593358150141776	false	1.0
N1351	favors 1.0	favors 1.0	favors 0.7635437573576376 opposes 0.2337142465255024 __DUMMY__ 0.0027419961168600924	false	1.0
N977	opposes 1.0	opposes 1.0	opposes 0.716601528065633 favors 0.28063913611935276 __DUMMY__ 0.0027593358150141785	false	1.0
N1352	opposes 1.0	opposes 1.0	opposes 0.7010333472219981 favors 0.29622465666114184 __DUMMY__ 0.002741996116860093	false	1.0
N1357	favors 1.0	favors 1.0	favors 0.7635437573576376 opposes 0.2337142465255024 __DUMMY__ 0.0027419961168600932	false	1.0
N1358	favors 1.0	favors 1.0	favors 0.7635437573576376 opposes 0.2337142465255024 __DUMMY__ 0.0027419961168600932	false	1.0
N1355	favors 1.0	favors 1.0	favors 0.7635437573576376 opposes 0.2337142465255024 __DUMMY__ 0.0027419961168600932	false	1.0
N1356	opposes 1.0		favors 0.5521889265231705 opposes 0.43566400837837854 __DUMMY__ 0.012147065098450895	true	0.5
N1359	favors 1.0		favors 0.5521889265231705 opposes 0.43566400837837854 __DUMMY__ 0.012147065098450895	true	1.0
N520	favors 1.0	favors 1.0	favors 0.7593606824317833 opposes 0.23778704439764284 __DUMMY__ 0.002852273170573773	false	1.0
N521	favors 1.0	favors 1.0	favors 0.7593606824317833 opposes 0.23778704439764284 __DUMMY__ 0.002852273170573773	false	1.0
N522	favors 1.0	favors 1.0	favors 0.7593606824317833 opposes 0.23778704439764284 __DUMMY__ 0.002852273170573773	false	1.0
N527	favors 1.0		favors 0.5406169678631858 opposes 0.4468430054406204 __DUMMY__ 0.012540026696193916	true	1.0
N528	favors 1.0	favors 1.0	favors 0.7593606824317833 opposes 0.23778704439764284 __DUMMY__ 0.002852273170573773	false	1.0
N529	opposes 1.0	opposes 1.0	opposes 0.7094589659799906 favors 0.2876887608494357 __DUMMY__ 0.0028522731705737736	false	1.0
N523	favors 1.0	favors 1.0	favors 0.7593606824317833 opposes 0.23778704439764284 __DUMMY__ 0.002852273170573773	false	1.0
N524	opposes 1.0	opposes 1.0	opposes 0.7094589659799906 favors 0.2876887608494357 __DUMMY__ 0.0028522731705737736	false	1.0
N525	opposes 1.0	opposes 1.0	opposes 0.7094589659799906 favors 0.2876887608494357 __DUMMY__ 0.0028522731705737736	false	1.0
N526	favors 1.0	favors 1.0	favors 0.7593606824317833 opposes 0.23778704439764284 __DUMMY__ 0.002852273170573773	false	1.0
N992	favors 1.0	favors 1.0	favors 0.753750637980838 opposes 0.24350317735677748 __DUMMY__ 0.0027461846623845145	false	1.0
N993	favors 1.0	favors 1.0	favors 0.753750637980838 opposes 0.24350317735677748 __DUMMY__ 0.0027461846623845145	false	1.0
N510	favors 1.0		favors 0.5348104935485495 opposes 0.45264501396886725 __DUMMY__ 0.01254449248258322	true	1.0
N994	favors 1.0		favors 0.5310892528036875 opposes 0.45661969307832956 __DUMMY__ 0.012291054117983006	true	1.0
N511	favors 1.0		favors 0.5348104935485495 opposes 0.45264501396886725 __DUMMY__ 0.01254449248258322	true	1.0
N995	opposes 1.0	opposes 1.0	opposes 0.7140379966831777 favors 0.28321581865443773 __DUMMY__ 0.0027461846623845145	false	1.0
N990	favors 1.0	favors 1.0	favors 0.753750637980838 opposes 0.24350317735677748 __DUMMY__ 0.0027461846623845145	false	1.0
N991	favors 1.0	favors 1.0	favors 0.753750637980838 opposes 0.24350317735677748 __DUMMY__ 0.0027461846623845145	false	1.0
N516	opposes 1.0		favors 0.5406169678631858 opposes 0.4468430054406204 __DUMMY__ 0.012540026696193916	true	0.5
N517	favors 1.0	favors 1.0	favors 0.7593606824317833 opposes 0.23778704439764284 __DUMMY__ 0.002852273170573773	false	1.0
N518	opposes 1.0	opposes 1.0	opposes 0.7094589659799906 favors 0.2876887608494357 __DUMMY__ 0.0028522731705737736	false	1.0
N519	favors 1.0		favors 0.5406169678631858 opposes 0.4468430054406204 __DUMMY__ 0.012540026696193916	true	1.0
N512	opposes 1.0	opposes 1.0	opposes 0.7127359362826968 favors 0.284417600775454 __DUMMY__ 0.002846462941849069	false	1.0
N996	opposes 1.0	opposes 1.0	opposes 0.7140379966831777 favors 0.28321581865443773 __DUMMY__ 0.0027461846623845145	false	1.0
N513	favors 1.0	favors 1.0	favors 0.7564323644877694 opposes 0.2407211725703816 __DUMMY__ 0.002846462941849069	false	1.0
N997	favors 1.0	favors 1.0	favors 0.753750637980838 opposes 0.24350317735677748 __DUMMY__ 0.0027461846623845145	false	1.0
N514	opposes 1.0	opposes 1.0	opposes 0.7094589659799906 favors 0.2876887608494357 __DUMMY__ 0.0028522731705737736	false	1.0
N998	favors 1.0	favors 1.0	favors 0.753750637980838 opposes 0.24350317735677746 __DUMMY__ 0.002746184662384508	false	1.0
N515	opposes 1.0		favors 0.5406169678631858 opposes 0.4468430054406204 __DUMMY__ 0.012540026696193916	true	0.5
N999	opposes 1.0	opposes 1.0	opposes 0.7140379966831777 favors 0.28321581865443773 __DUMMY__ 0.0027461846623845084	false	1.0
N541	favors 1.0	favors 1.0	favors 0.7612090838264299 opposes 0.2359487847412122 __DUMMY__ 0.002842131432357887	false	1.0
N542	opposes 1.0	opposes 1.0	opposes 0.7069685042873911 favors 0.2901893642802511 __DUMMY__ 0.0028421314323578855	false	1.0
N543	favors 1.0	favors 1.0	favors 0.7612090838264299 opposes 0.2359487847412122 __DUMMY__ 0.002842131432357887	false	1.0
N544	favors 1.0		favors 0.5446560352381303 opposes 0.4428519609481247 __DUMMY__ 0.012492003813744918	true	1.0
N540	opposes 1.0	opposes 1.0	opposes 0.7069685042873911 favors 0.2901893642802511 __DUMMY__ 0.0028421314323578855	false	1.0
N549	favors 1.0		favors 0.5446560352381303 opposes 0.44285196094812473 __DUMMY__ 0.012492003813744918	true	1.0
N545	favors 1.0	favors 1.0	favors 0.7612090838264299 opposes 0.2359487847412122 __DUMMY__ 0.002842131432357887	false	1.0
N546	opposes 1.0	opposes 1.0	opposes 0.7069685042873911 favors 0.2901893642802511 __DUMMY__ 0.0028421314323578855	false	1.0
N547	opposes 1.0	opposes 1.0	opposes 0.7069685042873911 favors 0.2901893642802511 __DUMMY__ 0.0028421314323578855	false	1.0
N548	favors 1.0	favors 1.0	favors 0.7612090838264299 opposes 0.2359487847412122 __DUMMY__ 0.002842131432357886	false	1.0
N530	opposes 1.0	opposes 1.0	opposes 0.7094589659799906 favors 0.2876887608494357 __DUMMY__ 0.0028522731705737736	false	1.0
N531	opposes 1.0	opposes 1.0	opposes 0.7094589659799906 favors 0.2876887608494357 __DUMMY__ 0.0028522731705737736	false	1.0
N532	opposes 1.0	opposes 1.0	opposes 0.7094589659799906 favors 0.2876887608494357 __DUMMY__ 0.0028522731705737736	false	1.0
N533	favors 1.0	favors 1.0	favors 0.7612090838264299 opposes 0.2359487847412122 __DUMMY__ 0.002842131432357887	false	1.0
N1390	favors 1.0	favors 1.0	favors 0.7603019523408606 opposes 0.2368383611574519 __DUMMY__ 0.00285968650168759	false	1.0
N1393	opposes 1.0	opposes 1.0	opposes 0.7086026655964012 favors 0.2885376479019112 __DUMMY__ 0.002859686501687589	false	1.0
N538	opposes 1.0	opposes 1.0	opposes 0.7069685042873911 favors 0.2901893642802511 __DUMMY__ 0.0028421314323578855	false	1.0
N1394	opposes 1.0		favors 0.5423048934015398 opposes 0.4451363719014083 __DUMMY__ 0.012558734697051951	true	0.5
N539	opposes 1.0	opposes 1.0	opposes 0.706968504287391 favors 0.2901893642802511 __DUMMY__ 0.0028421314323578855	false	1.0
N1391	opposes 1.0	opposes 1.0	opposes 0.7086026655964012 favors 0.2885376479019112 __DUMMY__ 0.002859686501687589	false	1.0
N1392	opposes 1.0	opposes 1.0	opposes 0.7086026655964012 favors 0.2885376479019112 __DUMMY__ 0.002859686501687589	false	1.0
N1397	favors 1.0	favors 1.0	favors 0.7603019523408606 opposes 0.2368383611574519 __DUMMY__ 0.00285968650168759	false	1.0
N534	favors 1.0		favors 0.5446560352381303 opposes 0.4428519609481247 __DUMMY__ 0.012492003813744918	true	1.0
