N1742	opposes 1.0	opposes 1.0	opposes 0.7116897238901455 favors 0.28554095357086023 __DUMMY__ 0.0027693225389942037	false	1.0
N1743	opposes 1.0	opposes 1.0	opposes 0.7159566276208148 favors 0.2812406168605774 __DUMMY__ 0.0028027555186078148	false	1.0
N1740	favors 1.0	favors 1.0	favors 0.7527749264771979 opposes 0.24445415338751575 __DUMMY__ 0.0027709201352863204	false	1.0
N1741	opposes 1.0	opposes 1.0	opposes 0.7146207092949369 favors 0.2825631949942803 __DUMMY__ 0.0028160957107827176	false	1.0
N1746	opposes 1.0	opposes 1.0	opposes 0.7111873885122963 favors 0.2860392395329507 __DUMMY__ 0.002773371954753009	false	1.0
N1747	opposes 1.0		favors 0.5265240535173431 opposes 0.4610313702922803 __DUMMY__ 0.012444576190376496	true	0.5
N1744	favors 1.0		favors 0.5274412355044574 opposes 0.46009442459365385 __DUMMY__ 0.01246433990188861	true	1.0
N1745	favors 1.0	favors 1.0	favors 0.7536979775337962 opposes 0.24348909834374535 __DUMMY__ 0.002812924122458506	false	1.0
N1748	opposes 1.0	opposes 1.0	opposes 0.7148415367733483 favors 0.2823800197746292 __DUMMY__ 0.002778443452022533	false	1.0
N1749	favors 1.0	favors 1.0	favors 0.7567471178850488 opposes 0.24048154673224084 __DUMMY__ 0.002771335382710359	false	1.0
N1731	opposes 1.0	opposes 1.0	opposes 0.7156615336305833 favors 0.2815710054344643 __DUMMY__ 0.0027674609349523918	false	1.0
N1732	opposes 1.0	opposes 1.0	opposes 0.7130839148796668 favors 0.28412012144195875 __DUMMY__ 0.0027959636783744194	false	1.0
N1730	favors 1.0	favors 1.0	favors 0.7583708068151216 opposes 0.2388746458684606 __DUMMY__ 0.002754547316417764	false	1.0
N1735	opposes 1.0	opposes 1.0	opposes 0.7147914497429312 favors 0.2824235625575368 __DUMMY__ 0.0027849876995320005	false	1.0
N1736	favors 1.0	favors 1.0	favors 0.7523641927575149 opposes 0.24485336548378053 __DUMMY__ 0.0027824417587045455	false	1.0
N1733	opposes 1.0		favors 0.5295748873717709 opposes 0.4580505167749701 __DUMMY__ 0.01237459585325887	true	0.5
N1734	favors 1.0	favors 1.0	favors 0.7549066817701153 opposes 0.2422766221059497 __DUMMY__ 0.002816696123934929	false	1.0
N1739	favors 1.0		favors 0.5349624160812158 opposes 0.4526238058446941 __DUMMY__ 0.012413778074090165	true	1.0
N1737	favors 1.0		favors 0.5314382188802457 opposes 0.4560881380362 __DUMMY__ 0.012473643083554373	true	1.0
N1738	opposes 1.0	opposes 1.0	opposes 0.7165548691072291 favors 0.2806758547417461 __DUMMY__ 0.0027692761510249133	false	1.0
N1720	opposes 1.0	opposes 1.0	opposes 0.7034207470582013 favors 0.2938316459915752 __DUMMY__ 0.0027476069502234677	false	1.0
N1721	opposes 1.0	opposes 1.0	opposes 0.7013469959327162 favors 0.2958794553941703 __DUMMY__ 0.002773548673113577	false	1.0
N1724	favors 1.0	favors 1.0	favors 0.7586601572117647 opposes 0.23852901525405584 __DUMMY__ 0.0028108275341795393	false	1.0
N1725	favors 1.0	favors 1.0	favors 0.761445727376815 opposes 0.23578833880155042 __DUMMY__ 0.0027659338216345503	false	1.0
N1722	favors 1.0	favors 1.0	favors 0.7697643737872074 opposes 0.2275017654379461 __DUMMY__ 0.0027338607748464074	false	1.0
N1723	favors 1.0		favors 0.547212070744256 opposes 0.44053845370434647 __DUMMY__ 0.012249475551397557	true	1.0
N1728	opposes 1.0		favors 0.5537358479944535 opposes 0.4341883301443153 __DUMMY__ 0.012075821861231255	true	0.5
N1729	favors 1.0	favors 1.0	favors 0.7690264528471625 opposes 0.22825409526922882 __DUMMY__ 0.0027194518836086735	false	1.0
N1726	favors 1.0	favors 1.0	favors 0.7704218965179904 opposes 0.22687506453312387 __DUMMY__ 0.0027030389488856862	false	1.0
N1727	opposes 1.0	opposes 1.0	opposes 0.7070722177880832 favors 0.29014896452883304 __DUMMY__ 0.0027788176830838463	false	1.0
N1710	favors 1.0		favors 0.5237548535145907 opposes 0.46370809860975615 __DUMMY__ 0.012537047875653087	true	1.0
N1713	opposes 1.0	opposes 1.0	opposes 0.7015642950377741 favors 0.2956626309356508 __DUMMY__ 0.002773074026575143	false	1.0
N1714	favors 1.0		favors 0.5519234841307428 opposes 0.43584178602999135 __DUMMY__ 0.01223472983926577	true	1.0
N1711	favors 1.0		favors 0.5470154520543287 opposes 0.440869659037487 __DUMMY__ 0.012114888908184305	true	1.0
N1712	favors 1.0	favors 1.0	favors 0.7659914082633191 opposes 0.23125199478315658 __DUMMY__ 0.0027565969535243593	false	1.0
N1717	favors 1.0	favors 1.0	favors 0.763370698840421 opposes 0.2337958912435335 __DUMMY__ 0.00283340991604553	false	1.0
N1718	opposes 1.0	opposes 1.0	opposes 0.7037855963137433 favors 0.2935109120008502 __DUMMY__ 0.002703491685406578	false	1.0
N1715	favors 1.0	favors 1.0	favors 0.7630842335696053 opposes 0.23419494204038782 __DUMMY__ 0.0027208243900067497	false	1.0
N1716	favors 1.0		favors 0.5468125830086228 opposes 0.44105768872293516 __DUMMY__ 0.012129728268442136	true	1.0
N1719	favors 1.0	favors 1.0	favors 0.7681965238737795 opposes 0.22903722781685176 __DUMMY__ 0.0027662483093688173	false	1.0
N1782	favors 1.0	favors 1.0	favors 0.7528905370025356 opposes 0.24411900457159263 __DUMMY__ 0.0029904584258718674	false	1.0
N1783	favors 1.0	favors 1.0	favors 0.7520191938211381 opposes 0.2449814409966923 __DUMMY__ 0.0029993651821696382	false	1.0
N1780	opposes 1.0		favors 0.5327507478249421 opposes 0.45446485733488334 __DUMMY__ 0.012784394840174554	true	0.5
N1781	opposes 1.0	opposes 1.0	opposes 0.7077660711829715 favors 0.28930212169133507 __DUMMY__ 0.0029318071256934663	false	1.0
N1302	favors 1.0	favors 1.0	favors 0.755711299126427 opposes 0.24134511243469925 __DUMMY__ 0.002943588438873782	false	1.0
N1786	opposes 1.0	opposes 1.0	opposes 0.7164063941097418 favors 0.28060187286697813 __DUMMY__ 0.0029917330232800653	false	1.0
N1303	favors 1.0		favors 0.5462789479153428 opposes 0.4411450578902897 __DUMMY__ 0.012575994194367487	true	1.0
N1787	opposes 1.0	opposes 1.0	opposes 0.7134560669856956 favors 0.2835651602568084 __DUMMY__ 0.002978772757495975	false	1.0
N1300	favors 1.0	favors 1.0	favors 0.7542017739115022 opposes 0.24290161919632416 __DUMMY__ 0.002896606892173507	false	1.0
N1784	favors 1.0		favors 0.5311247604162562 opposes 0.45608132847236293 __DUMMY__ 0.012793911111380793	true	1.0
N1301	opposes 1.0	opposes 1.0	opposes 0.7148346740040165 favors 0.28224449310228694 __DUMMY__ 0.002920832893696512	false	1.0
N1785	opposes 1.0		favors 0.5449732109282635 opposes 0.4423986027360478 __DUMMY__ 0.012628186335688569	true	0.5
N1306	opposes 1.0	opposes 1.0	opposes 0.7066586133101346 favors 0.29046516313481685 __DUMMY__ 0.0028762235550485143	false	1.0
N1307	favors 1.0		favors 0.5276437058767641 opposes 0.4597844266199153 __DUMMY__ 0.012571867503320538	true	1.0
N1304	favors 1.0	favors 1.0	favors 0.7528883099029978 opposes 0.24419042226332013 __DUMMY__ 0.0029212678336821033	false	1.0
N1788	favors 1.0		favors 0.5420684446130318 opposes 0.4453202263521838 __DUMMY__ 0.012611329034784406	true	1.0
N1305	favors 1.0	favors 1.0	favors 0.7573635952385567 opposes 0.23975290798521318 __DUMMY__ 0.00288349677623018	false	1.0
N1789	opposes 1.0	opposes 1.0	opposes 0.7170767485192703 favors 0.27995085577691414 __DUMMY__ 0.002972395703815595	false	1.0
N1308	opposes 1.0	opposes 1.0	opposes 0.7161628364569199 favors 0.28095465372483897 __DUMMY__ 0.002882509818241108	false	1.0
N1309	opposes 1.0	opposes 1.0	opposes 0.7116137084282955 favors 0.28546089905689814 __DUMMY__ 0.002925392514806381	false	1.0
N1771	favors 1.0	favors 1.0	favors 0.757808102202555 opposes 0.23920567524611586 __DUMMY__ 0.002986222551329025	false	1.0
N1772	opposes 1.0		favors 0.5317100758220921 opposes 0.45568300259549355 __DUMMY__ 0.012606921582414317	true	0.5
N1770	opposes 1.0		favors 0.5307707882588465 opposes 0.45659032378538217 __DUMMY__ 0.01263888795577127	true	0.5
N1775	favors 1.0	favors 1.0	favors 0.7513127431785604 opposes 0.2457351478321683 __DUMMY__ 0.002952108989271331	false	1.0
N1776	favors 1.0		favors 0.534066971455402 opposes 0.4531225665062569 __DUMMY__ 0.012810462038341006	true	1.0
N1773	favors 1.0		favors 0.5348263145171837 opposes 0.4523659016443342 __DUMMY__ 0.012807783838481985	true	1.0
N1774	opposes 1.0	opposes 1.0	opposes 0.7133002565240292 favors 0.28375426119436464 __DUMMY__ 0.002945482281606169	false	1.0
N1779	favors 1.0		favors 0.5295659657356536 opposes 0.4578128992066748 __DUMMY__ 0.012621135057671802	true	1.0
N1777	favors 1.0	favors 1.0	favors 0.7505430606102228 opposes 0.24652875829896684 __DUMMY__ 0.0029281810908102705	false	1.0
N1778	favors 1.0	favors 1.0	favors 0.7585353604739501 opposes 0.23850862110450188 __DUMMY__ 0.002956018421548038	false	1.0
N901	favors 1.0	favors 1.0	favors 0.7519135833986861 opposes 0.24521733802381782 __DUMMY__ 0.002869078577496186	false	1.0
N902	favors 1.0		favors 0.5299788626971547 opposes 0.4574760769164088 __DUMMY__ 0.012545060386436543	true	1.0
N903	opposes 1.0	opposes 1.0	opposes 0.7098761101437938 favors 0.28731782140093376 __DUMMY__ 0.002806068455272352	false	1.0
N904	opposes 1.0		favors 0.5263237651827971 opposes 0.4611618967180338 __DUMMY__ 0.012514338099169143	true	0.5
N1760	opposes 1.0	opposes 1.0	opposes 0.7124047258975214 favors 0.2847048359680069 __DUMMY__ 0.002890438134471702	false	1.0
N1761	opposes 1.0	opposes 1.0	opposes 0.7078824560849639 favors 0.2892977482978502 __DUMMY__ 0.0028197956171859373	false	1.0
N900	favors 1.0	favors 1.0	favors 0.7525448277380539 opposes 0.24460299274840916 __DUMMY__ 0.002852179513537035	false	1.0
N1764	favors 1.0	favors 1.0	favors 0.7542566994676965 opposes 0.24284558124657027 __DUMMY__ 0.0028977192857332335	false	1.0
N909	favors 1.0		favors 0.5279607788218811 opposes 0.4596044918669543 __DUMMY__ 0.012434729311164586	true	1.0
N1765	opposes 1.0	opposes 1.0	opposes 0.706629014028532 favors 0.2905499188617717 __DUMMY__ 0.0028210671096963397	false	1.0
N1762	favors 1.0	favors 1.0	favors 0.7532187890123987 opposes 0.24391326758804818 __DUMMY__ 0.002867943399553083	false	1.0
N1763	opposes 1.0		favors 0.5279676929904087 opposes 0.45947986287461673 __DUMMY__ 0.012552444134974756	true	0.5
N1768	favors 1.0		favors 0.5427810303811483 opposes 0.4448040419577868 __DUMMY__ 0.012414927661064947	true	1.0
N905	opposes 1.0	opposes 1.0	opposes 0.7144236874364123 favors 0.28275595254186126 __DUMMY__ 0.0028203600217265295	false	1.0
N1769	opposes 1.0	opposes 1.0	opposes 0.7169229918829892 favors 0.2802250424996745 __DUMMY__ 0.0028519656173362487	false	1.0
N906	favors 1.0	favors 1.0	favors 0.7570187493393369 opposes 0.24017536646113088 __DUMMY__ 0.0028058841995322677	false	1.0
N1766	opposes 1.0	opposes 1.0	opposes 0.7165033743249551 favors 0.2806332662449537 __DUMMY__ 0.002863359430091168	false	1.0
N907	opposes 1.0		favors 0.5253582550484788 opposes 0.4621646804403623 __DUMMY__ 0.012477064511158832	true	0.5
N908	opposes 1.0		favors 0.5222972676827494 opposes 0.4653601993581199 __DUMMY__ 0.012342532959130827	true	0.5
N1767	opposes 1.0	opposes 1.0	opposes 0.7121067725341687 favors 0.2850381679511571 __DUMMY__ 0.002855059514674167	false	1.0
N1750	opposes 1.0	opposes 1.0	opposes 0.7171288206101907 favors 0.28007942922591444 __DUMMY__ 0.002791750163894891	false	1.0
N1753	favors 1.0	favors 1.0	favors 0.7557772790750864 opposes 0.24132883850662723 __DUMMY__ 0.0028938824182864606	false	1.0
N1754	opposes 1.0	opposes 1.0	opposes 0.7135202056664248 favors 0.28365243537299906 __DUMMY__ 0.00282735896057617	false	1.0
N1751	opposes 1.0	opposes 1.0	opposes 0.713087935563537 favors 0.28409809395825686 __DUMMY__ 0.002813970478206085	false	1.0
N1752	opposes 1.0		favors 0.5327743032466924 opposes 0.45481722041447875 __DUMMY__ 0.012408476338828788	true	0.5
N1757	favors 1.0	favors 1.0	favors 0.7517353483343183 opposes 0.2454544847760139 __DUMMY__ 0.0028101668896678097	false	1.0
N1758	favors 1.0		favors 0.5406361906695317 opposes 0.44688934540549385 __DUMMY__ 0.0124744639249744	true	1.0
N1755	favors 1.0		favors 0.527787641213629 opposes 0.45976267380879904 __DUMMY__ 0.012449684977571982	true	1.0
N1756	favors 1.0	favors 1.0	favors 0.7557323102320335 opposes 0.2413804832678256 __DUMMY__ 0.0028872065001408756	false	1.0
N1759	favors 1.0	favors 1.0	favors 0.7538715185840421 opposes 0.24330604578525017 __DUMMY__ 0.0028224356307077624	false	1.0
N923	favors 1.0	favors 1.0	favors 0.7546551553581535 opposes 0.2425711838254282 __DUMMY__ 0.002773660816418269	false	1.0
N924	opposes 1.0	opposes 1.0	opposes 0.7204043293386779 favors 0.2767778241375399 __DUMMY__ 0.002817846523782252	false	1.0
N925	opposes 1.0	opposes 1.0	opposes 0.7177415874603043 favors 0.2794703507064265 __DUMMY__ 0.0027880618332693234	false	1.0
N926	favors 1.0		favors 0.5317057741028509 opposes 0.45595071230930095 __DUMMY__ 0.012343513587848218	true	1.0
N1342	favors 1.0	favors 1.0	favors 0.7595757927985674 opposes 0.23755354296473002 __DUMMY__ 0.002870664236702632	false	1.0
N1343	favors 1.0	favors 1.0	favors 0.764599021910017 opposes 0.23256860954035674 __DUMMY__ 0.002832368549626176	false	1.0
N920	favors 1.0	favors 1.0	favors 0.749416668305683 opposes 0.24777117683922603 __DUMMY__ 0.0028121548550910434	false	1.0
N1340	favors 1.0	favors 1.0	favors 0.7579885888385208 opposes 0.23915563654562547 __DUMMY__ 0.002855774615853815	false	1.0
N921	favors 1.0	favors 1.0	favors 0.7485270611422046 opposes 0.24863913411482055 __DUMMY__ 0.002833804742974872	false	1.0
N1341	favors 1.0	favors 1.0	favors 0.7575868988369869 opposes 0.23954519654786194 __DUMMY__ 0.002867904615151221	false	1.0
N922	favors 1.0		favors 0.522993512739358 opposes 0.4645084573375623 __DUMMY__ 0.012498029923079667	true	1.0
N1346	favors 1.0	favors 1.0	favors 0.7637819250812389 opposes 0.2333925080521439 __DUMMY__ 0.0028255668666172604	false	1.0
N1347	opposes 1.0	opposes 1.0	opposes 0.7115417312120819 favors 0.28561423497951405 __DUMMY__ 0.0028440338084040405	false	1.0
N1344	opposes 1.0	opposes 1.0	opposes 0.7111117741051538 favors 0.2860251216300668 __DUMMY__ 0.0028631042647793183	false	1.0
N1345	opposes 1.0	opposes 1.0	opposes 0.708241839565909 favors 0.2889306169796907 __DUMMY__ 0.002827543454400322	false	1.0
N927	opposes 1.0		favors 0.519526568395942 opposes 0.4680728528534933 __DUMMY__ 0.012400578750564736	true	0.5
N928	favors 1.0	favors 1.0	favors 0.7568735323303946 opposes 0.24030482409745738 __DUMMY__ 0.0028216435721481322	false	1.0
N929	favors 1.0	favors 1.0	favors 0.7603555006952877 opposes 0.2367948605827116 __DUMMY__ 0.002849638722000798	false	1.0
N1348	favors 1.0	favors 1.0	favors 0.7659792698212294 opposes 0.23123848330867527 __DUMMY__ 0.0027822468700952276	false	1.0
N1349	favors 1.0		favors 0.5468375126602314 opposes 0.44094803542626937 __DUMMY__ 0.012214451913499135	true	1.0
N912	opposes 1.0	opposes 1.0	opposes 0.7181416058018045 favors 0.27907483920578946 __DUMMY__ 0.0027835549924060516	false	1.0
N913	favors 1.0	favors 1.0	favors 0.748459681669068 opposes 0.24875955438585626 __DUMMY__ 0.0027807639450758313	false	1.0
N914	favors 1.0	favors 1.0	favors 0.7508188016469585 opposes 0.24635137724224843 __DUMMY__ 0.002829821110793091	false	1.0
N915	favors 1.0	favors 1.0	favors 0.7472621987872624 opposes 0.24996354327937184 __DUMMY__ 0.0027742579333658486	false	1.0
N1331	favors 1.0	favors 1.0	favors 0.7606935451701538 opposes 0.2364281220268497 __DUMMY__ 0.00287833280299655	false	1.0
N1332	favors 1.0		favors 0.5428064344594173 opposes 0.4446894409514981 __DUMMY__ 0.012504124589084455	true	1.0
N910	opposes 1.0	opposes 1.0	opposes 0.7181517503257328 favors 0.2790768470875875 __DUMMY__ 0.0027714025866797964	false	1.0
N1330	opposes 1.0	opposes 1.0	opposes 0.7080505782043238 favors 0.2891112607947206 __DUMMY__ 0.0028381610009555725	false	1.0
N911	favors 1.0		favors 0.5262354643536278 opposes 0.46126618173152617 __DUMMY__ 0.012498353914845996	true	1.0
N1335	opposes 1.0		favors 0.539938997777347 opposes 0.4475790035111869 __DUMMY__ 0.012481998711466177	true	0.5
N1336	favors 1.0		favors 0.5473237188881132 opposes 0.44016971835731955 __DUMMY__ 0.012506562754567215	true	1.0
N1333	favors 1.0	favors 1.0	favors 0.7579643214824157 opposes 0.23919934815967706 __DUMMY__ 0.0028363303579073567	false	1.0
N1334	favors 1.0	favors 1.0	favors 0.7599300834143645 opposes 0.2371948499257256 __DUMMY__ 0.0028750666599099604	false	1.0
N1339	opposes 1.0	opposes 1.0	opposes 0.7044149942875526 favors 0.29276479167604463 __DUMMY__ 0.002820214036402734	false	1.0
N916	favors 1.0	favors 1.0	favors 0.7536589873683208 opposes 0.24355882168553308 __DUMMY__ 0.0027821909461461453	false	1.0
N917	favors 1.0	favors 1.0	favors 0.7486107461054232 opposes 0.2486171031791386 __DUMMY__ 0.0027721507154382197	false	1.0
N1337	favors 1.0		favors 0.5406201243527707 opposes 0.4469057673031791 __DUMMY__ 0.012474108344050166	true	1.0
N918	opposes 1.0		favors 0.5250660814436842 opposes 0.4624585745096617 __DUMMY__ 0.012475344046654319	true	0.5
N1338	opposes 1.0		favors 0.5418036483891568 opposes 0.4456212045944142 __DUMMY__ 0.012575147016429113	true	0.5
N919	opposes 1.0	opposes 1.0	opposes 0.7132453740096788 favors 0.28399208521606656 __DUMMY__ 0.0027625407742544973	false	1.0
N940	opposes 1.0		favors 0.5349610631509281 opposes 0.45247196180679017 __DUMMY__ 0.012566975042281655	true	0.5
N945	favors 1.0		favors 0.5376245418024261 opposes 0.4498662509673138 __DUMMY__ 0.012509207230260033	true	1.0
N946	opposes 1.0	opposes 1.0	opposes 0.7064148636144222 favors 0.2907641139852899 __DUMMY__ 0.002821022400287791	false	1.0
N947	favors 1.0	favors 1.0	favors 0.7547002494004431 opposes 0.24244715679658874 __DUMMY__ 0.002852593802968129	false	1.0
N948	opposes 1.0	opposes 1.0	opposes 0.7125739660974069 favors 0.2847566325290136 __DUMMY__ 0.0026694013735795723	false	1.0
N941	opposes 1.0		favors 0.533740269373793 opposes 0.45367846693866365 __DUMMY__ 0.012581263687543419	true	0.5
N1320	opposes 1.0	opposes 1.0	opposes 0.7168015968395834 favors 0.2802601672738317 __DUMMY__ 0.002938235886584964	false	1.0
N942	opposes 1.0	opposes 1.0	opposes 0.710934301512862 favors 0.2861909665070288 __DUMMY__ 0.002874731980109337	false	1.0
N1321	favors 1.0	favors 1.0	favors 0.7507333269691774 opposes 0.246305969167526 __DUMMY__ 0.0029607038632966268	false	1.0
N943	favors 1.0		favors 0.5479715321753502 opposes 0.43955158555522206 __DUMMY__ 0.012476882269427768	true	1.0
N944	favors 1.0	favors 1.0	favors 0.7549048223977455 opposes 0.24223716752081279 __DUMMY__ 0.0028580100814418166	false	1.0
N1324	opposes 1.0	opposes 1.0	opposes 0.7183298913301667 favors 0.27872458810771394 __DUMMY__ 0.00294552056211943	false	1.0
N1325	opposes 1.0	opposes 1.0	opposes 0.7143573418789706 favors 0.2827392862489462 __DUMMY__ 0.0029033718720832226	false	1.0
N1322	favors 1.0		favors 0.5290225236946254 opposes 0.4582585570552237 __DUMMY__ 0.012718919250150833	true	1.0
N1323	favors 1.0	favors 1.0	favors 0.7602322303598299 opposes 0.23687988574107285 __DUMMY__ 0.0028878838990971964	false	1.0
N1328	opposes 1.0	opposes 1.0	opposes 0.7093019712547511 favors 0.2878722777040259 __DUMMY__ 0.002825751041222936	false	1.0
N949	favors 1.0	favors 1.0	favors 0.7589098976673128 opposes 0.23836079790968662 __DUMMY__ 0.0027293044230007	false	1.0
N1329	favors 1.0	favors 1.0	favors 0.7620213105867055 opposes 0.23511858461767887 __DUMMY__ 0.002860104795615572	false	1.0
N1326	favors 1.0	favors 1.0	favors 0.7589758659773802 opposes 0.23814462274106774 __DUMMY__ 0.0028795112815521036	false	1.0
N1327	opposes 1.0	opposes 1.0	opposes 0.7187716285374977 favors 0.2783095467694415 __DUMMY__ 0.002918824693060954	false	1.0
N934	opposes 1.0	opposes 1.0	opposes 0.7105068776593718 favors 0.28661778275914823 __DUMMY__ 0.002875339581479908	false	1.0
N935	opposes 1.0	opposes 1.0	opposes 0.7127352664424179 favors 0.2844443570273465 __DUMMY__ 0.002820376530235459	false	1.0
N1790	favors 1.0	favors 1.0	favors 0.7550120998297956 opposes 0.24215707037028492 __DUMMY__ 0.0028308297999194835	false	1.0
N936	opposes 1.0		favors 0.543379070359521 opposes 0.44410973682468347 __DUMMY__ 0.01251119281579548	true	0.5
N937	opposes 1.0	opposes 1.0	opposes 0.7118555723554881 favors 0.2853146545613162 __DUMMY__ 0.002829773083195675	false	1.0
N930	favors 1.0	favors 1.0	favors 0.7576560379987998 opposes 0.23951473103459675 __DUMMY__ 0.0028292309666034447	false	1.0
N1793	opposes 1.0	opposes 1.0	opposes 0.7111410102792436 favors 0.28596592292648937 __DUMMY__ 0.0028930667942669752	false	1.0
N931	opposes 1.0		favors 0.5401172319763141 opposes 0.4472884239320969 __DUMMY__ 0.01259434409158893	true	0.5
N1310	opposes 1.0		favors 0.5287364787338265 opposes 0.45870427644630446 __DUMMY__ 0.012559244819869272	true	0.5
N1794	favors 1.0	favors 1.0	favors 0.756388155561914 opposes 0.24076283690901293 __DUMMY__ 0.0028490075290729866	false	1.0
N932	favors 1.0	favors 1.0	favors 0.7579566124892525 opposes 0.23920785589151264 __DUMMY__ 0.0028355316192349026	false	1.0
N1791	favors 1.0	favors 1.0	favors 0.7591861609754904 opposes 0.23794465779677962 __DUMMY__ 0.0028691812277300485	false	1.0
N933	opposes 1.0	opposes 1.0	opposes 0.7129880514553265 favors 0.2841701805326854 __DUMMY__ 0.0028417680119881715	false	1.0
N1792	favors 1.0	favors 1.0	favors 0.7550536369333849 opposes 0.24210967355939494 __DUMMY__ 0.0028366895072200965	false	1.0
N1313	favors 1.0	favors 1.0	favors 0.7503671140911067 opposes 0.24672545529490464 __DUMMY__ 0.0029074306139887187	false	1.0
N1797	opposes 1.0	opposes 1.0	opposes 0.7148712349256683 favors 0.2822971991212578 __DUMMY__ 0.002831565953073945	false	1.0
N1314	favors 1.0		favors 0.5308722139219012 opposes 0.45639511217093687 __DUMMY__ 0.012732673907161905	true	1.0
N1798	favors 1.0	favors 1.0	favors 0.7598766851362573 opposes 0.237269606212929 __DUMMY__ 0.0028537086508137765	false	1.0
N1311	favors 1.0	favors 1.0	favors 0.7549239511219882 opposes 0.24211925303962592 __DUMMY__ 0.0029567958383859465	false	1.0
N1795	opposes 1.0	opposes 1.0	opposes 0.7145164469039805 favors 0.28264168372448134 __DUMMY__ 0.002841869371538198	false	1.0
N1312	opposes 1.0	opposes 1.0	opposes 0.7148042640257506 favors 0.28229158085431705 __DUMMY__ 0.0029041551199323118	false	1.0
N1796	opposes 1.0	opposes 1.0	opposes 0.7117566899224319 favors 0.2853486184353826 __DUMMY__ 0.0028946916421854377	false	1.0
N938	favors 1.0	favors 1.0	favors 0.7579324534214388 opposes 0.23918982589769366 __DUMMY__ 0.0028777206808675705	false	1.0
N1317	favors 1.0		favors 0.5261170945987474 opposes 0.46131262139731855 __DUMMY__ 0.0125702840039339	true	1.0
N939	favors 1.0	favors 1.0	favors 0.762091257584582 opposes 0.2350870867829179 __DUMMY__ 0.002821655632500064	false	1.0
N1318	opposes 1.0		favors 0.5313648050483871 opposes 0.4559415411055481 __DUMMY__ 0.012693653846064643	true	0.5
N1315	favors 1.0	favors 1.0	favors 0.7498082011718346 opposes 0.24730279220920456 __DUMMY__ 0.002889006618960901	false	1.0
N1799	opposes 1.0		favors 0.531706151319562 opposes 0.455820408259649 __DUMMY__ 0.012473440420789027	true	0.5
N1316	favors 1.0	favors 1.0	favors 0.7577021477528001 opposes 0.2394016258876107 __DUMMY__ 0.0028962263595891497	false	1.0
N1319	favors 1.0	favors 1.0	favors 0.7592979268773357 opposes 0.237831337296954 __DUMMY__ 0.002870735825710355	false	1.0
N960	opposes 1.0	opposes 1.0	opposes 0.7133556989312375 favors 0.2838646216065499 __DUMMY__ 0.0027796794622126646	false	1.0
N961	opposes 1.0	opposes 1.0	opposes 0.71094663389447 favors 0.28629122157350834 __DUMMY__ 0.002762144532021726	false	1.0
N962	favors 1.0	favors 1.0	favors 0.7625622761369167 opposes 0.2347637792199104 __DUMMY__ 0.0026739446431728433	false	1.0
N967	opposes 1.0	opposes 1.0	opposes 0.7168272647713508 favors 0.28042027455184315 __DUMMY__ 0.00275246067680602	false	1.0
N1382	opposes 1.0	opposes 1.0	opposes 0.7189259608130871 favors 0.2781885597690816 __DUMMY__ 0.002885479417831369	false	1.0
N1383	opposes 1.0	opposes 1.0	opposes 0.7139748813997641 favors 0.28316473735773967 __DUMMY__ 0.0028603812424962704	false	1.0
N968	favors 1.0	favors 1.0	favors 0.7555553837527768 opposes 0.24165986576888196 __DUMMY__ 0.0027847504783412433	false	1.0
N969	opposes 1.0	opposes 1.0	opposes 0.7163896007767103 favors 0.280859725247024 __DUMMY__ 0.0027506739762655887	false	1.0
N1380	favors 1.0	favors 1.0	favors 0.7518693661339695 opposes 0.24522919766853998 __DUMMY__ 0.002901436197490609	false	1.0
N1381	favors 1.0	favors 1.0	favors 0.759410755490042 opposes 0.23775080338787155 __DUMMY__ 0.0028384411220863824	false	1.0
N963	favors 1.0		favors 0.5283748579621378 opposes 0.45942006060420437 __DUMMY__ 0.012205081433657854	true	1.0
N1386	favors 1.0		favors 0.539728343069976 opposes 0.4477374188594974 __DUMMY__ 0.012534238070526515	true	1.0
N964	favors 1.0	favors 1.0	favors 0.7564319818661 opposes 0.2408737128812828 __DUMMY__ 0.0026943052526173013	false	1.0
N1387	favors 1.0	favors 1.0	favors 0.7621138059490457 opposes 0.23500678471577116 __DUMMY__ 0.002879409335183205	false	1.0
N965	opposes 1.0	opposes 1.0	opposes 0.7040949480057377 favors 0.2932278778486643 __DUMMY__ 0.002677174145598075	false	1.0
N1384	favors 1.0	favors 1.0	favors 0.7586553796948614 opposes 0.23850275168920684 __DUMMY__ 0.002841868615931646	false	1.0
N1385	opposes 1.0	opposes 1.0	opposes 0.7197265546083127 favors 0.27741387987986194 __DUMMY__ 0.0028595655118253934	false	1.0
N966	favors 1.0	favors 1.0	favors 0.7517717892834334 opposes 0.24550750182605657 __DUMMY__ 0.002720708890510143	false	1.0
N1388	favors 1.0	favors 1.0	favors 0.7599562613354452 opposes 0.23718458314713603 __DUMMY__ 0.0028591555174187523	false	1.0
N1389	opposes 1.0		favors 0.5430845856262797 opposes 0.4442934438044137 __DUMMY__ 0.01262197056930651	true	0.5
N950	favors 1.0	favors 1.0	favors 0.7542619490436213 opposes 0.24304779003799407 __DUMMY__ 0.002690260918384662	false	1.0
N951	opposes 1.0	opposes 1.0	opposes 0.7097057774684083 favors 0.28751225334159225 __DUMMY__ 0.002781969189999512	false	1.0
N956	opposes 1.0		favors 0.532269790066619 opposes 0.45563881571743553 __DUMMY__ 0.012091394215945283	true	0.5
N1371	opposes 1.0	opposes 1.0	opposes 0.718527661606383 favors 0.2786246997649492 __DUMMY__ 0.0028476386286678717	false	1.0
N1372	favors 1.0		favors 0.5299724408818 opposes 0.4574379910742111 __DUMMY__ 0.012589568043989084	true	1.0
N957	favors 1.0	favors 1.0	favors 0.7558722114135191 opposes 0.24136084602969723 __DUMMY__ 0.0027669425567837225	false	1.0
N958	favors 1.0	favors 1.0	favors 0.7622245740790426 opposes 0.23507696133927372 __DUMMY__ 0.0026984645816836204	false	1.0
N959	favors 1.0	favors 1.0	favors 0.754526680269525 opposes 0.24271216915262264 __DUMMY__ 0.0027611505778523926	false	1.0
N1370	opposes 1.0	opposes 1.0	opposes 0.7154228881841207 favors 0.28172521622153407 __DUMMY__ 0.002851895594345173	false	1.0
N952	favors 1.0	favors 1.0	favors 0.754785941685593 opposes 0.2425312943398405 __DUMMY__ 0.002682763974566613	false	1.0
N1375	favors 1.0	favors 1.0	favors 0.7507568993026158 opposes 0.24639371328497348 __DUMMY__ 0.0028493874124106856	false	1.0
N1376	opposes 1.0		favors 0.5299860823616515 opposes 0.4574446478165117 __DUMMY__ 0.012569269821836884	true	0.5
N953	opposes 1.0	opposes 1.0	opposes 0.7133076029270131 favors 0.28399296384317735 __DUMMY__ 0.002699433229809603	false	1.0
N954	opposes 1.0	opposes 1.0	opposes 0.7147039367118512 favors 0.2826576966958066 __DUMMY__ 0.0026383665923422053	false	1.0
N1373	favors 1.0	favors 1.0	favors 0.7495747731536957 opposes 0.24759335977294852 __DUMMY__ 0.0028318670733557616	false	1.0
N955	opposes 1.0	opposes 1.0	opposes 0.7055049881269297 favors 0.2917747431561132 __DUMMY__ 0.0027202687169570966	false	1.0
N1374	favors 1.0		favors 0.5374968680148104 opposes 0.44999975714447077 __DUMMY__ 0.012503374840718848	true	1.0
N1379	favors 1.0		favors 0.5227327029903428 opposes 0.46469762697566314 __DUMMY__ 0.012569670033994057	true	1.0
N1377	opposes 1.0	opposes 1.0	opposes 0.7089286690861519 favors 0.2882340252645922 __DUMMY__ 0.002837305649255896	false	1.0
N1378	favors 1.0	favors 1.0	favors 0.7502160122303585 opposes 0.24690646451930068 __DUMMY__ 0.0028775232503407623	false	1.0
N981	opposes 1.0	opposes 1.0	opposes 0.7187206580513072 favors 0.27848934468652375 __DUMMY__ 0.002789997262169026	false	1.0
N982	opposes 1.0	opposes 1.0	opposes 0.7155312986833589 favors 0.2817062366965137 __DUMMY__ 0.002762464620127488	false	1.0
N983	favors 1.0	favors 1.0	favors 0.7570974935056641 opposes 0.2401497587058417 __DUMMY__ 0.002752747788494239	false	1.0
N500	opposes 1.0	opposes 1.0	opposes 0.7129215239238872 favors 0.28420128410079964 __DUMMY__ 0.002877191975313142	false	1.0
N984	favors 1.0		favors 0.5226958587322229 opposes 0.4649103678156833 __DUMMY__ 0.012393773452093798	true	1.0
N980	favors 1.0	favors 1.0	favors 0.7526222142254871 opposes 0.24456973343566785 __DUMMY__ 0.0028080523388450194	false	1.0
N505	favors 1.0	favors 1.0	favors 0.7594547104135424 opposes 0.2377101008837919 __DUMMY__ 0.002835188702665735	false	1.0
N989	opposes 1.0	opposes 1.0	opposes 0.7143052641700446 favors 0.2829326977683024 __DUMMY__ 0.0027620380616530755	false	1.0
N1360	opposes 1.0	opposes 1.0	opposes 0.7092216234978147 favors 0.287956319066435 __DUMMY__ 0.002822057435750359	false	1.0
N506	opposes 1.0	opposes 1.0	opposes 0.7143986400750518 favors 0.28273739209779775 __DUMMY__ 0.002863967827150358	false	1.0
N1361	favors 1.0	favors 1.0	favors 0.7604980008329886 opposes 0.23671380897802555 __DUMMY__ 0.0027881901889859604	false	1.0
N507	opposes 1.0		favors 0.5308444499615491 opposes 0.4565622442749293 __DUMMY__ 0.012593305763521481	true	0.5
N508	opposes 1.0		favors 0.5339238935227476 opposes 0.4534742966563761 __DUMMY__ 0.012601809820876405	true	0.5
N501	opposes 1.0		favors 0.5325726299128529 opposes 0.454911993320894 __DUMMY__ 0.01251537676625307	true	0.5
N985	opposes 1.0	opposes 1.0	opposes 0.7150574668191538 favors 0.28220194289543865 __DUMMY__ 0.002740590285407446	false	1.0
N1364	favors 1.0	favors 1.0	favors 0.7690456017207812 opposes 0.22824557498005846 __DUMMY__ 0.002708823299160292	false	1.0
N502	favors 1.0	favors 1.0	favors 0.7583363448312747 opposes 0.23881321792934587 __DUMMY__ 0.0028504372393794285	false	1.0
N986	opposes 1.0	opposes 1.0	opposes 0.7120324686199249 favors 0.28519176012230585 __DUMMY__ 0.0027757712577693135	false	1.0
N1365	favors 1.0	favors 1.0	favors 0.756490292949643 opposes 0.24073220772729576 __DUMMY__ 0.0027774993230612302	false	1.0
N503	opposes 1.0	opposes 1.0	opposes 0.713346312401724 favors 0.2838192674103281 __DUMMY__ 0.002834420187947881	false	1.0
N987	opposes 1.0		favors 0.5307626304717167 opposes 0.4569530938727484 __DUMMY__ 0.01228427565553498	true	0.5
N1362	favors 1.0	favors 1.0	favors 0.771758806673731 opposes 0.22552482582599692 __DUMMY__ 0.0027163675002719817	false	1.0
N504	favors 1.0		favors 0.5341612318012939 opposes 0.4532366321126645 __DUMMY__ 0.012602136086041457	true	1.0
N988	favors 1.0	favors 1.0	favors 0.7546522859584259 opposes 0.2425459205667381 __DUMMY__ 0.0028017934748360653	false	1.0
N1363	opposes 1.0	opposes 1.0	opposes 0.7103418416639845 favors 0.28686033141433687 __DUMMY__ 0.0027978269216785445	false	1.0
N1368	opposes 1.0	opposes 1.0	opposes 0.7147672065560307 favors 0.28238473225966576 __DUMMY__ 0.002848061184303569	false	1.0
N1369	favors 1.0		favors 0.5305258439829594 opposes 0.4568896894490972 __DUMMY__ 0.01258446656794337	true	1.0
N1366	opposes 1.0		favors 0.5267849985818877 opposes 0.46075528282156003 __DUMMY__ 0.012459718596552321	true	0.5
N1367	opposes 1.0	opposes 1.0	opposes 0.7110693281732313 favors 0.2860730091229726 __DUMMY__ 0.00285766270379615	false	1.0
N509	favors 1.0	favors 1.0	favors 0.7601220181849828 opposes 0.23703813542423247 __DUMMY__ 0.0028398463907846764	false	1.0
N970	favors 1.0		favors 0.5306094006978594 opposes 0.45690934970228625 __DUMMY__ 0.012481249599854362	true	1.0
N971	opposes 1.0	opposes 1.0	opposes 0.7163000385786203 favors 0.2809319219723386 __DUMMY__ 0.0027680394490410304	false	1.0
N972	favors 1.0	favors 1.0	favors 0.7506499543852175 opposes 0.24658854087829443 __DUMMY__ 0.0027615047364880825	false	1.0
N973	favors 1.0	favors 1.0	favors 0.7535654392518273 opposes 0.24362758730001266 __DUMMY__ 0.002806973448159951	false	1.0
N978	opposes 1.0	opposes 1.0	opposes 0.7116333080931226 favors 0.28561479281677177 __DUMMY__ 0.00275189909010556	false	1.0
N979	favors 1.0	favors 1.0	favors 0.7515723071321865 opposes 0.24563538874268637 __DUMMY__ 0.002792304125127219	false	1.0
N1350	opposes 1.0		favors 0.5496534557799625 opposes 0.43800825077288386 __DUMMY__ 0.012338293447153634	true	0.5
N974	favors 1.0		favors 0.5242195598110533 opposes 0.4634282767451316 __DUMMY__ 0.012352163443815019	true	1.0
N1353	opposes 1.0	opposes 1.0	opposes 0.7039528699915703 favors 0.2932032347758756 __DUMMY__ 0.0028438952325541902	false	1.0
N975	favors 1.0		favors 0.5343112008546429 opposes 0.45329996549334833 __DUMMY__ 0.012388833652008858	true	1.0
N1354	opposes 1.0	opposes 1.0	opposes 0.7078347396634229 favors 0.2894242191927199 __DUMMY__ 0.002741041143857248	false	1.0
N976	favors 1.0	favors 1.0	favors 0.7515483026876879 opposes 0.24569943030100308 __DUMMY__ 0.002752267011309131	false	1.0
N1351	favors 1.0	favors 1.0	favors 0.7621172996944758 opposes 0.2351336809985696 __DUMMY__ 0.0027490193069544876	false	1.0
N977	opposes 1.0	opposes 1.0	opposes 0.7155700442635303 favors 0.281623485865414 __DUMMY__ 0.002806469871055675	false	1.0
N1352	opposes 1.0	opposes 1.0	opposes 0.7074851686136496 favors 0.28974769939157763 __DUMMY__ 0.0027671319947727953	false	1.0
N1357	favors 1.0	favors 1.0	favors 0.7615623893293234 opposes 0.2356412152825028 __DUMMY__ 0.0027963953881737827	false	1.0
N1358	favors 1.0	favors 1.0	favors 0.7699968962785302 opposes 0.22728025132295548 __DUMMY__ 0.002722852398514404	false	1.0
N1355	favors 1.0	favors 1.0	favors 0.7678316261197764 opposes 0.22940003999354958 __DUMMY__ 0.0027683338866739517	false	1.0
N1356	opposes 1.0		favors 0.5424142765828229 opposes 0.445378267955595 __DUMMY__ 0.012207455461582162	true	0.5
N1359	favors 1.0		favors 0.5413054796698795 opposes 0.4463577657993946 __DUMMY__ 0.01233675453072585	true	1.0
N520	favors 1.0	favors 1.0	favors 0.7587984821575832 opposes 0.23831830992915862 __DUMMY__ 0.0028832079132582117	false	1.0
N521	favors 1.0	favors 1.0	favors 0.7577762325059413 opposes 0.2393848806835978 __DUMMY__ 0.0028388868104608413	false	1.0
N522	favors 1.0	favors 1.0	favors 0.7611165088456022 opposes 0.2360221382060003 __DUMMY__ 0.002861352948397515	false	1.0
N527	favors 1.0		favors 0.5391153289462876 opposes 0.4482953785961345 __DUMMY__ 0.012589292457578033	true	1.0
N528	favors 1.0	favors 1.0	favors 0.7629989798569051 opposes 0.2341492178838416 __DUMMY__ 0.0028518022592532335	false	1.0
N529	opposes 1.0	opposes 1.0	opposes 0.7122064992360232 favors 0.2849314533368306 __DUMMY__ 0.0028620474271461686	false	1.0
N523	favors 1.0	favors 1.0	favors 0.7579801443113535 opposes 0.23917825454004626 __DUMMY__ 0.0028416011486002164	false	1.0
N524	opposes 1.0	opposes 1.0	opposes 0.7101410072826717 favors 0.28697224940086785 __DUMMY__ 0.0028867433164603815	false	1.0
N525	opposes 1.0	opposes 1.0	opposes 0.7063881866411309 favors 0.2907634185898194 __DUMMY__ 0.00284839476904969	false	1.0
N526	favors 1.0	favors 1.0	favors 0.756568146224153 opposes 0.2405597745853367 __DUMMY__ 0.0028720791905102877	false	1.0
N992	favors 1.0	favors 1.0	favors 0.7521280193643889 opposes 0.2451173640492334 __DUMMY__ 0.0027546165863777416	false	1.0
N993	favors 1.0	favors 1.0	favors 0.7566984717374315 opposes 0.2405452355348503 __DUMMY__ 0.002756292727718165	false	1.0
N510	favors 1.0		favors 0.5306881074267942 opposes 0.4567406176536275 __DUMMY__ 0.01257127491957819	true	1.0
N994	favors 1.0		favors 0.5290825508500736 opposes 0.4586253188551141 __DUMMY__ 0.012292130294812267	true	1.0
N511	favors 1.0		favors 0.5345190118878062 opposes 0.4529448762289015 __DUMMY__ 0.012536111883292286	true	1.0
N995	opposes 1.0	opposes 1.0	opposes 0.7144692572354783 favors 0.28273579896784934 __DUMMY__ 0.002794943796672394	false	1.0
N990	favors 1.0	favors 1.0	favors 0.7511658796936013 opposes 0.24609217163902095 __DUMMY__ 0.0027419486673778766	false	1.0
N991	favors 1.0	favors 1.0	favors 0.7541678341178274 opposes 0.24303856340787985 __DUMMY__ 0.0027936024742926907	false	1.0
N516	opposes 1.0		favors 0.5403980943743543 opposes 0.44709050417826235 __DUMMY__ 0.012511401447383488	true	0.5
N517	favors 1.0	favors 1.0	favors 0.7594662280064283 opposes 0.2376440256898993 __DUMMY__ 0.0028897463036724265	false	1.0
N518	opposes 1.0	opposes 1.0	opposes 0.7095365323262433 favors 0.2876049746838762 __DUMMY__ 0.002858492989880594	false	1.0
N519	favors 1.0		favors 0.5360807311870963 opposes 0.45138320606264787 __DUMMY__ 0.012536062750255891	true	1.0
N512	opposes 1.0	opposes 1.0	opposes 0.7096127126997845 favors 0.28754995128840916 __DUMMY__ 0.002837336011806353	false	1.0
N996	opposes 1.0	opposes 1.0	opposes 0.7099743561653059 favors 0.2872802799645745 __DUMMY__ 0.0027453638701195214	false	1.0
N513	favors 1.0	favors 1.0	favors 0.7536751828653016 opposes 0.24346674546566882 __DUMMY__ 0.0028580716690296162	false	1.0
N997	favors 1.0	favors 1.0	favors 0.7519209362437437 opposes 0.24529245979913128 __DUMMY__ 0.0027866039571250614	false	1.0
N514	opposes 1.0	opposes 1.0	opposes 0.7105857681076723 favors 0.28657596889531667 __DUMMY__ 0.0028382629970111076	false	1.0
N998	favors 1.0	favors 1.0	favors 0.7534244133601287 opposes 0.24377183642504344 __DUMMY__ 0.0028037502148278927	false	1.0
N515	opposes 1.0		favors 0.5430754980566349 opposes 0.4443451426075289 __DUMMY__ 0.01257935933583615	true	0.5
N999	opposes 1.0	opposes 1.0	opposes 0.7095424360378596 favors 0.2877071459681335 __DUMMY__ 0.00275041799400686	false	1.0
N541	favors 1.0	favors 1.0	favors 0.7633922909786267 opposes 0.23376502548472367 __DUMMY__ 0.002842683536649733	false	1.0
N542	opposes 1.0	opposes 1.0	opposes 0.7085765307271931 favors 0.28859454977737414 __DUMMY__ 0.0028289194954327847	false	1.0
N543	favors 1.0	favors 1.0	favors 0.7606023351649623 opposes 0.23651912706145092 __DUMMY__ 0.0028785377735866804	false	1.0
N544	favors 1.0		favors 0.5510680706880572 opposes 0.4364659651273071 __DUMMY__ 0.012465964184635789	true	1.0
N540	opposes 1.0	opposes 1.0	opposes 0.7089628275180881 favors 0.28820596205486027 __DUMMY__ 0.0028312104270515163	false	1.0
N549	favors 1.0		favors 0.5381734499077285 opposes 0.44931689067712804 __DUMMY__ 0.012509659415143426	true	1.0
N545	favors 1.0	favors 1.0	favors 0.758891048915279 opposes 0.23824469365821266 __DUMMY__ 0.002864257426508283	false	1.0
N546	opposes 1.0	opposes 1.0	opposes 0.7100573953181119 favors 0.2870744802206672 __DUMMY__ 0.002868124461220943	false	1.0
N547	opposes 1.0	opposes 1.0	opposes 0.7079492845575904 favors 0.28918272063546085 __DUMMY__ 0.002867994806948746	false	1.0
N548	favors 1.0	favors 1.0	favors 0.7653404432439194 opposes 0.2318264847543856 __DUMMY__ 0.0028330720016951057	false	1.0
N530	opposes 1.0	opposes 1.0	opposes 0.7098544818142376 favors 0.28729323337390855 __DUMMY__ 0.0028522848118538576	false	1.0
N531	opposes 1.0	opposes 1.0	opposes 0.7063046149696561 favors 0.29084979309461423 __DUMMY__ 0.00284559193572955	false	1.0
N532	opposes 1.0	opposes 1.0	opposes 0.7126464799513212 favors 0.28449705341338466 __DUMMY__ 0.0028564666352940402	false	1.0
N533	favors 1.0	favors 1.0	favors 0.7595110496384574 opposes 0.23766618102884174 __DUMMY__ 0.002822769332700822	false	1.0
N1390	favors 1.0	favors 1.0	favors 0.7603216585446612 opposes 0.23681568139205672 __DUMMY__ 0.0028626600632820935	false	1.0
N1393	opposes 1.0	opposes 1.0	opposes 0.7104554867708791 favors 0.2867004721996671 __DUMMY__ 0.0028440410294537644	false	1.0
N538	opposes 1.0	opposes 1.0	opposes 0.709190962853972 favors 0.2879600264385801 __DUMMY__ 0.0028490107074479526	false	1.0
N539	opposes 1.0	opposes 1.0	opposes 0.7076602281024179 favors 0.2894626162305722 __DUMMY__ 0.002877155667009905	false	1.0
N1394	opposes 1.0		favors 0.5474125630717385 opposes 0.4400296704954664 __DUMMY__ 0.01255776643279528	true	0.5
N1391	opposes 1.0	opposes 1.0	opposes 0.7112787974414534 favors 0.2858625743805809 __DUMMY__ 0.002858628177965655	false	1.0
N1392	opposes 1.0	opposes 1.0	opposes 0.709215015486038 favors 0.28788778680901994 __DUMMY__ 0.002897197704941961	false	1.0
N1397	favors 1.0	favors 1.0	favors 0.7644669785959544 opposes 0.23269338119959027 __DUMMY__ 0.0028396402044554045	false	1.0
