N1742	opposes 1.0		favors 0.4949628412903712 opposes 0.4699824502463159 __DUMMY__ 0.03505470846331282	true	0.5
N1743	opposes 1.0		favors 0.4831977001569215 opposes 0.4813907264366137 __DUMMY__ 0.03541157340646477	true	0.5
N1740	favors 1.0	favors 1.0	favors 0.7268855679183449 opposes 0.2582500721777628 __DUMMY__ 0.014864359903892366	false	1.0
N1741	opposes 1.0		favors 0.4874874058358682 opposes 0.4771062673402602 __DUMMY__ 0.035406326823871716	true	0.5
N1746	opposes 1.0		favors 0.49564163709381437 opposes 0.4694404238971908 __DUMMY__ 0.03491793900899487	true	0.5
N1747	opposes 1.0		favors 0.48279724981423844 opposes 0.4818599752705192 __DUMMY__ 0.03534277491524243	true	0.5
N1744	favors 1.0		favors 0.48408009265886387 opposes 0.48050371681758813 __DUMMY__ 0.03541619052354803	true	1.0
N1745	favors 1.0		favors 0.4859505694903009 opposes 0.4787624642900853 __DUMMY__ 0.03528696621961386	true	1.0
N1748	opposes 1.0		favors 0.48447246897411966 opposes 0.48036480158304795 __DUMMY__ 0.03516272944283243	true	0.5
N1749	favors 1.0		favors 0.4923423360858426 opposes 0.47265891511327573 __DUMMY__ 0.034998748800881566	true	1.0
N1731	opposes 1.0	opposes 1.0	opposes 0.7278380040930983 favors 0.25724525200717213 __DUMMY__ 0.014916743899729659	false	1.0
N1732	opposes 1.0	opposes 1.0	opposes 0.7237385229094034 favors 0.2613045577145912 __DUMMY__ 0.014956919376005283	false	1.0
N1730	favors 1.0		favors 0.4831372212078799 opposes 0.48148232594686124 __DUMMY__ 0.03538045284525885	true	1.0
N1735	opposes 1.0	opposes 1.0	opposes 0.7270390615728684 favors 0.25806387217629007 __DUMMY__ 0.01489706625084157	false	1.0
N1736	favors 1.0	favors 1.0	favors 0.7270507892454147 opposes 0.25794246102374685 __DUMMY__ 0.015006749730838462	false	1.0
N1733	opposes 1.0		opposes 0.4836780789289123 favors 0.4813971061420565 __DUMMY__ 0.034924814929031184	true	1.0
N1734	favors 1.0		favors 0.48942314504139983 opposes 0.47521803451561073 __DUMMY__ 0.03535882044298951	true	1.0
N1739	favors 1.0		favors 0.4903835053728009 opposes 0.4744085302363713 __DUMMY__ 0.0352079643908278	true	1.0
N1737	favors 1.0		favors 0.4865816200407904 opposes 0.4779230502737455 __DUMMY__ 0.03549532968546408	true	1.0
N1738	opposes 1.0	opposes 1.0	opposes 0.7299048784748132 favors 0.2553824313607988 __DUMMY__ 0.014712690164387853	false	1.0
N1720	opposes 1.0		favors 0.48372286661163655 opposes 0.4813088585334425 __DUMMY__ 0.034968274854920905	true	0.5
N1721	opposes 1.0	opposes 1.0	opposes 0.7215590602034113 favors 0.2632543583842926 __DUMMY__ 0.015186581412296082	false	1.0
N1724	favors 1.0		favors 0.485542572935421 opposes 0.47912084387757636 __DUMMY__ 0.03533658318700261	true	1.0
N1725	favors 1.0	favors 1.0	favors 0.7306646431682601 opposes 0.2543020951173108 __DUMMY__ 0.015033261714429045	false	1.0
N1722	favors 1.0		favors 0.5057713218164241 opposes 0.45911496709875504 __DUMMY__ 0.03511371108482079	true	1.0
N1723	favors 1.0		favors 0.48554023295330195 opposes 0.47896448934892316 __DUMMY__ 0.03549527769777487	true	1.0
N1728	opposes 1.0		favors 0.4902602934775722 opposes 0.47442125294741977 __DUMMY__ 0.03531845357500785	true	0.5
N1729	favors 1.0		favors 0.5028253938805896 opposes 0.46198760475889633 __DUMMY__ 0.03518700136051417	true	1.0
N1726	favors 1.0	favors 1.0	favors 0.7406010914529907 opposes 0.24450847614942375 __DUMMY__ 0.014890432397585463	false	1.0
N1727	opposes 1.0		favors 0.48271309770771526 opposes 0.48206438688707604 __DUMMY__ 0.0352225154052086	true	0.5
N1710	favors 1.0		opposes 0.48573953916421564 favors 0.4790562576430326 __DUMMY__ 0.03520420319275181	true	0.5
N1713	opposes 1.0		favors 0.4847678430429815 opposes 0.4802119064832244 __DUMMY__ 0.03502025047379407	true	0.5
N1714	favors 1.0		favors 0.49278321738539926 opposes 0.4719790777055798 __DUMMY__ 0.03523770490902088	true	1.0
N1711	favors 1.0		favors 0.48463350700549934 opposes 0.4801783610531646 __DUMMY__ 0.03518813194133615	true	1.0
N1712	favors 1.0		favors 0.4992357939474336 opposes 0.465441810130352 __DUMMY__ 0.03532239592221443	true	1.0
N1717	favors 1.0		favors 0.49060897156190164 opposes 0.47370782550193125 __DUMMY__ 0.03568320293616707	true	1.0
N1718	opposes 1.0		opposes 0.48432988938086724 favors 0.4812834395911568 __DUMMY__ 0.03438667102797592	true	1.0
N1715	favors 1.0		favors 0.488463168766967 opposes 0.47649004302719966 __DUMMY__ 0.03504678820583324	true	1.0
N1716	favors 1.0		opposes 0.4826221280090345 favors 0.4818476277039053 __DUMMY__ 0.03553024428706026	true	0.5
N1719	favors 1.0		favors 0.4980256144063463 opposes 0.4665795735208122 __DUMMY__ 0.035394812072841425	true	1.0
N1782	favors 1.0	favors 1.0	favors 0.7299270912184964 opposes 0.25504301308419836 __DUMMY__ 0.015029895697305222	false	1.0
N1783	favors 1.0	favors 1.0	favors 0.7302333526570415 opposes 0.2547947970015735 __DUMMY__ 0.014971850341384943	false	1.0
N1780	opposes 1.0		favors 0.49201696473124207 opposes 0.47264660084430593 __DUMMY__ 0.035336434424452036	true	0.5
N1781	opposes 1.0		favors 0.5048641473838191 opposes 0.4601487631725998 __DUMMY__ 0.03498708944358111	true	0.5
N1786	opposes 1.0	opposes 1.0	opposes 0.7258420389350377 favors 0.2592096546572497 __DUMMY__ 0.014948306407712638	false	1.0
N1302	favors 1.0	favors 1.0	favors 0.7325134999493889 opposes 0.2525977432485493 __DUMMY__ 0.014888756802061821	false	1.0
N1303	favors 1.0		favors 0.5067959699673501 opposes 0.458498366000212 __DUMMY__ 0.03470566403243788	true	1.0
N1787	opposes 1.0		favors 0.49072821453599325 opposes 0.4741296867808844 __DUMMY__ 0.03514209868312239	true	0.5
N1300	favors 1.0	favors 1.0	favors 0.7299102244045467 opposes 0.25511389280096564 __DUMMY__ 0.014975882794487604	false	1.0
N1784	favors 1.0		favors 0.4906399866209503 opposes 0.47431914764046407 __DUMMY__ 0.03504086573858549	true	1.0
N1301	opposes 1.0	opposes 1.0	opposes 0.7254411297496218 favors 0.2595942645527844 __DUMMY__ 0.014964605697593758	false	1.0
N1785	opposes 1.0		favors 0.507838339520725 opposes 0.45746194145535546 __DUMMY__ 0.03469971902391949	true	0.5
N1306	opposes 1.0		favors 0.502202579221942 opposes 0.46287408932669116 __DUMMY__ 0.03492333145136682	true	0.5
N1307	favors 1.0		favors 0.4829989656438394 opposes 0.48190724886876246 __DUMMY__ 0.03509378548739818	true	1.0
N1304	favors 1.0	favors 1.0	favors 0.7300391845671529 opposes 0.25501288196158906 __DUMMY__ 0.014947933471258125	false	1.0
N1788	favors 1.0		favors 0.504291971688648 opposes 0.46077952823076246 __DUMMY__ 0.0349285000805896	true	1.0
N1789	opposes 1.0		favors 0.4838427835386111 opposes 0.48089828228250686 __DUMMY__ 0.035258934178882	true	0.5
N1305	favors 1.0		favors 0.4899289671398985 opposes 0.47507401671232274 __DUMMY__ 0.03499701614777871	true	1.0
N1308	opposes 1.0	opposes 1.0	opposes 0.7265774927854294 favors 0.25860612292012497 __DUMMY__ 0.014816384294445628	false	1.0
N1309	opposes 1.0		favors 0.4948770362982804 opposes 0.47023151577779704 __DUMMY__ 0.03489144792392257	true	0.5
N1771	favors 1.0		favors 0.4988606518274783 opposes 0.4660207398969411 __DUMMY__ 0.03511860827558065	true	1.0
N1772	opposes 1.0		favors 0.4879343412376531 opposes 0.47722945735847805 __DUMMY__ 0.034836201403868776	true	0.5
N1770	opposes 1.0		favors 0.487977219731536 opposes 0.47693114224771366 __DUMMY__ 0.03509163802075043	true	0.5
N1775	favors 1.0		favors 0.4844000930797425 opposes 0.48021793592104023 __DUMMY__ 0.03538197099921721	true	1.0
N1776	favors 1.0		favors 0.49103669622774565 opposes 0.4735497355581578 __DUMMY__ 0.035413568214096504	true	1.0
N1773	favors 1.0		favors 0.4931343711836332 opposes 0.4717129248331468 __DUMMY__ 0.03515270398322004	true	1.0
N1774	opposes 1.0	opposes 1.0	opposes 0.7229288913336854 favors 0.26219908992212965 __DUMMY__ 0.014872018744184924	false	1.0
N1779	favors 1.0		favors 0.4858974406104494 opposes 0.47924154301628386 __DUMMY__ 0.03486101637326687	true	1.0
N1777	favors 1.0	favors 1.0	favors 0.7279808278740848 opposes 0.2574586649252246 __DUMMY__ 0.01456050720069058	false	1.0
N1778	favors 1.0	favors 1.0	favors 0.7360712905891834 opposes 0.24894003283079744 __DUMMY__ 0.014988676580019117	false	1.0
N901	favors 1.0		favors 0.4837521183668659 opposes 0.4810526989291868 __DUMMY__ 0.0351951827039473	true	1.0
N902	favors 1.0		favors 0.4857018859711481 opposes 0.4793419415722592 __DUMMY__ 0.034956172456592736	true	1.0
N903	opposes 1.0	opposes 1.0	opposes 0.7200131061960459 favors 0.2654286698660541 __DUMMY__ 0.014558223937900069	false	1.0
N904	opposes 1.0		opposes 0.4837873638322802 favors 0.48117611038615926 __DUMMY__ 0.03503652578156067	true	1.0
N1760	opposes 1.0		favors 0.49189126055308724 opposes 0.4726611751478451 __DUMMY__ 0.03544756429906785	true	0.5
N1761	opposes 1.0		favors 0.5038715527071582 opposes 0.4609710897900906 __DUMMY__ 0.03515735750275132	true	0.5
N900	favors 1.0	favors 1.0	favors 0.7285231278716369 opposes 0.25653967695744 __DUMMY__ 0.014937195170923092	false	1.0
N909	favors 1.0		favors 0.4878474569705383 opposes 0.47684994247473833 __DUMMY__ 0.03530260055472343	true	1.0
N1764	favors 1.0	favors 1.0	favors 0.7318921383345534 opposes 0.2531385968027291 __DUMMY__ 0.014969264862717506	false	1.0
N1765	opposes 1.0		favors 0.5066029568523824 opposes 0.45852631142372535 __DUMMY__ 0.034870731723892094	true	0.5
N1762	favors 1.0		favors 0.4864596018692998 opposes 0.47808425656016024 __DUMMY__ 0.035456141570539924	true	1.0
N1763	opposes 1.0		favors 0.48707023351087736 opposes 0.4775846948705722 __DUMMY__ 0.035345071618550446	true	0.5
N1768	favors 1.0		favors 0.5024442463960181 opposes 0.4624534014076951 __DUMMY__ 0.03510235219628674	true	1.0
N905	opposes 1.0		favors 0.48492958253871293 opposes 0.4803732687108684 __DUMMY__ 0.03469714875041858	true	0.5
N906	favors 1.0		favors 0.4938909063167593 opposes 0.47157461273506396 __DUMMY__ 0.03453448094817669	true	1.0
N1769	opposes 1.0	opposes 1.0	opposes 0.7268745480398366 favors 0.25805575603858705 __DUMMY__ 0.01506969592157633	false	1.0
N1766	opposes 1.0		favors 0.48503316405192987 opposes 0.47970230761245164 __DUMMY__ 0.03526452833561837	true	0.5
N907	opposes 1.0		opposes 0.48443252572764917 favors 0.4805617801679299 __DUMMY__ 0.03500569410442085	true	1.0
N908	opposes 1.0		opposes 0.4859608978629885 favors 0.4788034181059392 __DUMMY__ 0.035235684031072384	true	1.0
N1767	opposes 1.0		favors 0.4913802978335839 opposes 0.47322697869180935 __DUMMY__ 0.035392723474606765	true	0.5
N1750	opposes 1.0		opposes 0.4840571044065129 favors 0.4806347883225939 __DUMMY__ 0.03530810727089324	true	1.0
N1753	favors 1.0		favors 0.4926288936437052 opposes 0.47213814877081195 __DUMMY__ 0.03523295758548284	true	1.0
N1754	opposes 1.0		favors 0.49039810246115384 opposes 0.4744193419888321 __DUMMY__ 0.03518255555001418	true	0.5
N1751	opposes 1.0		favors 0.48749192325352747 opposes 0.4772806582509054 __DUMMY__ 0.03522741849556712	true	0.5
N1752	opposes 1.0		favors 0.4872417554399412 opposes 0.4777247533565461 __DUMMY__ 0.03503349120351261	true	0.5
N1757	favors 1.0	favors 1.0	favors 0.7273106685439084 opposes 0.2580096001604197 __DUMMY__ 0.014679731295672082	false	1.0
N1758	favors 1.0		favors 0.49769226272790834 opposes 0.4668987206787315 __DUMMY__ 0.03540901659336016	true	1.0
N1755	favors 1.0		favors 0.48372653357542933 opposes 0.48075054537387407 __DUMMY__ 0.03552292105069674	true	1.0
N1756	favors 1.0		favors 0.4910216427285311 opposes 0.4734274758230497 __DUMMY__ 0.03555088144841916	true	1.0
N1759	favors 1.0	favors 1.0	favors 0.7285873232441258 opposes 0.25646541871629436 __DUMMY__ 0.014947258039580014	false	1.0
N923	favors 1.0		favors 0.49391741972300773 opposes 0.47118643196608334 __DUMMY__ 0.03489614831090889	true	1.0
N924	opposes 1.0	opposes 1.0	opposes 0.728987535225414 favors 0.255983692067503 __DUMMY__ 0.015028772707083018	false	1.0
N925	opposes 1.0		opposes 0.48327938019144207 favors 0.4815459960546243 __DUMMY__ 0.035174623753933675	true	1.0
N926	favors 1.0		favors 0.4904199925752381 opposes 0.4745498520273461 __DUMMY__ 0.035030155397415774	true	1.0
N1342	favors 1.0	favors 1.0	favors 0.7328815654926003 opposes 0.2524076606222595 __DUMMY__ 0.014710773885140136	false	1.0
N1343	favors 1.0		favors 0.5034903089159021 opposes 0.4620818193168044 __DUMMY__ 0.03442787176729357	true	1.0
N920	favors 1.0		opposes 0.4834507380984386 favors 0.4811229589574693 __DUMMY__ 0.03542630294409202	true	0.5
N921	favors 1.0		favors 0.48242033387090444 opposes 0.4821422744772183 __DUMMY__ 0.0354373916518772	true	1.0
N1340	favors 1.0		favors 0.4877785780995584 opposes 0.477228471256269 __DUMMY__ 0.034992950644172564	true	1.0
N1341	favors 1.0	favors 1.0	favors 0.730909280926766 opposes 0.25426290686335123 __DUMMY__ 0.014827812209882838	false	1.0
N922	favors 1.0		favors 0.4829227690310937 opposes 0.48173266911642776 __DUMMY__ 0.03534456185247862	true	1.0
N1346	favors 1.0	favors 1.0	favors 0.7372169732259543 opposes 0.24817197115909592 __DUMMY__ 0.014611055614949912	false	1.0
N1347	opposes 1.0	opposes 1.0	opposes 0.7263458037214362 favors 0.2589103561306885 __DUMMY__ 0.014743840147875182	false	1.0
N1344	opposes 1.0		favors 0.4866632194875554 opposes 0.47845086045885354 __DUMMY__ 0.03488592005359104	true	0.5
N1345	opposes 1.0	opposes 1.0	opposes 0.7234078233420055 favors 0.2619339660649802 __DUMMY__ 0.014658210593014335	false	1.0
N927	opposes 1.0		opposes 0.486686461943827 favors 0.47801678435028166 __DUMMY__ 0.03529675370589139	true	1.0
N928	favors 1.0	favors 1.0	favors 0.7291014459579515 opposes 0.25608803908169014 __DUMMY__ 0.014810514960358397	false	1.0
N929	favors 1.0		favors 0.4946728569850276 opposes 0.47036264735258343 __DUMMY__ 0.03496449566238908	true	1.0
N1348	favors 1.0		favors 0.5003268474311258 opposes 0.4645453647196559 __DUMMY__ 0.035127787849218446	true	1.0
N1349	favors 1.0		favors 0.484842770339996 opposes 0.4803739441909489 __DUMMY__ 0.034783285469055	true	1.0
N912	opposes 1.0		opposes 0.4848061149455167 favors 0.4800597190551825 __DUMMY__ 0.03513416599930082	true	1.0
N913	favors 1.0		opposes 0.48758486553523495 favors 0.4770890777260842 __DUMMY__ 0.03532605673868075	true	0.5
N914	favors 1.0		favors 0.4835431034886459 opposes 0.48090510089891064 __DUMMY__ 0.03555179561244354	true	1.0
N915	favors 1.0	favors 1.0	favors 0.7228118883552466 opposes 0.2624660054751441 __DUMMY__ 0.014722106169609301	false	1.0
N1331	favors 1.0		favors 0.49467407745391667 opposes 0.4704857127064423 __DUMMY__ 0.03484020983964104	true	1.0
N1332	favors 1.0		favors 0.49137546385492364 opposes 0.4740206380697283 __DUMMY__ 0.03460389807534802	true	1.0
N910	opposes 1.0	opposes 1.0	opposes 0.7297778078378026 favors 0.2553365651627499 __DUMMY__ 0.014885626999447605	false	1.0
N1330	opposes 1.0	opposes 1.0	opposes 0.7241671322222251 favors 0.2612028181919064 __DUMMY__ 0.014630049585868509	false	1.0
N911	favors 1.0		favors 0.4868466283528446 opposes 0.4777606638444646 __DUMMY__ 0.03539270780269091	true	1.0
N1335	opposes 1.0		favors 0.48651028831487214 opposes 0.47925045358410595 __DUMMY__ 0.034239258101021915	true	0.5
N1336	favors 1.0		favors 0.49711505368210496 opposes 0.4681335373943938 __DUMMY__ 0.034751408923501266	true	1.0
N1333	favors 1.0		favors 0.4866865794229069 opposes 0.4784422245528247 __DUMMY__ 0.03487119602426832	true	1.0
N1334	favors 1.0	favors 1.0	favors 0.7331892569117497 opposes 0.251980264695608 __DUMMY__ 0.01483047839264228	false	1.0
N1339	opposes 1.0		favors 0.5017736862793568 opposes 0.46364901920107 __DUMMY__ 0.03457729451957308	true	0.5
N916	favors 1.0		favors 0.4876185259347769 opposes 0.4770911194645769 __DUMMY__ 0.03529035460064612	true	1.0
N917	favors 1.0		opposes 0.48799498187700546 favors 0.47693463918834456 __DUMMY__ 0.03507037893464983	true	0.5
N1337	favors 1.0		favors 0.4880959995657754 opposes 0.47730408789415335 __DUMMY__ 0.034599912540071324	true	1.0
N918	opposes 1.0		favors 0.4847866529532351 opposes 0.4797572011613653 __DUMMY__ 0.03545614588539972	true	0.5
N1338	opposes 1.0		favors 0.49299217309768284 opposes 0.47209109387051906 __DUMMY__ 0.03491673303179809	true	0.5
N919	opposes 1.0	opposes 1.0	opposes 0.7219300773435449 favors 0.2631477559823981 __DUMMY__ 0.014922166674057156	false	1.0
N940	opposes 1.0		favors 0.4855802731459934 opposes 0.4792126080342585 __DUMMY__ 0.03520711881974804	true	0.5
N945	favors 1.0		favors 0.4878271652000118 opposes 0.4773434884586512 __DUMMY__ 0.034829346341337046	true	1.0
N946	opposes 1.0	opposes 1.0	opposes 0.7194091436433504 favors 0.2659034445165631 __DUMMY__ 0.01468741184008637	false	1.0
N947	favors 1.0		favors 0.48282383074145363 opposes 0.4821068375296295 __DUMMY__ 0.03506933172891695	true	1.0
N948	opposes 1.0	opposes 1.0	opposes 0.7273280222732176 favors 0.2577292721247554 __DUMMY__ 0.01494270560202703	false	1.0
N941	opposes 1.0		favors 0.48580674349954434 opposes 0.47898951814692714 __DUMMY__ 0.03520373835352846	true	0.5
N1320	opposes 1.0		favors 0.4831210290516295 opposes 0.48167604514376544 __DUMMY__ 0.03520292580460504	true	0.5
N942	opposes 1.0	opposes 1.0	opposes 0.7244442863983781 favors 0.2607388944369961 __DUMMY__ 0.014816819164625761	false	1.0
N1321	favors 1.0	favors 1.0	favors 0.7288763810021675 opposes 0.2561719973561735 __DUMMY__ 0.014951621641658988	false	1.0
N943	favors 1.0		favors 0.5017522502022314 opposes 0.46364807894305166 __DUMMY__ 0.03459967085471712	true	1.0
N944	favors 1.0		favors 0.483294150500723 opposes 0.48164124172634737 __DUMMY__ 0.03506460777292968	true	1.0
N1324	opposes 1.0		favors 0.482465405957754 opposes 0.4824379843548598 __DUMMY__ 0.03509660968738609	true	0.5
N1325	opposes 1.0	opposes 1.0	opposes 0.7257753971066316 favors 0.25945105830214077 __DUMMY__ 0.0147735445912277	false	1.0
N1322	favors 1.0		favors 0.4876806495591279 opposes 0.4773558632961964 __DUMMY__ 0.03496348714467558	true	1.0
N1323	favors 1.0	favors 1.0	favors 0.7389358909993914 opposes 0.24647364580827036 __DUMMY__ 0.01459046319233821	false	1.0
N1328	opposes 1.0	opposes 1.0	opposes 0.7245021289349871 favors 0.26080262812685806 __DUMMY__ 0.01469524293815492	false	1.0
N949	favors 1.0	favors 1.0	favors 0.7334914120387093 opposes 0.25154796190474893 __DUMMY__ 0.014960626056541793	false	1.0
N1329	favors 1.0	favors 1.0	favors 0.7360288688637552 opposes 0.24928579156346747 __DUMMY__ 0.014685339572777258	false	1.0
N1326	favors 1.0		favors 0.49870494126669834 opposes 0.46666591675712443 __DUMMY__ 0.03462914197617723	true	1.0
N1327	opposes 1.0		opposes 0.48498157605421194 favors 0.47998624901783643 __DUMMY__ 0.03503217492795163	true	1.0
N934	opposes 1.0		favors 0.4891958910060906 opposes 0.47553707526267364 __DUMMY__ 0.03526703373123587	true	0.5
N935	opposes 1.0		opposes 0.483781344119234 favors 0.4818921248261383 __DUMMY__ 0.03432653105462768	true	1.0
N1790	favors 1.0		favors 0.48748564548170037 opposes 0.47748523937961085 __DUMMY__ 0.03502911513868862	true	1.0
N936	opposes 1.0		favors 0.49485291734359893 opposes 0.47019069815514425 __DUMMY__ 0.03495638450125673	true	0.5
N937	opposes 1.0		favors 0.48275766407139903 opposes 0.4824926520052234 __DUMMY__ 0.034749683923377676	true	0.5
N930	favors 1.0		favors 0.4844348370506538 opposes 0.480883943222323 __DUMMY__ 0.03468121972702322	true	1.0
N1793	opposes 1.0		favors 0.4929148301184718 opposes 0.47192307120107363 __DUMMY__ 0.03516209868045452	true	0.5
N931	opposes 1.0		favors 0.4920268707954259 opposes 0.4728768940184766 __DUMMY__ 0.0350962351860974	true	0.5
N1310	opposes 1.0		favors 0.48360340708299726 opposes 0.48175301102265333 __DUMMY__ 0.03464358189434944	true	0.5
N1794	favors 1.0	favors 1.0	favors 0.7315069792682629 opposes 0.253669225840314 __DUMMY__ 0.014823794891423232	false	1.0
N932	favors 1.0		favors 0.4876402524566339 opposes 0.47761887049356655 __DUMMY__ 0.03474087704979952	true	1.0
N1791	favors 1.0	favors 1.0	favors 0.7358842765841302 opposes 0.24925595878542262 __DUMMY__ 0.014859764630447114	false	1.0
N933	opposes 1.0		favors 0.4840065539268682 opposes 0.4809753814601151 __DUMMY__ 0.035018064613016736	true	0.5
N1792	favors 1.0		favors 0.48667083212873885 opposes 0.4785375024731238 __DUMMY__ 0.034791665398137425	true	1.0
N1313	favors 1.0		opposes 0.48496730386062725 favors 0.4800183412315584 __DUMMY__ 0.0350143549078143	true	0.5
N1797	opposes 1.0		favors 0.4831287997906181 opposes 0.4824093262070587 __DUMMY__ 0.034461874002323235	true	0.5
N1314	favors 1.0		favors 0.4872521109172681 opposes 0.47751124303651227 __DUMMY__ 0.035236646046219705	true	1.0
N1798	favors 1.0		favors 0.49628015984943574 opposes 0.4685972336936792 __DUMMY__ 0.035122606456884954	true	1.0
N1311	favors 1.0		favors 0.4913048006023892 opposes 0.4736730786925435 __DUMMY__ 0.035022120705067446	true	1.0
N1795	opposes 1.0	opposes 1.0	opposes 0.7271187389927933 favors 0.2579000762671544 __DUMMY__ 0.014981184740052236	false	1.0
N1312	opposes 1.0		favors 0.4853004105287971 opposes 0.48007650681580366 __DUMMY__ 0.03462308265539936	true	0.5
N1796	opposes 1.0	opposes 1.0	opposes 0.7237592693730619 favors 0.2612131570809384 __DUMMY__ 0.015027573545999753	false	1.0
N1317	favors 1.0		favors 0.4831597131236045 opposes 0.4820835021012983 __DUMMY__ 0.03475678477509725	true	1.0
N938	favors 1.0	favors 1.0	favors 0.7322581424211909 opposes 0.2528390466587372 __DUMMY__ 0.014902810920071898	false	1.0
N939	favors 1.0		favors 0.5005037932745887 opposes 0.46473131797677797 __DUMMY__ 0.03476488874863334	true	1.0
N1318	opposes 1.0		favors 0.488612183872844 opposes 0.47627912901012426 __DUMMY__ 0.03510868711703178	true	0.5
N1315	favors 1.0		opposes 0.4869904383340863 favors 0.47889508510957557 __DUMMY__ 0.03411447655633801	true	0.5
N1799	opposes 1.0		favors 0.48525158280651365 opposes 0.479918030361973 __DUMMY__ 0.03483038683151319	true	0.5
N1316	favors 1.0		favors 0.49393306934601805 opposes 0.4712111454298891 __DUMMY__ 0.0348557852240927	true	1.0
N1319	favors 1.0	favors 1.0	favors 0.7371562790475829 opposes 0.24817622226896813 __DUMMY__ 0.01466749868344902	false	1.0
N960	opposes 1.0		favors 0.483660626904741 opposes 0.48104676319025524 __DUMMY__ 0.03529260990500381	true	0.5
N961	opposes 1.0		favors 0.48606467116818236 opposes 0.4789034990688155 __DUMMY__ 0.03503182976300214	true	0.5
N962	favors 1.0	favors 1.0	favors 0.7379816347202289 opposes 0.24734660148279697 __DUMMY__ 0.014671763796974097	false	1.0
N967	opposes 1.0		favors 0.48272775423785613 opposes 0.4820644256668696 __DUMMY__ 0.035207820095274345	true	0.5
N1382	opposes 1.0		opposes 0.4830430067706338 favors 0.48181980295916044 __DUMMY__ 0.035137190270205655	true	1.0
N968	favors 1.0	favors 1.0	favors 0.7328400519018929 opposes 0.25225824365378635 __DUMMY__ 0.014901704444320795	false	1.0
N1383	opposes 1.0	opposes 1.0	opposes 0.7255829119571784 favors 0.2594819080065184 __DUMMY__ 0.014935180036303135	false	1.0
N969	opposes 1.0	opposes 1.0	opposes 0.7281594964081264 favors 0.2569591652214099 __DUMMY__ 0.014881338370463728	false	1.0
N1380	favors 1.0		favors 0.4872035881087794 opposes 0.47785146905658893 __DUMMY__ 0.034944942834631794	true	1.0
N1381	favors 1.0	favors 1.0	favors 0.7387860317348323 opposes 0.2464997642999526 __DUMMY__ 0.014714203965215233	false	1.0
N963	favors 1.0		opposes 0.4843571700501475 favors 0.4805599914336355 __DUMMY__ 0.03508283851621707	true	0.5
N1386	favors 1.0		favors 0.4889927533376838 opposes 0.47618943577605194 __DUMMY__ 0.03481781088626438	true	1.0
N964	favors 1.0		favors 0.4850985339811083 opposes 0.4798296820595428 __DUMMY__ 0.03507178395934897	true	1.0
N1387	favors 1.0		favors 0.49720847679029834 opposes 0.4679970525613684 __DUMMY__ 0.03479447064833337	true	1.0
N1384	favors 1.0		favors 0.4987120263144866 opposes 0.4664752260369806 __DUMMY__ 0.03481274764853285	true	1.0
N965	opposes 1.0		favors 0.49872018246450217 opposes 0.46642275961733626 __DUMMY__ 0.03485705791816153	true	0.5
N966	favors 1.0	favors 1.0	favors 0.72552578631265 opposes 0.2594209451092845 __DUMMY__ 0.015053268578065535	false	1.0
N1385	opposes 1.0	opposes 1.0	opposes 0.729399263792083 favors 0.25563160623319714 __DUMMY__ 0.014969129974719941	false	1.0
N1388	favors 1.0		favors 0.4895170430824569 opposes 0.47587608993926056 __DUMMY__ 0.034606866978282684	true	1.0
N1389	opposes 1.0		favors 0.49421407622408503 opposes 0.47090187150423357 __DUMMY__ 0.03488405227168152	true	0.5
N950	favors 1.0		opposes 0.48457094380867305 favors 0.48074274132527295 __DUMMY__ 0.03468631486605397	true	0.5
N951	opposes 1.0		favors 0.48949521873394336 opposes 0.4753404910851513 __DUMMY__ 0.0351642901809054	true	0.5
N956	opposes 1.0		opposes 0.48559393546995133 favors 0.47961728770632217 __DUMMY__ 0.03478877682372652	true	1.0
N1371	opposes 1.0	opposes 1.0	opposes 0.7296691410808018 favors 0.25530553901827596 __DUMMY__ 0.015025319900922094	false	1.0
N1372	favors 1.0		favors 0.4869414953327898 opposes 0.47770315726149504 __DUMMY__ 0.03535534740571504	true	1.0
N957	favors 1.0		favors 0.48772154953289054 opposes 0.47694107301833033 __DUMMY__ 0.03533737744877904	true	1.0
N958	favors 1.0		favors 0.5016417056099575 opposes 0.46341056846506107 __DUMMY__ 0.034947725924981424	true	1.0
N1370	opposes 1.0	opposes 1.0	opposes 0.7260089326323154 favors 0.25914491105414195 __DUMMY__ 0.014846156313542658	false	1.0
N959	favors 1.0		favors 0.48288958624895467 opposes 0.4816902897279741 __DUMMY__ 0.03542012402307112	true	1.0
N952	favors 1.0		favors 0.48360948544439514 opposes 0.48165402252721523 __DUMMY__ 0.03473649202838969	true	1.0
N1375	favors 1.0	favors 1.0	favors 0.7261304620104131 opposes 0.2590333901225817 __DUMMY__ 0.014836147867005135	false	1.0
N1376	opposes 1.0		favors 0.48842252135870373 opposes 0.47631852444298806 __DUMMY__ 0.035258954198308295	true	0.5
N953	opposes 1.0		opposes 0.4851859584909103 favors 0.4794922566163107 __DUMMY__ 0.03532178489277905	true	1.0
N954	opposes 1.0		opposes 0.4915313121843828 favors 0.4743022782552201 __DUMMY__ 0.03416640956039718	true	1.0
N1373	favors 1.0		opposes 0.4886377876419157 favors 0.47704143509606994 __DUMMY__ 0.03432077726201426	true	0.5
N955	opposes 1.0	opposes 1.0	opposes 0.721008811730245 favors 0.2639798210492754 __DUMMY__ 0.015011367220479577	false	1.0
N1374	favors 1.0		favors 0.49418038973600814 opposes 0.4706864851006196 __DUMMY__ 0.035133125163372254	true	1.0
N1379	favors 1.0		favors 0.4834141900144293 opposes 0.4814014203825338 __DUMMY__ 0.03518438960303692	true	1.0
N1377	opposes 1.0		favors 0.5010432161184081 opposes 0.4640904303900641 __DUMMY__ 0.034866353491528015	true	0.5
N1378	favors 1.0	favors 1.0	favors 0.7276224878843469 opposes 0.25737234065529585 __DUMMY__ 0.01500517146035727	false	1.0
N981	opposes 1.0		opposes 0.48280035363627644 favors 0.48201099908780864 __DUMMY__ 0.03518864727591493	true	1.0
N982	opposes 1.0	opposes 1.0	opposes 0.7271877367972465 favors 0.25793304305051185 __DUMMY__ 0.014879220152241636	false	1.0
N983	favors 1.0		favors 0.49396856120677957 opposes 0.4710313861365672 __DUMMY__ 0.0350000526566533	true	1.0
N500	opposes 1.0	opposes 1.0	opposes 0.7256703247286146 favors 0.25943330178252244 __DUMMY__ 0.014896373488862948	false	1.0
N984	favors 1.0		opposes 0.4863656201943435 favors 0.4784251261333531 __DUMMY__ 0.03520925367230345	true	0.5
N980	favors 1.0		favors 0.48593789698961315 opposes 0.4788987507810306 __DUMMY__ 0.035163352229356265	true	1.0
N505	favors 1.0	favors 1.0	favors 0.7355946508301018 opposes 0.24972299941562065 __DUMMY__ 0.014682349754277532	false	1.0
N989	opposes 1.0		favors 0.4846647629111549 opposes 0.4799134051018991 __DUMMY__ 0.03542183198694595	true	0.5
N1360	opposes 1.0		favors 0.48535709692759604 opposes 0.4794361388695292 __DUMMY__ 0.03520676420287466	true	0.5
N506	opposes 1.0		favors 0.4847357738457309 opposes 0.48011746961988766 __DUMMY__ 0.035146756534381596	true	0.5
N1361	favors 1.0		favors 0.4904555986348458 opposes 0.4745310682145553 __DUMMY__ 0.035013333150598916	true	1.0
N507	opposes 1.0		favors 0.48471798751435 opposes 0.4801168051109397 __DUMMY__ 0.035165207374710204	true	0.5
N508	opposes 1.0		favors 0.4877386014673863 opposes 0.4772960722106111 __DUMMY__ 0.03496532632200264	true	0.5
N501	opposes 1.0		opposes 0.4830667485744589 favors 0.48242911360139695 __DUMMY__ 0.0345041378241441	true	1.0
N985	opposes 1.0		favors 0.48437016508492386 opposes 0.4801519464502525 __DUMMY__ 0.035477888464823776	true	0.5
N1364	favors 1.0		favors 0.50480230714518 opposes 0.4603451825072908 __DUMMY__ 0.034852510347529196	true	1.0
N502	favors 1.0	favors 1.0	favors 0.7335473578067471 opposes 0.2516933004775217 __DUMMY__ 0.014759341715731305	false	1.0
N986	opposes 1.0		favors 0.49278264968879243 opposes 0.4717385715866065 __DUMMY__ 0.03547877872460112	true	0.5
N1365	favors 1.0		opposes 0.4837551486638247 favors 0.4810124794612215 __DUMMY__ 0.03523237187495379	true	0.5
N503	opposes 1.0		favors 0.4836020109185395 opposes 0.48164317228182013 __DUMMY__ 0.034754816799640396	true	0.5
N987	opposes 1.0		favors 0.48327827261820505 opposes 0.4814504232477011 __DUMMY__ 0.03527130413409375	true	0.5
N1362	favors 1.0	favors 1.0	favors 0.7421619718336434 opposes 0.24311619815154398 __DUMMY__ 0.014721830014812615	false	1.0
N1363	opposes 1.0		favors 0.48323054492000866 opposes 0.4816596940959665 __DUMMY__ 0.03510976098402488	true	0.5
N504	favors 1.0		favors 0.4889614768113652 opposes 0.4759450478836792 __DUMMY__ 0.035093475304955664	true	1.0
N988	favors 1.0		favors 0.49047617365667073 opposes 0.47402636285884875 __DUMMY__ 0.035497463484480435	true	1.0
N1368	opposes 1.0		opposes 0.48331211822229647 favors 0.48191797397536 __DUMMY__ 0.03476990780234342	true	1.0
N1369	favors 1.0		favors 0.49068654280766455 opposes 0.4742759711108239 __DUMMY__ 0.03503748608151149	true	1.0
N1366	opposes 1.0		favors 0.4836672246545807 opposes 0.481260347131483 __DUMMY__ 0.03507242821393632	true	0.5
N1367	opposes 1.0	opposes 1.0	opposes 0.7211033611647067 favors 0.26403566710775117 __DUMMY__ 0.014860971727542173	false	1.0
N509	favors 1.0		favors 0.4974332933220925 opposes 0.4678953806451707 __DUMMY__ 0.03467132603273677	true	1.0
N970	favors 1.0		favors 0.48889536176792575 opposes 0.47586548751718144 __DUMMY__ 0.035239150714892836	true	1.0
N971	opposes 1.0	opposes 1.0	opposes 0.7274416925999991 favors 0.25769443687714677 __DUMMY__ 0.014863870522854046	false	1.0
N972	favors 1.0		opposes 0.4860530608065107 favors 0.4787203147494621 __DUMMY__ 0.0352266244440273	true	0.5
N973	favors 1.0		favors 0.4859825717023467 opposes 0.4786048384268872 __DUMMY__ 0.03541258987076603	true	1.0
N978	opposes 1.0	opposes 1.0	opposes 0.7209360659204893 favors 0.26421109088127237 __DUMMY__ 0.014852843198238399	false	1.0
N979	favors 1.0		opposes 0.4824074551001852 favors 0.48224513491412285 __DUMMY__ 0.03534740998569193	true	0.5
N1350	opposes 1.0		favors 0.4945746980696705 opposes 0.4703069022736592 __DUMMY__ 0.03511839965667036	true	0.5
N1353	opposes 1.0	opposes 1.0	opposes 0.723136732602777 favors 0.26170812134516186 __DUMMY__ 0.015155146052061197	false	1.0
N974	favors 1.0		opposes 0.4881171484501969 favors 0.4772023402583669 __DUMMY__ 0.03468051129143632	true	0.5
N975	favors 1.0		favors 0.49080030072184877 opposes 0.4739926165906719 __DUMMY__ 0.03520708268747929	true	1.0
N1354	opposes 1.0		opposes 0.4863913864924879 favors 0.4794186396334454 __DUMMY__ 0.0341899738740666	true	1.0
N976	favors 1.0	favors 1.0	favors 0.7266557505713201 opposes 0.25843984451826424 __DUMMY__ 0.01490440491041553	false	1.0
N1351	favors 1.0	favors 1.0	favors 0.7297467998128713 opposes 0.2554056904483596 __DUMMY__ 0.014847509738769115	false	1.0
N977	opposes 1.0		favors 0.4863765703352491 opposes 0.47835280690367676 __DUMMY__ 0.03527062276107415	true	0.5
N1352	opposes 1.0		opposes 0.4842156237188464 favors 0.4804907385385995 __DUMMY__ 0.0352936377425541	true	1.0
N1357	favors 1.0	favors 1.0	favors 0.732027327415063 opposes 0.25295396048827906 __DUMMY__ 0.015018712096657828	false	1.0
N1358	favors 1.0		favors 0.5067909066609848 opposes 0.45836468166528416 __DUMMY__ 0.03484441167373096	true	1.0
N1355	favors 1.0	favors 1.0	favors 0.735542255972184 opposes 0.2494710079339812 __DUMMY__ 0.014986736093834774	false	1.0
N1356	opposes 1.0		favors 0.48334647852621504 opposes 0.48178444166070705 __DUMMY__ 0.034869079813077984	true	0.5
N1359	favors 1.0		favors 0.48407158078983337 opposes 0.48057911492195227 __DUMMY__ 0.03534930428821446	true	1.0
N520	favors 1.0		favors 0.49044825913052126 opposes 0.4742514515195096 __DUMMY__ 0.0353002893499691	true	1.0
N521	favors 1.0		favors 0.4857408675927074 opposes 0.47960968696587797 __DUMMY__ 0.03464944544141452	true	1.0
N522	favors 1.0	favors 1.0	favors 0.7350779663908206 opposes 0.2500557064901081 __DUMMY__ 0.01486632711907127	false	1.0
N527	favors 1.0		favors 0.4906545164035348 opposes 0.4743472364927384 __DUMMY__ 0.034998247103726704	true	1.0
N528	favors 1.0		favors 0.5015337080549449 opposes 0.4636594855236308 __DUMMY__ 0.03480680642142422	true	1.0
N529	opposes 1.0		favors 0.48594101162971964 opposes 0.47891745389226875 __DUMMY__ 0.035141534478011514	true	0.5
N523	favors 1.0	favors 1.0	favors 0.7299374225839352 opposes 0.2552341055721268 __DUMMY__ 0.014828471843937995	false	1.0
N524	opposes 1.0		favors 0.4913696535166905 opposes 0.47345379982476454 __DUMMY__ 0.03517654665854485	true	0.5
N525	opposes 1.0		favors 0.4996583666126219 opposes 0.46542004354145144 __DUMMY__ 0.03492158984592663	true	0.5
N526	favors 1.0	favors 1.0	favors 0.7306081728571191 opposes 0.25446320114218934 __DUMMY__ 0.01492862600069159	false	1.0
N992	favors 1.0		opposes 0.4853227899284874 favors 0.47968099494613164 __DUMMY__ 0.03499621512538104	true	0.5
N993	favors 1.0	favors 1.0	favors 0.7330387074420447 opposes 0.25184930825227625 __DUMMY__ 0.015111984305679097	false	1.0
N510	favors 1.0		favors 0.48319789350167036 opposes 0.48173758667561123 __DUMMY__ 0.03506451982271836	true	1.0
N994	favors 1.0		favors 0.4829578544826039 opposes 0.4816841679582755 __DUMMY__ 0.03535797755912064	true	1.0
N511	favors 1.0		favors 0.4871195445565111 opposes 0.4780698336893281 __DUMMY__ 0.034810621754160796	true	1.0
N995	opposes 1.0		favors 0.488526029756767 opposes 0.4759672823943777 __DUMMY__ 0.03550668784885532	true	0.5
N990	favors 1.0	favors 1.0	favors 0.7265140855012026 opposes 0.25836491930170685 __DUMMY__ 0.015120995197090514	false	1.0
N991	favors 1.0	favors 1.0	favors 0.7309003465050521 opposes 0.2539012608139706 __DUMMY__ 0.015198392680977347	false	1.0
N516	opposes 1.0		favors 0.48822491149162556 opposes 0.47683843613323323 __DUMMY__ 0.03493665237514113	true	0.5
N517	favors 1.0		favors 0.4930491679390899 opposes 0.471835121887018 __DUMMY__ 0.03511571017389204	true	1.0
N518	opposes 1.0	opposes 1.0	opposes 0.7238184587314396 favors 0.261346697896331 __DUMMY__ 0.014834843372229444	false	1.0
N519	favors 1.0		favors 0.4857382112705079 opposes 0.47913098839320967 __DUMMY__ 0.03513080033628234	true	1.0
N512	opposes 1.0		favors 0.4945509924188405 opposes 0.4707558044775301 __DUMMY__ 0.034693203103629354	true	0.5
N996	opposes 1.0		favors 0.4969839416381622 opposes 0.46770694856748196 __DUMMY__ 0.035309109794355906	true	0.5
N513	favors 1.0	favors 1.0	favors 0.7282722873422006 opposes 0.256900672646203 __DUMMY__ 0.014827040011596378	false	1.0
N997	favors 1.0	favors 1.0	favors 0.7295944244482556 opposes 0.25529411682555675 __DUMMY__ 0.015111458726187662	false	1.0
N514	opposes 1.0		favors 0.4879438462435312 opposes 0.4769559135579498 __DUMMY__ 0.03510024019851898	true	0.5
N998	favors 1.0		favors 0.487387295521225 opposes 0.47715376126947306 __DUMMY__ 0.03545894320930195	true	1.0
N515	opposes 1.0		favors 0.49512388987799 opposes 0.4698239833058257 __DUMMY__ 0.035052126816184345	true	0.5
N999	opposes 1.0		favors 0.499003359818973 opposes 0.46584360499189814 __DUMMY__ 0.03515303518912886	true	0.5
N541	favors 1.0		favors 0.49587644721401136 opposes 0.4691819155900524 __DUMMY__ 0.03494163719593636	true	1.0
N542	opposes 1.0	opposes 1.0	opposes 0.7260001454690018 favors 0.25922044479393536 __DUMMY__ 0.014779409737062892	false	1.0
N543	favors 1.0	favors 1.0	favors 0.7330163973604608 opposes 0.2520902981099904 __DUMMY__ 0.014893304529548861	false	1.0
N544	favors 1.0		favors 0.500781269146602 opposes 0.4644328740302098 __DUMMY__ 0.03478585682318822	true	1.0
N540	opposes 1.0	opposes 1.0	opposes 0.7264921058097803 favors 0.25892704383446025 __DUMMY__ 0.014580850355759487	false	1.0
N549	favors 1.0		favors 0.48511934403804946 opposes 0.47979198222682434 __DUMMY__ 0.03508867373512631	true	1.0
N545	favors 1.0	favors 1.0	favors 0.7305527751120211 opposes 0.25453892906464476 __DUMMY__ 0.014908295823334099	false	1.0
N546	opposes 1.0		favors 0.4871996911700329 opposes 0.4776526082682174 __DUMMY__ 0.03514770056174962	true	0.5
N547	opposes 1.0		favors 0.49070975850135057 opposes 0.47438030790588603 __DUMMY__ 0.03490993359276347	true	0.5
N548	favors 1.0		favors 0.5024511403003838 opposes 0.4628720672437865 __DUMMY__ 0.034676792455829726	true	1.0
N530	opposes 1.0	opposes 1.0	opposes 0.7243854288079021 favors 0.2608265973943044 __DUMMY__ 0.0147879737977935	false	1.0
N531	opposes 1.0		favors 0.49802230998230507 opposes 0.4670721208750838 __DUMMY__ 0.034905569142611136	true	0.5
N532	opposes 1.0	opposes 1.0	opposes 0.7268404872609413 favors 0.25827310337426346 __DUMMY__ 0.0148864093647952	false	1.0
N533	favors 1.0		favors 0.4864846236234803 opposes 0.4785134022467114 __DUMMY__ 0.035001974129808225	true	1.0
N1390	favors 1.0	favors 1.0	favors 0.7330398025357502 opposes 0.2523040594758115 __DUMMY__ 0.014656137988438303	false	1.0
N1393	opposes 1.0	opposes 1.0	opposes 0.726582711822421 favors 0.258957440869865 __DUMMY__ 0.01445984730771406	false	1.0
N538	opposes 1.0	opposes 1.0	opposes 0.7260322865191913 favors 0.25910296195533966 __DUMMY__ 0.014864751525469047	false	1.0
N539	opposes 1.0		favors 0.49027717867824105 opposes 0.47446761484923594 __DUMMY__ 0.035255206472523115	true	0.5
N1394	opposes 1.0		favors 0.49770902705143705 opposes 0.467493925177011 __DUMMY__ 0.034797047771551855	true	0.5
N1391	opposes 1.0	opposes 1.0	opposes 0.7262060910340815 favors 0.25899067349966426 __DUMMY__ 0.01480323546625417	false	1.0
N1392	opposes 1.0		favors 0.49111507017704564 opposes 0.4738056011489937 __DUMMY__ 0.03507932867396052	true	0.5
N534	favors 1.0		favors 0.4951786003294417 opposes 0.4698317155609559 __DUMMY__ 0.03498968410960243	true	1.0
N1397	favors 1.0	favors 1.0	favors 0.7388764693516544 opposes 0.24649255547375326 __DUMMY__ 0.014630975174592348	false	1.0
N535	favors 1.0		favors 0.4873255441508788 opposes 0.4778594652920405 __DUMMY__ 0.03481499055708062	true	1.0
N1398	favors 1.0		favors 0.48656011063552784 opposes 0.47838306488742716 __DUMMY__ 0.03505682447704497	true	1.0
N1395	opposes 1.0		favors 0.4872407445302882 opposes 0.47810524811518207 __DUMMY__ 0.034654007354529705	true	0.5
N536	opposes 1.0		favors 0.49298175878122313 opposes 0.4719452403401702 __DUMMY__ 0.03507300087860665	true	0.5
N537	favors 1.0		favors 0.4905252587797225 opposes 0.4746275932326186 __DUMMY__ 0.034847147987658846	true	1.0
N1396	favors 1.0	favors 1.0	favors 0.7334311402779343 opposes 0.2517590259442078 __DUMMY__ 0.01480983377785788	false	1.0
N1399	opposes 1.0		favors 0.4863288940998435 opposes 0.47862871989788486 __DUMMY__ 0.035042386002271775	true	0.5
N563	opposes 1.0		favors 0.5054053987329362 opposes 0.45972565656966013 __DUMMY__ 0.03486894469740357	true	0.5
N564	opposes 1.0		favors 0.4865182657249371 opposes 0.47832756078356564 __DUMMY__ 0.03515417349149719	true	0.5
N565	favors 1.0	favors 1.0	favors 0.7300169182218155 opposes 0.25508886087868093 __DUMMY__ 0.014894220899503676	false	1.0
N566	favors 1.0		favors 0.49138546590996135 opposes 0.4737918373874197 __DUMMY__ 0.03482269670261909	true	1.0
N560	favors 1.0		favors 0.4984905356354493 opposes 0.46639263476686954 __DUMMY__ 0.035116829597681136	true	1.0
N561	favors 1.0	favors 1.0	favors 0.7281993126364862 opposes 0.25698444533013265 __DUMMY__ 0.014816242033381178	false	1.0
N562	favors 1.0	favors 1.0	favors 0.7329295783108754 opposes 0.2521284043591722 __DUMMY__ 0.014942017329952394	false	1.0
N567	favors 1.0	favors 1.0	favors 0.7410468373364767 opposes 0.24427972638892106 __DUMMY__ 0.014673436274602183	false	1.0
N568	favors 1.0		favors 0.4842683188819981 opposes 0.48075283666819707 __DUMMY__ 0.03497884444980484	true	1.0
N569	opposes 1.0		favors 0.49151477343354305 opposes 0.4736098930343292 __DUMMY__ 0.03487533353212765	true	0.5
