N1742	opposes 1.0		favors 0.5091294635628779 opposes 0.45602490146649527 __DUMMY__ 0.03484563497062674	true	0.5
N1743	opposes 1.0		favors 0.4840386258638061 opposes 0.4804414966888211 __DUMMY__ 0.03551987744737276	true	0.5
N1740	favors 1.0	favors 1.0	favors 0.7244127807057292 opposes 0.2608030771914215 __DUMMY__ 0.014784142102849193	false	1.0
N1741	opposes 1.0		favors 0.4913918820264905 opposes 0.47316905867832776 __DUMMY__ 0.03543905929518184	true	0.5
N1746	opposes 1.0		favors 0.5100664496182764 opposes 0.4553761987910868 __DUMMY__ 0.034557351590636796	true	0.5
N1747	opposes 1.0		opposes 0.482543192243075 favors 0.4821723631855802 __DUMMY__ 0.03528444457134482	true	1.0
N1744	favors 1.0		favors 0.485862866783748 opposes 0.4786663547570882 __DUMMY__ 0.0354707784591637	true	1.0
N1745	favors 1.0		favors 0.48848144791675246 opposes 0.47626115832614246 __DUMMY__ 0.03525739375710491	true	1.0
N1748	opposes 1.0		favors 0.4873495335373108 opposes 0.4775868085031967 __DUMMY__ 0.03506365795949261	true	0.5
N1749	favors 1.0		favors 0.5055755914457569 opposes 0.4596591252800298 __DUMMY__ 0.03476528327421319	true	1.0
N1731	opposes 1.0	opposes 1.0	opposes 0.7281239318359319 favors 0.256981654811272 __DUMMY__ 0.01489441335279602	false	1.0
N1732	opposes 1.0	opposes 1.0	opposes 0.7192668047564543 favors 0.26577338332375894 __DUMMY__ 0.014959811919786762	false	1.0
N1730	favors 1.0		opposes 0.4831607286252333 favors 0.48148797026125256 __DUMMY__ 0.0353513011135141	true	0.5
N1735	opposes 1.0	opposes 1.0	opposes 0.7252974376369 favors 0.2598939898568137 __DUMMY__ 0.014808572506286255	false	1.0
N1736	favors 1.0	favors 1.0	favors 0.727221350892314 opposes 0.25773176707046036 __DUMMY__ 0.015046882037225812	false	1.0
N1733	opposes 1.0		opposes 0.48500595307792105 favors 0.4803928301271028 __DUMMY__ 0.03460121679497624	true	1.0
N1734	favors 1.0		favors 0.4937069369154016 opposes 0.47094751984025945 __DUMMY__ 0.035345543244339084	true	1.0
N1739	favors 1.0		favors 0.49992005397694456 opposes 0.4649267776795531 __DUMMY__ 0.035153168343502364	true	1.0
N1737	favors 1.0		favors 0.4899722354463704 opposes 0.4743758366815799 __DUMMY__ 0.0356519278720498	true	1.0
N1738	opposes 1.0	opposes 1.0	opposes 0.7323231840760124 favors 0.253269716931333 __DUMMY__ 0.014407098992654585	false	1.0
N1720	opposes 1.0		opposes 0.4874890164134072 favors 0.4778123030231026 __DUMMY__ 0.034698680563490056	true	1.0
N1721	opposes 1.0	opposes 1.0	opposes 0.7216123957118756 favors 0.2632701090605355 __DUMMY__ 0.015117495227588963	false	1.0
N1724	favors 1.0		favors 0.4859401051245581 opposes 0.4786720363231587 __DUMMY__ 0.0353878585522831	true	1.0
N1725	favors 1.0	favors 1.0	favors 0.7309275289370055 opposes 0.25406463311952854 __DUMMY__ 0.01500783794346608	false	1.0
N1722	favors 1.0		favors 0.5180319239397958 opposes 0.4471538236592067 __DUMMY__ 0.03481425240099745	true	1.0
N1723	favors 1.0		favors 0.4852716727419451 opposes 0.47919178919389027 __DUMMY__ 0.03553653806416468	true	1.0
N1728	opposes 1.0		favors 0.4901066133485127 opposes 0.4748462070219073 __DUMMY__ 0.03504717962957998	true	0.5
N1729	favors 1.0		favors 0.5150241247789619 opposes 0.45007988147230027 __DUMMY__ 0.03489599374873782	true	1.0
N1726	favors 1.0	favors 1.0	favors 0.7479567559602924 opposes 0.23740569782773482 __DUMMY__ 0.014637546211972725	false	1.0
N1727	opposes 1.0		opposes 0.48362483244974497 favors 0.48120490993224074 __DUMMY__ 0.03517025761801437	true	1.0
N1710	favors 1.0		opposes 0.4849445685997269 favors 0.4797604504111477 __DUMMY__ 0.0352949809891254	true	0.5
N1713	opposes 1.0		opposes 0.48542682642920953 favors 0.47993402660542867 __DUMMY__ 0.034639146965361904	true	1.0
N1714	favors 1.0		favors 0.4953300812753271 opposes 0.4694281639291398 __DUMMY__ 0.03524175479553304	true	1.0
N1711	favors 1.0		opposes 0.4837856483036051 favors 0.48116656911669786 __DUMMY__ 0.035047782579697005	true	0.5
N1712	favors 1.0		favors 0.5051381677637359 opposes 0.4595856247953256 __DUMMY__ 0.035276207440938435	true	1.0
N1717	favors 1.0		favors 0.4920845670101782 opposes 0.4721672838694318 __DUMMY__ 0.03574814912038989	true	1.0
N1718	opposes 1.0		opposes 0.49539253302835873 favors 0.471093045520204 __DUMMY__ 0.03351442145143724	true	1.0
N1715	favors 1.0		favors 0.4887732525287564 opposes 0.47653987370107076 __DUMMY__ 0.03468687377017275	true	1.0
N1716	favors 1.0		opposes 0.4833336738167523 favors 0.4811932639336189 __DUMMY__ 0.03547306224962865	true	0.5
N1719	favors 1.0		favors 0.5059197919375849 opposes 0.4588379862312248 __DUMMY__ 0.03524222183119037	true	1.0
N1782	favors 1.0	favors 1.0	favors 0.7291944619022391 opposes 0.25570113639886216 __DUMMY__ 0.01510440169889868	false	1.0
N1783	favors 1.0	favors 1.0	favors 0.7300138306588925 opposes 0.25494941782173186 __DUMMY__ 0.015036751519375542	false	1.0
N1780	opposes 1.0		favors 0.4934598288280364 opposes 0.47113950489726647 __DUMMY__ 0.03540066627469699	true	0.5
N1781	opposes 1.0		favors 0.5161187032750902 opposes 0.4490697737085055 __DUMMY__ 0.034811523016404174	true	0.5
N1786	opposes 1.0	opposes 1.0	opposes 0.7271663048293606 favors 0.25784972431875525 __DUMMY__ 0.014983970851884154	false	1.0
N1302	favors 1.0	favors 1.0	favors 0.7319221957257612 opposes 0.2531628715880349 __DUMMY__ 0.014914932686203908	false	1.0
N1303	favors 1.0		favors 0.5186956293020561 opposes 0.44685943065313655 __DUMMY__ 0.03444494004480716	true	1.0
N1787	opposes 1.0		favors 0.4916198661940772 opposes 0.47330723345763653 __DUMMY__ 0.03507290034828632	true	0.5
N1300	favors 1.0	favors 1.0	favors 0.7293523255160669 opposes 0.2555696392982153 __DUMMY__ 0.01507803518571787	false	1.0
N1784	favors 1.0		favors 0.49050658860831614 opposes 0.4744434371849386 __DUMMY__ 0.03504997420674514	true	1.0
N1301	opposes 1.0	opposes 1.0	opposes 0.7252192782964715 favors 0.25975248878738016 __DUMMY__ 0.0150282329161484	false	1.0
N1785	opposes 1.0		favors 0.5192631691567882 opposes 0.44634151812434997 __DUMMY__ 0.03439531271886196	true	0.5
N1306	opposes 1.0		favors 0.5122846042997009 opposes 0.45295428933279913 __DUMMY__ 0.034761106367499815	true	0.5
N1307	favors 1.0		opposes 0.483191762048162 favors 0.48163113919764483 __DUMMY__ 0.035177098754193094	true	0.5
N1304	favors 1.0	favors 1.0	favors 0.7283365536189119 opposes 0.2566796138030731 __DUMMY__ 0.014983832578014946	false	1.0
N1788	favors 1.0		favors 0.5139615357976455 opposes 0.45123866239287896 __DUMMY__ 0.034799801809475596	true	1.0
N1789	opposes 1.0		opposes 0.4829022322502786 favors 0.4818176138883463 __DUMMY__ 0.035280153861375056	true	1.0
N1305	favors 1.0		favors 0.49011265620505157 opposes 0.47493733877681804 __DUMMY__ 0.034950005018130455	true	1.0
N1308	opposes 1.0	opposes 1.0	opposes 0.7271687418154612 favors 0.2579475877090464 __DUMMY__ 0.014883670475492388	false	1.0
N1309	opposes 1.0		favors 0.5018135167290982 opposes 0.4631652683458325 __DUMMY__ 0.03502121492506942	true	0.5
N1771	favors 1.0		favors 0.5041071859536899 opposes 0.4607440072607806 __DUMMY__ 0.03514880678552957	true	1.0
N1772	opposes 1.0		opposes 0.4828922048600806 favors 0.4825197772728908 __DUMMY__ 0.03458801786702865	true	1.0
N1770	opposes 1.0		favors 0.4839916474438348 opposes 0.4809901216111868 __DUMMY__ 0.03501823094497846	true	0.5
N1775	favors 1.0		favors 0.48329760344411327 opposes 0.4813165115720189 __DUMMY__ 0.03538588498386798	true	1.0
N1776	favors 1.0		favors 0.4919278801852748 opposes 0.47247387681319514 __DUMMY__ 0.035598243001529986	true	1.0
N1773	favors 1.0		favors 0.4949672487423694 opposes 0.46982315038788053 __DUMMY__ 0.03520960086974995	true	1.0
N1774	opposes 1.0	opposes 1.0	opposes 0.7228567911316677 favors 0.2623611239464065 __DUMMY__ 0.014782084921925821	false	1.0
N1779	favors 1.0		opposes 0.4862146640173866 favors 0.4791446027460435 __DUMMY__ 0.03464073323657001	true	0.5
N1777	favors 1.0	favors 1.0	favors 0.7226005872029099 opposes 0.2631809739247331 __DUMMY__ 0.014218438872357107	false	1.0
N1778	favors 1.0	favors 1.0	favors 0.7396145717837945 opposes 0.24540354064077696 __DUMMY__ 0.014981887575428624	false	1.0
N901	favors 1.0		favors 0.48564012138559937 opposes 0.47896912908399786 __DUMMY__ 0.03539074953040285	true	1.0
N902	favors 1.0		favors 0.4880048554219753 opposes 0.47689278960663967 __DUMMY__ 0.035102354971384905	true	1.0
N903	opposes 1.0	opposes 1.0	opposes 0.7117907231192014 favors 0.27372535155547056 __DUMMY__ 0.014483925325328034	false	1.0
N904	opposes 1.0		opposes 0.4840159570691872 favors 0.4808520558072567 __DUMMY__ 0.03513198712355612	true	1.0
N1760	opposes 1.0		favors 0.49328799939558704 opposes 0.47126881719665764 __DUMMY__ 0.035443183407755305	true	0.5
N1761	opposes 1.0		favors 0.5154224695605182 opposes 0.44970766461143297 __DUMMY__ 0.03486986582804882	true	0.5
N900	favors 1.0	favors 1.0	favors 0.7287654211815217 opposes 0.2561484583828323 __DUMMY__ 0.015086120435646038	false	1.0
N909	favors 1.0		favors 0.49778694091595505 opposes 0.46697763986421525 __DUMMY__ 0.03523541921982957	true	1.0
N1764	favors 1.0	favors 1.0	favors 0.731631273524034 opposes 0.2533994431814276 __DUMMY__ 0.014969283294538437	false	1.0
N1765	opposes 1.0		favors 0.5186959021186901 opposes 0.4467981562026 __DUMMY__ 0.03450594167871005	true	0.5
N1762	favors 1.0		favors 0.48558152554442674 opposes 0.4789329173682713 __DUMMY__ 0.03548555708730187	true	1.0
N1763	opposes 1.0		favors 0.48698296349843273 opposes 0.47763509040674845 __DUMMY__ 0.03538194609481874	true	0.5
N1768	favors 1.0		favors 0.5130169534863165 opposes 0.4521111229415139 __DUMMY__ 0.03487192357216975	true	1.0
N905	opposes 1.0		favors 0.4882625153181523 opposes 0.47690872777782634 __DUMMY__ 0.034828756904021436	true	0.5
N906	favors 1.0		favors 0.5070143591182884 opposes 0.4584785982829569 __DUMMY__ 0.034507042598754596	true	1.0
N1769	opposes 1.0	opposes 1.0	opposes 0.7275964029888492 favors 0.25733039788952833 __DUMMY__ 0.015073199121622409	false	1.0
N1766	opposes 1.0		favors 0.48280551709910424 opposes 0.481958328230013 __DUMMY__ 0.03523615467088271	true	0.5
N907	opposes 1.0		opposes 0.4843676641048216 favors 0.48043702858793985 __DUMMY__ 0.035195307307238674	true	1.0
N908	opposes 1.0		opposes 0.48559394516323834 favors 0.47932216357241636 __DUMMY__ 0.03508389126434532	true	1.0
N1767	opposes 1.0		favors 0.4919134021544461 opposes 0.47289992691232463 __DUMMY__ 0.035186670933229275	true	0.5
N1750	opposes 1.0		opposes 0.48419608190622465 favors 0.4804882869854052 __DUMMY__ 0.03531563110837016	true	1.0
N1753	favors 1.0		favors 0.49479999514919276 opposes 0.46997142724300495 __DUMMY__ 0.03522857760780234	true	1.0
N1754	opposes 1.0		favors 0.49011237221791387 opposes 0.4750229733202441 __DUMMY__ 0.03486465446184201	true	0.5
N1751	opposes 1.0		favors 0.4836519299479486 opposes 0.48126558541123354 __DUMMY__ 0.03508248464081787	true	0.5
N1752	opposes 1.0		opposes 0.4833057352296575 favors 0.48198526103505585 __DUMMY__ 0.0347090037352867	true	1.0
N1757	favors 1.0	favors 1.0	favors 0.7219328784615364 opposes 0.2637690340529604 __DUMMY__ 0.01429808748550316	false	1.0
N1758	favors 1.0		favors 0.5047591639281911 opposes 0.4599672251638062 __DUMMY__ 0.03527361090800281	true	1.0
N1755	favors 1.0		favors 0.4830078869913213 opposes 0.4815541484017462 __DUMMY__ 0.035437964606932555	true	1.0
N1756	favors 1.0		favors 0.4923764206055005 opposes 0.47196718263186677 __DUMMY__ 0.0356563967626328	true	1.0
N1759	favors 1.0	favors 1.0	favors 0.7246986795456771 opposes 0.2604590938392984 __DUMMY__ 0.014842226615024426	false	1.0
N923	favors 1.0		favors 0.5106965958105149 opposes 0.4547993055286199 __DUMMY__ 0.034504098660865186	true	1.0
N924	opposes 1.0	opposes 1.0	opposes 0.7283444059225737 favors 0.2566366295825373 __DUMMY__ 0.015018964494889028	false	1.0
N925	opposes 1.0		favors 0.4863768179714318 opposes 0.4785322765720637 __DUMMY__ 0.035090905456504486	true	0.5
N926	favors 1.0		favors 0.5053565254463775 opposes 0.45986357800677025 __DUMMY__ 0.034779896546852214	true	1.0
N1342	favors 1.0	favors 1.0	favors 0.7321149967205818 opposes 0.2530441088539246 __DUMMY__ 0.0148408944254936	false	1.0
N1343	favors 1.0		favors 0.5159008366541801 opposes 0.4498001075109277 __DUMMY__ 0.03429905583489221	true	1.0
N920	favors 1.0		favors 0.48351667745234295 opposes 0.4809508049435161 __DUMMY__ 0.03553251760414102	true	1.0
N921	favors 1.0		favors 0.4854834132077622 opposes 0.479029331443429 __DUMMY__ 0.03548725534880869	true	1.0
N1340	favors 1.0		favors 0.48614619309981 opposes 0.4785509043517557 __DUMMY__ 0.03530290254843431	true	1.0
N1341	favors 1.0	favors 1.0	favors 0.7301346147099479 opposes 0.25487064935517817 __DUMMY__ 0.014994735934874028	false	1.0
N922	favors 1.0		favors 0.48717334486755903 opposes 0.47754491520576065 __DUMMY__ 0.03528173992668034	true	1.0
N1346	favors 1.0	favors 1.0	favors 0.7424601557160676 opposes 0.24290634478157275 __DUMMY__ 0.014633499502359608	false	1.0
N1347	opposes 1.0	opposes 1.0	opposes 0.7273909738346656 favors 0.25770545924432386 __DUMMY__ 0.01490356692101062	false	1.0
N1344	opposes 1.0		favors 0.4834579023162336 opposes 0.48145351480141346 __DUMMY__ 0.03508858288235281	true	0.5
N1345	opposes 1.0	opposes 1.0	opposes 0.7227732825281533 favors 0.26248351445974816 __DUMMY__ 0.014743203012098553	false	1.0
N927	opposes 1.0		opposes 0.4849398203747041 favors 0.47973389814854367 __DUMMY__ 0.035326281476752285	true	1.0
N928	favors 1.0	favors 1.0	favors 0.7275078382221846 opposes 0.25762667144266765 __DUMMY__ 0.014865490335147741	false	1.0
N929	favors 1.0		favors 0.501129626854684 opposes 0.463784974520687 __DUMMY__ 0.035085398624629095	true	1.0
N1348	favors 1.0		favors 0.5051853266957288 opposes 0.4596535329378424 __DUMMY__ 0.035161140366428686	true	1.0
N1349	favors 1.0		opposes 0.48476634083275016 favors 0.4807019672188435 __DUMMY__ 0.03453169194840641	true	0.5
N912	opposes 1.0		favors 0.48444153976227067 opposes 0.4807447223429166 __DUMMY__ 0.03481373789481282	true	0.5
N913	favors 1.0		opposes 0.4845481213288817 favors 0.4801389396421539 __DUMMY__ 0.03531293902896448	true	0.5
N914	favors 1.0		favors 0.4886362337439504 opposes 0.4756692093836594 __DUMMY__ 0.03569455687239014	true	1.0
N915	favors 1.0	favors 1.0	favors 0.7199356468725564 opposes 0.2656921427793962 __DUMMY__ 0.01437221034804739	false	1.0
N1331	favors 1.0		favors 0.4966038831228529 opposes 0.46835504652482485 __DUMMY__ 0.035041070352322096	true	1.0
N1332	favors 1.0		favors 0.4919383510592799 opposes 0.47351838324315326 __DUMMY__ 0.03454326569756701	true	1.0
N910	opposes 1.0	opposes 1.0	opposes 0.7295834284793228 favors 0.2556728627464548 __DUMMY__ 0.014743708774222425	false	1.0
N1330	opposes 1.0	opposes 1.0	opposes 0.7259482720127723 favors 0.2594017611676812 __DUMMY__ 0.014649966819546452	false	1.0
N911	favors 1.0		favors 0.49262455231017854 opposes 0.47202951209391625 __DUMMY__ 0.035345935595905126	true	1.0
N1335	opposes 1.0		opposes 0.4876627552288311 favors 0.47861618946285184 __DUMMY__ 0.033721055308316934	true	1.0
N1336	favors 1.0		favors 0.5047367544200109 opposes 0.46041098844022116 __DUMMY__ 0.034852257139767986	true	1.0
N1333	favors 1.0		favors 0.48516806963057785 opposes 0.47978554990422245 __DUMMY__ 0.03504638046519974	true	1.0
N1334	favors 1.0	favors 1.0	favors 0.7335907938099975 opposes 0.2513752117300416 __DUMMY__ 0.015033994459960879	false	1.0
N1339	opposes 1.0		favors 0.5139261225037253 opposes 0.45153511250668227 __DUMMY__ 0.034538764989592616	true	0.5
N916	favors 1.0		favors 0.49935855142171104 opposes 0.4654263243673908 __DUMMY__ 0.03521512421089803	true	1.0
N917	favors 1.0		opposes 0.489280789781552 favors 0.47598748104814875 __DUMMY__ 0.034731729170299236	true	0.5
N1337	favors 1.0		opposes 0.4839923552114854 favors 0.48141186354527893 __DUMMY__ 0.03459578124323571	true	0.5
N918	opposes 1.0		favors 0.4902405571209768 opposes 0.474285765211951 __DUMMY__ 0.035473677667072184	true	0.5
N1338	opposes 1.0		favors 0.49453552398861 opposes 0.4703072802922246 __DUMMY__ 0.03515719571916533	true	0.5
N919	opposes 1.0	opposes 1.0	opposes 0.712806020872929 favors 0.2723659442733811 __DUMMY__ 0.014828034853689876	false	1.0
N940	opposes 1.0		favors 0.4853657635070978 opposes 0.47922247807851803 __DUMMY__ 0.03541175841438421	true	0.5
N945	favors 1.0		favors 0.4890513055283834 opposes 0.4761163845626316 __DUMMY__ 0.0348323099089849	true	1.0
N946	opposes 1.0	opposes 1.0	opposes 0.7129678418407704 favors 0.2723519130293386 __DUMMY__ 0.014680245129890983	false	1.0
N947	favors 1.0		opposes 0.48329478946164717 favors 0.4814625363394263 __DUMMY__ 0.03524267419892646	true	0.5
N948	opposes 1.0	opposes 1.0	opposes 0.7278837105033139 favors 0.2571752859966393 __DUMMY__ 0.014941003500046776	false	1.0
N941	opposes 1.0		favors 0.48598244579174554 opposes 0.4786727648647232 __DUMMY__ 0.03534478934353127	true	0.5
N1320	opposes 1.0		favors 0.4838770092638233 opposes 0.48071893931492077 __DUMMY__ 0.035404051421255786	true	0.5
N1321	favors 1.0	favors 1.0	favors 0.7294577963412464 opposes 0.255509517948574 __DUMMY__ 0.015032685710179555	false	1.0
N942	opposes 1.0	opposes 1.0	opposes 0.7237955644376131 favors 0.2612955352544475 __DUMMY__ 0.014908900307939468	false	1.0
N943	favors 1.0		favors 0.5141386732097681 opposes 0.4514590461483651 __DUMMY__ 0.03440228064186693	true	1.0
N944	favors 1.0		opposes 0.4829028495960926 favors 0.4819332220168454 __DUMMY__ 0.035163928387062185	true	0.5
N1324	opposes 1.0		opposes 0.48310531935763057 favors 0.481689093186217 __DUMMY__ 0.03520558745615249	true	1.0
N1325	opposes 1.0	opposes 1.0	opposes 0.7239815377673562 favors 0.26117850017769506 __DUMMY__ 0.014839962054948691	false	1.0
N1322	favors 1.0		favors 0.48903130007755446 opposes 0.47593011305716093 __DUMMY__ 0.03503858686528455	true	1.0
N1323	favors 1.0	favors 1.0	favors 0.7457039723027029 opposes 0.23976849913748818 __DUMMY__ 0.014527528559808793	false	1.0
N1328	opposes 1.0	opposes 1.0	opposes 0.7257804937935987 favors 0.2594310340700188 __DUMMY__ 0.014788472136382581	false	1.0
N949	favors 1.0	favors 1.0	favors 0.7378388127510094 opposes 0.24718417266616868 __DUMMY__ 0.014977014582821836	false	1.0
N1329	favors 1.0	favors 1.0	favors 0.7387312552954989 opposes 0.24647039767050086 __DUMMY__ 0.014798347034000249	false	1.0
N1326	favors 1.0		favors 0.5101219055112394 opposes 0.45528060592734215 __DUMMY__ 0.03459748856141829	true	1.0
N1327	opposes 1.0		opposes 0.48470714067201204 favors 0.48010406580253334 __DUMMY__ 0.035188793525454634	true	1.0
N934	opposes 1.0		favors 0.4911790461921399 opposes 0.47325453223272823 __DUMMY__ 0.035566421575131985	true	0.5
N935	opposes 1.0		opposes 0.4910600142710498 favors 0.4751489413726468 __DUMMY__ 0.033791044356303486	true	1.0
N1790	favors 1.0		favors 0.48413725940797203 opposes 0.48085460026052373 __DUMMY__ 0.035008140331504164	true	1.0
N936	opposes 1.0		favors 0.5034079948745807 opposes 0.46156513355453765 __DUMMY__ 0.0350268715708817	true	0.5
N937	opposes 1.0		opposes 0.48731054459448475 favors 0.4780396812099968 __DUMMY__ 0.03464977419551858	true	1.0
N930	favors 1.0		opposes 0.48440690897184935 favors 0.4810643387562736 __DUMMY__ 0.034528752271877024	true	0.5
N1793	opposes 1.0		favors 0.49502287900571107 opposes 0.46975077574380825 __DUMMY__ 0.03522634525048061	true	0.5
N931	opposes 1.0		favors 0.4951431207872603 opposes 0.469650646288901 __DUMMY__ 0.03520623292383882	true	0.5
N1310	opposes 1.0		opposes 0.4846895494363711 favors 0.4807743221965821 __DUMMY__ 0.03453612836704694	true	1.0
N1794	favors 1.0	favors 1.0	favors 0.7312116839592618 opposes 0.25402683276577426 __DUMMY__ 0.014761483274963912	false	1.0
N932	favors 1.0		favors 0.48934693930850126 opposes 0.4760653177317804 __DUMMY__ 0.03458774295971844	true	1.0
N1791	favors 1.0	favors 1.0	favors 0.7387510439552375 opposes 0.2463502286750158 __DUMMY__ 0.014898727369746675	false	1.0
N1792	favors 1.0		opposes 0.48308392892688384 favors 0.4822836479709118 __DUMMY__ 0.03463242310220441	true	0.5
N933	opposes 1.0		favors 0.48428704055154265 opposes 0.48050670001590623 __DUMMY__ 0.035206259432551026	true	0.5
N1797	opposes 1.0		opposes 0.49063246440127883 favors 0.47560184678743983 __DUMMY__ 0.03376568881128148	true	1.0
N1313	favors 1.0		opposes 0.48353138453331956 favors 0.48130848230710255 __DUMMY__ 0.03516013315957778	true	0.5
N1314	favors 1.0		favors 0.4900703377307374 opposes 0.47441216014203297 __DUMMY__ 0.035517502127229525	true	1.0
N1798	favors 1.0		favors 0.5040245475789478 opposes 0.4608510717872551 __DUMMY__ 0.035124380633796984	true	1.0
N1311	favors 1.0		favors 0.4944330268193803 opposes 0.4704274779624973 __DUMMY__ 0.03513949521812256	true	1.0
N1795	opposes 1.0	opposes 1.0	opposes 0.7266380134615501 favors 0.2583140688805831 __DUMMY__ 0.015047917657866781	false	1.0
N1312	opposes 1.0		favors 0.48698377115680674 opposes 0.4784762338439755 __DUMMY__ 0.034539994999217824	true	0.5
N1796	opposes 1.0	opposes 1.0	opposes 0.7224458223480982 favors 0.262404891820859 __DUMMY__ 0.015149285831042891	false	1.0
N1317	favors 1.0		opposes 0.4871974970560146 favors 0.4781418718972243 __DUMMY__ 0.03466063104676106	true	0.5
N938	favors 1.0	favors 1.0	favors 0.7337135545017931 opposes 0.25130507114249495 __DUMMY__ 0.014981374355711966	false	1.0
N939	favors 1.0		favors 0.5137710639867527 opposes 0.4515455745663402 __DUMMY__ 0.034683361446907146	true	1.0
N1318	opposes 1.0		favors 0.4920527416305835 opposes 0.4726766001055828 __DUMMY__ 0.03527065826383363	true	0.5
N1315	favors 1.0		opposes 0.49396099231667007 favors 0.4724614260431607 __DUMMY__ 0.03357758164016916	true	0.5
N1799	opposes 1.0		opposes 0.4861341149382925 favors 0.4791781995893214 __DUMMY__ 0.03468768547238607	true	1.0
N1316	favors 1.0		favors 0.502876777444007 opposes 0.46216586237421936 __DUMMY__ 0.03495736018177359	true	1.0
N1319	favors 1.0	favors 1.0	favors 0.7438746570909113 opposes 0.24144268958850518 __DUMMY__ 0.014682653320583485	false	1.0
N960	opposes 1.0		favors 0.4856058682862791 opposes 0.479035823691102 __DUMMY__ 0.03535830802261889	true	0.5
N961	opposes 1.0		favors 0.48858961566663306 opposes 0.47636089213743704 __DUMMY__ 0.035049492195929885	true	0.5
N962	favors 1.0	favors 1.0	favors 0.7458849328340305 opposes 0.23956380643735675 __DUMMY__ 0.014551260728612857	false	1.0
N967	opposes 1.0		opposes 0.482857904501882 favors 0.4820323263951367 __DUMMY__ 0.03510976910298128	true	1.0
N1382	opposes 1.0		opposes 0.4833713525025745 favors 0.48143766306990105 __DUMMY__ 0.03519098442752452	true	1.0
N968	favors 1.0	favors 1.0	favors 0.7368326343113335 opposes 0.24826564441810103 __DUMMY__ 0.014901721270565516	false	1.0
N1383	opposes 1.0	opposes 1.0	opposes 0.7238513364064639 favors 0.26120953030087046 __DUMMY__ 0.014939133292665606	false	1.0
N969	opposes 1.0	opposes 1.0	opposes 0.7285081774102589 favors 0.25671896185313714 __DUMMY__ 0.014772860736604033	false	1.0
N1380	favors 1.0		favors 0.48902168659793943 opposes 0.47596025791706903 __DUMMY__ 0.03501805548499143	true	1.0
N1381	favors 1.0	favors 1.0	favors 0.7461251604875274 opposes 0.2392660499347877 __DUMMY__ 0.014608789577684848	false	1.0
N963	favors 1.0		opposes 0.48392601213610065 favors 0.48091903474917314 __DUMMY__ 0.03515495311472618	true	0.5
N1386	favors 1.0		favors 0.48538832395492787 opposes 0.47972246328404794 __DUMMY__ 0.034889212761024226	true	1.0
N1387	favors 1.0		favors 0.5029131994601489 opposes 0.46212522741777645 __DUMMY__ 0.03496157312207473	true	1.0
N964	favors 1.0		favors 0.4884451317657767 opposes 0.4765974525447934 __DUMMY__ 0.03495741568942994	true	1.0
N1384	favors 1.0		favors 0.5108692701945158 opposes 0.4544623575166579 __DUMMY__ 0.034668372288826264	true	1.0
N965	opposes 1.0		favors 0.5116838662140277 opposes 0.4535962761454379 __DUMMY__ 0.03471985764053447	true	0.5
N966	favors 1.0	favors 1.0	favors 0.725621426145111 opposes 0.2592966005591906 __DUMMY__ 0.015081973295698345	false	1.0
N1385	opposes 1.0	opposes 1.0	opposes 0.7288916713589226 favors 0.2560732752940789 __DUMMY__ 0.01503505334699842	false	1.0
N1388	favors 1.0		favors 0.4841032750916762 opposes 0.4813991225482673 __DUMMY__ 0.034497602360056424	true	1.0
N1389	opposes 1.0		favors 0.4962834808165337 opposes 0.4686401357194668 __DUMMY__ 0.03507638346399956	true	0.5
N950	favors 1.0		opposes 0.4876641350651328 favors 0.47783360620979914 __DUMMY__ 0.03450225872506791	true	0.5
N951	opposes 1.0		favors 0.4937268237272071 opposes 0.4710778587193978 __DUMMY__ 0.03519531755339518	true	0.5
N956	opposes 1.0		opposes 0.4892817299098143 favors 0.4761052267179811 __DUMMY__ 0.03461304337220466	true	1.0
N1371	opposes 1.0	opposes 1.0	opposes 0.7283554185837177 favors 0.2565824893247947 __DUMMY__ 0.015062092091487608	false	1.0
N1372	favors 1.0		favors 0.4898816273026942 opposes 0.4745827765341828 __DUMMY__ 0.03553559616312297	true	1.0
N957	favors 1.0		favors 0.4918490873034838 opposes 0.47273938446838853 __DUMMY__ 0.03541152822812777	true	1.0
N958	favors 1.0		favors 0.5156022960048405 opposes 0.449625679449478 __DUMMY__ 0.034772024545681506	true	1.0
N1370	opposes 1.0	opposes 1.0	opposes 0.7245898664459569 favors 0.260643803945241 __DUMMY__ 0.014766329608802064	false	1.0
N959	favors 1.0		favors 0.48424463403061513 opposes 0.4802476434185392 __DUMMY__ 0.035507722550845604	true	1.0
N952	favors 1.0		favors 0.4865374466299497 opposes 0.47892505456131196 __DUMMY__ 0.03453749880873836	true	1.0
N1375	favors 1.0	favors 1.0	favors 0.7235655855535068 opposes 0.26164919550678334 __DUMMY__ 0.0147852189397098	false	1.0
N1376	opposes 1.0		favors 0.49162947700571313 opposes 0.47301716434760316 __DUMMY__ 0.03535335864668373	true	0.5
N953	opposes 1.0		opposes 0.48383031713957175 favors 0.48077599013920086 __DUMMY__ 0.03539369272122742	true	1.0
N954	opposes 1.0		opposes 0.49798175228747105 favors 0.4685638688595854 __DUMMY__ 0.03345437885294368	true	1.0
N1373	favors 1.0		opposes 0.4960720733386177 favors 0.47034019963381524 __DUMMY__ 0.03358772702756712	true	0.5
N955	opposes 1.0	opposes 1.0	opposes 0.715758401552269 favors 0.2692334456213713 __DUMMY__ 0.015008152826359747	false	1.0
N1374	favors 1.0		favors 0.5031125207030681 opposes 0.4617880061688421 __DUMMY__ 0.0350994731280898	true	1.0
N1379	favors 1.0		favors 0.48525129128982347 opposes 0.4794364600847656 __DUMMY__ 0.03531224862541079	true	1.0
N1377	opposes 1.0		favors 0.5139491394529052 opposes 0.4513790603355014 __DUMMY__ 0.03467180021159324	true	0.5
N1378	favors 1.0	favors 1.0	favors 0.7281390586918137 opposes 0.25677608680461866 __DUMMY__ 0.015084854503567634	false	1.0
N981	opposes 1.0		opposes 0.4828721399677652 favors 0.4819206782519106 __DUMMY__ 0.035207181780324115	true	1.0
N982	opposes 1.0	opposes 1.0	opposes 0.7250271049533256 favors 0.26009291991762745 __DUMMY__ 0.0148799751290471	false	1.0
N983	favors 1.0		favors 0.5067074729851404 opposes 0.45852793438725875 __DUMMY__ 0.03476459262760081	true	1.0
N500	opposes 1.0	opposes 1.0	opposes 0.7238473873729396 favors 0.2610833383784217 __DUMMY__ 0.015069274248638699	false	1.0
N984	favors 1.0		opposes 0.48549415767103443 favors 0.47926114228225997 __DUMMY__ 0.035244700046705775	true	0.5
N980	favors 1.0		favors 0.4884328326013607 opposes 0.4764495681500282 __DUMMY__ 0.035117599248611166	true	1.0
N505	favors 1.0	favors 1.0	favors 0.7425667277621703 opposes 0.24276626278965835 __DUMMY__ 0.014667009448171332	false	1.0
N989	opposes 1.0		favors 0.4865660637456016 opposes 0.4783726526975304 __DUMMY__ 0.03506128355686806	true	0.5
N1360	opposes 1.0		favors 0.48611139157522104 opposes 0.4785521899553955 __DUMMY__ 0.03533641846938362	true	0.5
N506	opposes 1.0		favors 0.48467182191050573 opposes 0.4799453050491463 __DUMMY__ 0.035382873040347936	true	0.5
N1361	favors 1.0		favors 0.49057332952806265 opposes 0.4743791677504492 __DUMMY__ 0.03504750272148801	true	1.0
N507	opposes 1.0		favors 0.4854435133968634 opposes 0.479212621507177 __DUMMY__ 0.035343865095959506	true	0.5
N508	opposes 1.0		favors 0.4894269750690375 opposes 0.47553248503010204 __DUMMY__ 0.03504053990086046	true	0.5
N501	opposes 1.0		opposes 0.4892442370698999 favors 0.47682651051238656 __DUMMY__ 0.03392925241771341	true	1.0
N985	opposes 1.0		favors 0.48290245239937535 opposes 0.48180665307237264 __DUMMY__ 0.03529089452825181	true	0.5
N1364	favors 1.0		favors 0.5156529823064451 opposes 0.4496412791557399 __DUMMY__ 0.03470573853781508	true	1.0
N502	favors 1.0	favors 1.0	favors 0.7379767816557005 opposes 0.247225566372835 __DUMMY__ 0.014797651971464595	false	1.0
N986	opposes 1.0		favors 0.5001125414442911 opposes 0.4645800833390846 __DUMMY__ 0.035307375216624345	true	0.5
N1365	favors 1.0		opposes 0.4848047467312333 favors 0.4799251835471054 __DUMMY__ 0.03527006972166131	true	0.5
N503	opposes 1.0		opposes 0.48570529282062164 favors 0.4796650796775067 __DUMMY__ 0.03462962750187157	true	1.0
N987	opposes 1.0		opposes 0.48457117498308544 favors 0.4805849534308625 __DUMMY__ 0.034843871586051955	true	1.0
N1362	favors 1.0	favors 1.0	favors 0.7484788405679819 opposes 0.2369613795177618 __DUMMY__ 0.014559779914256273	false	1.0
N1363	opposes 1.0		opposes 0.4832416144701867 favors 0.48158493999899904 __DUMMY__ 0.03517344553081429	true	1.0
N504	favors 1.0		favors 0.49217620465096884 opposes 0.4725694685566162 __DUMMY__ 0.035254326792415004	true	1.0
N988	favors 1.0		favors 0.49404041021228806 opposes 0.47057828215012015 __DUMMY__ 0.03538130763759181	true	1.0
N1368	opposes 1.0		opposes 0.4855358560941297 favors 0.47986381710160114 __DUMMY__ 0.034600326804269124	true	1.0
N1369	favors 1.0		favors 0.49424336970615323 opposes 0.4706286567198005 __DUMMY__ 0.035127973574046206	true	1.0
N1366	opposes 1.0		opposes 0.4832333617230941 favors 0.48174728425443136 __DUMMY__ 0.03501935402247454	true	1.0
N1367	opposes 1.0	opposes 1.0	opposes 0.7171412951810803 favors 0.2679431001359771 __DUMMY__ 0.014915604682942585	false	1.0
N509	favors 1.0		favors 0.5108934061393425 opposes 0.4546528538662454 __DUMMY__ 0.034453739994412085	true	1.0
N970	favors 1.0		favors 0.4935007761148132 opposes 0.4712627120024567 __DUMMY__ 0.03523651188273019	true	1.0
N971	opposes 1.0	opposes 1.0	opposes 0.7255811789386208 favors 0.25964651734431976 __DUMMY__ 0.0147723037170595	false	1.0
N972	favors 1.0		opposes 0.48409114612749315 favors 0.48067442749417466 __DUMMY__ 0.03523442637833211	true	0.5
N973	favors 1.0		favors 0.48970506451801754 opposes 0.47470367835738014 __DUMMY__ 0.03559125712460233	true	1.0
N978	opposes 1.0	opposes 1.0	opposes 0.7128729062228089 favors 0.2723483728066033 __DUMMY__ 0.014778720970587926	false	1.0
N979	favors 1.0		favors 0.4838251167396473 opposes 0.48070836286458146 __DUMMY__ 0.035466520395771146	true	1.0
N1350	opposes 1.0		favors 0.4960869045658582 opposes 0.4687466321361343 __DUMMY__ 0.03516646329800742	true	0.5
N974	favors 1.0		opposes 0.4936977660239744 favors 0.4723548754420691 __DUMMY__ 0.03394735853395648	true	0.5
N1353	opposes 1.0	opposes 1.0	opposes 0.7223070814741914 favors 0.2624576378753809 __DUMMY__ 0.01523528065042763	false	1.0
N975	favors 1.0		favors 0.5004262900577865 opposes 0.46441554974744387 __DUMMY__ 0.03515816019476981	true	1.0
N1354	opposes 1.0		opposes 0.4953775065874933 favors 0.47121877800505146 __DUMMY__ 0.033403715407455126	true	1.0
N976	favors 1.0	favors 1.0	favors 0.7243445609826045 opposes 0.2608422686594553 __DUMMY__ 0.014813170357940235	false	1.0
N1351	favors 1.0	favors 1.0	favors 0.7301386101229103 opposes 0.2551192684062142 __DUMMY__ 0.014742121470875587	false	1.0
N977	opposes 1.0		favors 0.49064852074939536 opposes 0.4740077274024995 __DUMMY__ 0.03534375184810513	true	0.5
N1352	opposes 1.0		opposes 0.4837573326052989 favors 0.48090562469996745 __DUMMY__ 0.03533704269473376	true	1.0
N1357	favors 1.0	favors 1.0	favors 0.7334138030178639 opposes 0.25154932496040044 __DUMMY__ 0.015036872021735788	false	1.0
N1358	favors 1.0		favors 0.518007923103002 opposes 0.447304777044196 __DUMMY__ 0.03468729985280183	true	1.0
N1355	favors 1.0	favors 1.0	favors 0.7399094690777179 opposes 0.24511753229732208 __DUMMY__ 0.014972998624959884	false	1.0
N1356	opposes 1.0		opposes 0.4877974742750457 favors 0.4775588735893264 __DUMMY__ 0.03464365213562794	true	1.0
N1359	favors 1.0		favors 0.48421323341173433 opposes 0.4803216914446647 __DUMMY__ 0.03546507514360107	true	1.0
N520	favors 1.0		favors 0.4919035714776965 opposes 0.47258233826709606 __DUMMY__ 0.035514090255207374	true	1.0
N521	favors 1.0		opposes 0.48702944194395825 favors 0.4789281509945932 __DUMMY__ 0.034042407061448544	true	0.5
N522	favors 1.0	favors 1.0	favors 0.7387478372142212 opposes 0.24636854269588906 __DUMMY__ 0.014883620089889787	false	1.0
N527	favors 1.0		favors 0.491103767063091 opposes 0.473872892897282 __DUMMY__ 0.035023340039627045	true	1.0
N528	favors 1.0		favors 0.5137195139556342 opposes 0.4517043871339814 __DUMMY__ 0.03457609891038452	true	1.0
N529	opposes 1.0		favors 0.4830653758349592 opposes 0.4817485787810166 __DUMMY__ 0.035186045384024374	true	0.5
N523	favors 1.0	favors 1.0	favors 0.7262080311294155 opposes 0.2590196625039069 __DUMMY__ 0.014772306366677623	false	1.0
N524	opposes 1.0		favors 0.4935194266217326 opposes 0.47117081290241936 __DUMMY__ 0.03530976047584809	true	0.5
N525	opposes 1.0		favors 0.5119173970426449 opposes 0.4533294792297832 __DUMMY__ 0.034753123727571805	true	0.5
N526	favors 1.0	favors 1.0	favors 0.7301865843136781 opposes 0.25480647521486116 __DUMMY__ 0.015006940471460771	false	1.0
N992	favors 1.0		opposes 0.49265645766381333 favors 0.4732717503863596 __DUMMY__ 0.03407179194982698	true	0.5
N993	favors 1.0	favors 1.0	favors 0.7375716046218498 opposes 0.2473823583512942 __DUMMY__ 0.015046037026855866	false	1.0
N510	favors 1.0		opposes 0.48324791858680094 favors 0.4815583740032299 __DUMMY__ 0.03519370740996895	true	0.5
N994	favors 1.0		opposes 0.4861875009897889 favors 0.4788944713132794 __DUMMY__ 0.03491802769693177	true	0.5
N511	favors 1.0		favors 0.48910241695543005 opposes 0.4761022305653247 __DUMMY__ 0.03479535247924528	true	1.0
N995	opposes 1.0		favors 0.49206673606002627 opposes 0.47250332389527155 __DUMMY__ 0.03542994004470217	true	0.5
N990	favors 1.0	favors 1.0	favors 0.7267750299644989 opposes 0.2581351798224452 __DUMMY__ 0.015089790213055948	false	1.0
N991	favors 1.0	favors 1.0	favors 0.7323617507020215 opposes 0.25239072864414835 __DUMMY__ 0.015247520653830131	false	1.0
N516	opposes 1.0		favors 0.4835851635321021 opposes 0.4817206169942951 __DUMMY__ 0.03469421947360295	true	0.5
N517	favors 1.0		favors 0.49586179833792837 opposes 0.4689492478533364 __DUMMY__ 0.03518895380873526	true	1.0
N518	opposes 1.0	opposes 1.0	opposes 0.7232088284586005 favors 0.2620183069074988 __DUMMY__ 0.014772864633900802	false	1.0
N519	favors 1.0		favors 0.48457769043677257 opposes 0.48024912868649505 __DUMMY__ 0.03517318087673238	true	1.0
N512	opposes 1.0		favors 0.506448136684507 opposes 0.45899954552784583 __DUMMY__ 0.034552317787647176	true	0.5
N996	opposes 1.0		favors 0.5108078996820491 opposes 0.454234232551476 __DUMMY__ 0.03495786776647507	true	0.5
N997	favors 1.0	favors 1.0	favors 0.7300880585272728 opposes 0.25481308629900323 __DUMMY__ 0.015098855173724128	false	1.0
N513	favors 1.0	favors 1.0	favors 0.7270657591861723 opposes 0.25798283383532 __DUMMY__ 0.014951406978507695	false	1.0
N514	opposes 1.0		favors 0.4848262635553209 opposes 0.4801135229973332 __DUMMY__ 0.03506021344734593	true	0.5
N998	favors 1.0		favors 0.48938522521926814 opposes 0.47533226505591053 __DUMMY__ 0.03528250972482132	true	1.0
N999	opposes 1.0		favors 0.5134889831093018 opposes 0.4518398755422738 __DUMMY__ 0.03467114134842442	true	0.5
N515	opposes 1.0		favors 0.501418214689984 opposes 0.4634991609852121 __DUMMY__ 0.03508262432480384	true	0.5
N541	favors 1.0		favors 0.5037312848564183 opposes 0.4612597723028268 __DUMMY__ 0.03500894284075492	true	1.0
N542	opposes 1.0	opposes 1.0	opposes 0.7283926479380401 favors 0.2568407791873152 __DUMMY__ 0.014766572874644744	false	1.0
N543	favors 1.0	favors 1.0	favors 0.7342112405432843 opposes 0.25080788654181874 __DUMMY__ 0.014980872914896942	false	1.0
N544	favors 1.0		favors 0.513557480742045 opposes 0.4517478740640495 __DUMMY__ 0.034694645193905436	true	1.0
N540	opposes 1.0	opposes 1.0	opposes 0.7301460881472812 favors 0.25553232730572945 __DUMMY__ 0.014321584546989239	false	1.0
N549	favors 1.0		favors 0.482719277440729 opposes 0.48211354524597533 __DUMMY__ 0.0351671773132957	true	1.0
N545	favors 1.0	favors 1.0	favors 0.7298038986018353 opposes 0.2551584439574555 __DUMMY__ 0.01503765744070929	false	1.0
N546	opposes 1.0		favors 0.4866689483717508 opposes 0.47803254390923117 __DUMMY__ 0.03529850771901797	true	0.5
N547	opposes 1.0		favors 0.4908428070057389 opposes 0.4741479621871734 __DUMMY__ 0.03500923080708767	true	0.5
N548	favors 1.0		favors 0.5147489685450791 opposes 0.4507675681930517 __DUMMY__ 0.034483463261869185	true	1.0
N530	opposes 1.0	opposes 1.0	opposes 0.7232130989509927 favors 0.26196965432600755 __DUMMY__ 0.014817246722999767	false	1.0
N531	opposes 1.0		favors 0.5085668747111842 opposes 0.4567233827196099 __DUMMY__ 0.03470974256920585	true	0.5
N532	opposes 1.0	opposes 1.0	opposes 0.7276315447368301 favors 0.2573836751516518 __DUMMY__ 0.014984780111518098	false	1.0
N533	favors 1.0		favors 0.4835840728492982 opposes 0.4814072678648331 __DUMMY__ 0.0350086592858687	true	1.0
N1390	favors 1.0	favors 1.0	favors 0.7327295292393865 opposes 0.25261459121694757 __DUMMY__ 0.014655879543665809	false	1.0
N1393	opposes 1.0	opposes 1.0	opposes 0.7302544609908364 favors 0.25549729652921743 __DUMMY__ 0.014248242479946344	false	1.0
N538	opposes 1.0	opposes 1.0	opposes 0.7262147323599708 favors 0.2588141324773399 __DUMMY__ 0.014971135162689293	false	1.0
N539	opposes 1.0		favors 0.4918901387812562 opposes 0.472583138487156 __DUMMY__ 0.035526722731587905	true	0.5
N1394	opposes 1.0		favors 0.504928762640442 opposes 0.46016816300066554 __DUMMY__ 0.03490307435889261	true	0.5
N1391	opposes 1.0	opposes 1.0	opposes 0.726348783197909 favors 0.25871671699862925 __DUMMY__ 0.014934499803461777	false	1.0
N1392	opposes 1.0		favors 0.4922762640275741 opposes 0.4723126825827489 __DUMMY__ 0.03541105338967693	true	0.5
N534	favors 1.0		favors 0.5016021282943917 opposes 0.4632955907555633 __DUMMY__ 0.03510228095004508	true	1.0
N1397	favors 1.0	favors 1.0	favors 0.7446344154582697 opposes 0.24070790338305764 __DUMMY__ 0.014657681158672598	false	1.0
N535	favors 1.0		favors 0.48275495167526694 opposes 0.4826298947356411 __DUMMY__ 0.034615153589092	true	1.0
N1398	favors 1.0		favors 0.4855452897749693 opposes 0.47913785149618626 __DUMMY__ 0.035316858728844464	true	1.0
N1395	opposes 1.0		opposes 0.48488332895750874 favors 0.4805036142824934 __DUMMY__ 0.034613056759997866	true	1.0
N536	opposes 1.0		favors 0.49591286632262854 opposes 0.4688922736270608 __DUMMY__ 0.03519486005031061	true	0.5
N537	favors 1.0		favors 0.491281483144232 opposes 0.47401525868054395 __DUMMY__ 0.03470325817522409	true	1.0
N1396	favors 1.0	favors 1.0	favors 0.734374344637725 opposes 0.2506981074553849 __DUMMY__ 0.014927547906890012	false	1.0
N1399	opposes 1.0		favors 0.4861337358472101 opposes 0.4785925196105646 __DUMMY__ 0.035273744542225365	true	0.5
N563	opposes 1.0		favors 0.516787769916004 opposes 0.44846641206628796 __DUMMY__ 0.034745818017708194	true	0.5
N564	opposes 1.0		favors 0.48564677281170165 opposes 0.4790045308442614 __DUMMY__ 0.035348696344036847	true	0.5
N565	favors 1.0	favors 1.0	favors 0.7298901609300528 opposes 0.2551129702688632 __DUMMY__ 0.014996868801084088	false	1.0
N566	favors 1.0		favors 0.4908442720735363 opposes 0.47421585316360254 __DUMMY__ 0.0349398747628612	true	1.0
N560	favors 1.0		favors 0.5056225794063601 opposes 0.45921281065416414 __DUMMY__ 0.03516460993947582	true	1.0
N561	favors 1.0	favors 1.0	favors 0.7244478056435537 opposes 0.2607862480773495 __DUMMY__ 0.014765946279096701	false	1.0
N562	favors 1.0	favors 1.0	favors 0.7338321337136251 opposes 0.251162440062012 __DUMMY__ 0.015005426224362817	false	1.0
N567	favors 1.0	favors 1.0	favors 0.7469461644425507 opposes 0.23845868853627122 __DUMMY__ 0.014595147021178083	false	1.0
N568	favors 1.0		favors 0.48257392015825906 opposes 0.48233616114465927 __DUMMY__ 0.035089918697081696	true	1.0
N569	opposes 1.0		favors 0.49177908506860524 opposes 0.47329888377845053 __DUMMY__ 0.034922031152944163	true	0.5
