N1742	opposes 1.0	opposes 1.0	opposes 0.727783248901617 favors 0.2698178195757371 __DUMMY__ 0.002398931522645902	false	1.0
N1743	favors 1.0		favors 0.5676987689698378 opposes 0.42053773595552535 __DUMMY__ 0.011763495074636867	true	1.0
N1740	opposes 1.0	opposes 1.0	opposes 0.6564134766972552 favors 0.3412113703224945 __DUMMY__ 0.0023751529802501785	false	1.0
N1741	opposes 1.0	opposes 1.0	opposes 0.7561578522468397 favors 0.24145521927374117 __DUMMY__ 0.002386928479419084	false	1.0
N1746	opposes 1.0	opposes 1.0	opposes 0.6953702828122089 favors 0.3020396090261061 __DUMMY__ 0.0025901081616850033	false	1.0
N1747	opposes 1.0	opposes 1.0	opposes 0.7259567454095743 favors 0.27160758972083865 __DUMMY__ 0.0024356648695869486	false	1.0
N1744	opposes 1.0		favors 0.4999082154314918 opposes 0.48867423612511296 __DUMMY__ 0.011417548443395351	true	0.5
N1745	opposes 1.0	opposes 1.0	opposes 0.7373140901892848 favors 0.2602621853261597 __DUMMY__ 0.0024237244845554604	false	1.0
N1748	favors 1.0	favors 1.0	favors 0.764221127833894 opposes 0.23353390174871494 __DUMMY__ 0.0022449704173911314	false	1.0
N1749	opposes 1.0	opposes 1.0	opposes 0.7239073087102001 favors 0.2733770212052678 __DUMMY__ 0.0027156700845320353	false	1.0
N1731	favors 1.0	favors 1.0	favors 0.7554947504421178 opposes 0.24203299880020657 __DUMMY__ 0.002472250757675633	false	1.0
N1732	favors 1.0	favors 1.0	favors 0.7615202220178184 opposes 0.23626128717473757 __DUMMY__ 0.0022184908074440735	false	1.0
N1730	opposes 1.0		favors 0.5104149882251615 opposes 0.4773707773421222 __DUMMY__ 0.012214234432716313	true	0.5
N1735	opposes 1.0	opposes 1.0	opposes 0.7332319509075271 favors 0.26397272915246484 __DUMMY__ 0.002795319940008011	false	1.0
N1736	opposes 1.0		favors 0.5207849876354257 opposes 0.46822752354976643 __DUMMY__ 0.010987488814807794	true	0.5
N1733	favors 1.0	favors 1.0	favors 0.7786766785143103 opposes 0.21830857304301832 __DUMMY__ 0.0030147484426713664	false	1.0
N1734	favors 1.0	favors 1.0	favors 0.762909135798366 opposes 0.23449404049173353 __DUMMY__ 0.0025968237099006086	false	1.0
N1739	favors 1.0	favors 1.0	favors 0.781848737326927 opposes 0.21562818025717825 __DUMMY__ 0.0025230824158948206	false	1.0
N1737	favors 1.0	favors 1.0	favors 0.7646635904381043 opposes 0.2330137646944884 __DUMMY__ 0.002322644867407276	false	1.0
N1738	favors 1.0		favors 0.5402227636410432 opposes 0.4477835752504056 __DUMMY__ 0.011993661108551134	true	1.0
N1720	favors 1.0	favors 1.0	favors 0.7844092798043328 opposes 0.2132591666854801 __DUMMY__ 0.0023315535101870594	false	1.0
N1721	favors 1.0	favors 1.0	favors 0.802412871362109 opposes 0.1954049490770055 __DUMMY__ 0.0021821795608853345	false	1.0
N1724	favors 1.0	favors 1.0	favors 0.7741574998080171 opposes 0.22342300247237584 __DUMMY__ 0.002419497719607089	false	1.0
N1725	favors 1.0	favors 1.0	favors 0.7420409559879138 opposes 0.2557004679184034 __DUMMY__ 0.002258576093682833	false	1.0
N1722	opposes 1.0	opposes 1.0	opposes 0.7468477207724205 favors 0.2509343058731066 __DUMMY__ 0.002217973354472919	false	1.0
N1723	favors 1.0	favors 1.0	favors 0.7416051101808258 opposes 0.25616985182307506 __DUMMY__ 0.002225037996099265	false	1.0
N1728	opposes 1.0	opposes 1.0	opposes 0.7240035227746721 favors 0.2734853123126244 __DUMMY__ 0.0025111649127034508	false	1.0
N1729	favors 1.0	favors 1.0	favors 0.7690337345031844 opposes 0.22869488885622466 __DUMMY__ 0.002271376640591067	false	1.0
N1726	opposes 1.0	opposes 1.0	opposes 0.7381477502297783 favors 0.25935751066068635 __DUMMY__ 0.0024947391095354126	false	1.0
N1727	favors 1.0		favors 0.5769750047530303 opposes 0.4111028844616148 __DUMMY__ 0.011922110785354949	true	1.0
N1710	favors 1.0	favors 1.0	favors 0.745231669196526 opposes 0.25244069896905613 __DUMMY__ 0.00232763183441791	false	1.0
N1713	opposes 1.0	opposes 1.0	opposes 0.7009633662186285 favors 0.2967592646665179 __DUMMY__ 0.002277369114853567	false	1.0
N1714	opposes 1.0	opposes 1.0	opposes 0.6962160001773768 favors 0.3017256928328323 __DUMMY__ 0.002058306989790842	false	1.0
N1711	opposes 1.0	opposes 1.0	opposes 0.6919069018885639 favors 0.3059685541700595 __DUMMY__ 0.0021245439413766646	false	1.0
N1712	favors 1.0	favors 1.0	favors 0.7469771505050968 opposes 0.25038988216945923 __DUMMY__ 0.002632967325443856	false	1.0
N1717	favors 1.0	favors 1.0	favors 0.7353666472785083 opposes 0.2620842377380026 __DUMMY__ 0.002549114983489187	false	1.0
N1718	favors 1.0	favors 1.0	favors 0.7519943194636005 opposes 0.24596461835546615 __DUMMY__ 0.002041062180933319	false	1.0
N1715	opposes 1.0		favors 0.5032673097123713 opposes 0.48541480168646184 __DUMMY__ 0.01131788860116685	true	0.5
N1716	opposes 1.0	opposes 1.0	opposes 0.6949562752298772 favors 0.30265147887095045 __DUMMY__ 0.0023922458991723922	false	1.0
N1719	favors 1.0	favors 1.0	favors 0.7701437846018273 opposes 0.2277225094977238 __DUMMY__ 0.0021337059004489893	false	1.0
N1782	favors 1.0	favors 1.0	favors 0.743841216472933 opposes 0.25381012036554923 __DUMMY__ 0.002348663161517722	false	1.0
N1783	opposes 1.0		opposes 0.5060879291418388 favors 0.48211601387845726 __DUMMY__ 0.011796056979703934	true	1.0
N1780	favors 1.0	favors 1.0	favors 0.7433962887645967 opposes 0.25428847315608305 __DUMMY__ 0.0023152380793201466	false	1.0
N1781	favors 1.0	favors 1.0	favors 0.7742075910883758 opposes 0.2232867849640525 __DUMMY__ 0.0025056239475716724	false	1.0
N1302	opposes 1.0	opposes 1.0	opposes 0.6885504919592932 favors 0.3086645697328138 __DUMMY__ 0.002784938307893093	false	1.0
N1786	favors 1.0	favors 1.0	favors 0.7646358840140632 opposes 0.23298893524679098 __DUMMY__ 0.0023751807391457925	false	1.0
N1303	favors 1.0	favors 1.0	favors 0.7577817220238633 opposes 0.23978383837965872 __DUMMY__ 0.002434439596477876	false	1.0
N1787	opposes 1.0	opposes 1.0	opposes 0.7241124905430694 favors 0.2730019403350189 __DUMMY__ 0.0028855691219117343	false	1.0
N1300	favors 1.0	favors 1.0	favors 0.7508758301136821 opposes 0.24680904221017128 __DUMMY__ 0.002315127676146686	false	1.0
N1784	opposes 1.0	opposes 1.0	opposes 0.6936420629221589 favors 0.30360209214332096 __DUMMY__ 0.0027558449345200494	false	1.0
N1301	favors 1.0	favors 1.0	favors 0.7563976397731501 opposes 0.24151780235923095 __DUMMY__ 0.0020845578676189766	false	1.0
N1785	opposes 1.0	opposes 1.0	opposes 0.7263031926788952 favors 0.2711121338554063 __DUMMY__ 0.002584673465698479	false	1.0
N1306	opposes 1.0	opposes 1.0	opposes 0.7025518407602726 favors 0.2952815702010116 __DUMMY__ 0.0021665890387157546	false	1.0
N1307	favors 1.0	favors 1.0	favors 0.7508547705741361 opposes 0.2465827923509537 __DUMMY__ 0.002562437074910227	false	1.0
N1304	opposes 1.0		opposes 0.5081453091769376 favors 0.4801325934702633 __DUMMY__ 0.011722097352799086	true	1.0
N1788	opposes 1.0		favors 0.5340690765150717 opposes 0.4542098485669799 __DUMMY__ 0.011721074917948392	true	0.5
N1305	opposes 1.0	opposes 1.0	opposes 0.721921614620171 favors 0.2760142533311726 __DUMMY__ 0.0020641320486563964	false	1.0
N1789	favors 1.0		favors 0.5433422364530632 opposes 0.445328032439986 __DUMMY__ 0.011329731106950638	true	1.0
N1308	favors 1.0	favors 1.0	favors 0.7751540871671287 opposes 0.22247601760783003 __DUMMY__ 0.0023698952250412494	false	1.0
N1309	opposes 1.0	opposes 1.0	opposes 0.6680958223737079 favors 0.3296870458923896 __DUMMY__ 0.0022171317339024187	false	1.0
N1771	favors 1.0		favors 0.5604633526483151 opposes 0.42851808279484915 __DUMMY__ 0.01101856455683573	true	1.0
N1772	opposes 1.0	opposes 1.0	opposes 0.7247450710772984 favors 0.2728093429686941 __DUMMY__ 0.002445585954007517	false	1.0
N1770	favors 1.0	favors 1.0	favors 0.7625233094285156 opposes 0.23510701761820751 __DUMMY__ 0.002369672953276916	false	1.0
N1775	favors 1.0	favors 1.0	favors 0.7377195701819561 opposes 0.25965245608542775 __DUMMY__ 0.0026279737326162732	false	1.0
N1776	favors 1.0	favors 1.0	favors 0.7531813182625315 opposes 0.24468001416554927 __DUMMY__ 0.0021386675719191396	false	1.0
N1773	opposes 1.0		favors 0.5884824698111619 opposes 0.3993749044446576 __DUMMY__ 0.012142625744180513	true	0.5
N2620	favors 1.0	favors 1.0	favors 0.7367522881053564 opposes 0.2609001493524925 __DUMMY__ 0.0023475625421510416	false	1.0
N1774	opposes 1.0	opposes 1.0	opposes 0.695231174683473 favors 0.30229307619517626 __DUMMY__ 0.002475749121350745	false	1.0
N1779	opposes 1.0	opposes 1.0	opposes 0.7443663006104364 favors 0.25332662642834386 __DUMMY__ 0.002307072961219693	false	1.0
N1777	favors 1.0	favors 1.0	favors 0.7704550640684544 opposes 0.22730362442458163 __DUMMY__ 0.0022413115069640226	false	1.0
N1778	favors 1.0	favors 1.0	favors 0.8008058223615631 opposes 0.1969093651837823 __DUMMY__ 0.002284812454654512	false	1.0
N901	favors 1.0	favors 1.0	favors 0.7397487242157521 opposes 0.25746539592247253 __DUMMY__ 0.002785879861775341	false	1.0
N902	opposes 1.0		favors 0.5322107712468713 opposes 0.45622475557354103 __DUMMY__ 0.01156447317958757	true	0.5
N903	opposes 1.0	opposes 1.0	opposes 0.7061520822413831 favors 0.2915117993218761 __DUMMY__ 0.002336118436740727	false	1.0
N904	opposes 1.0	opposes 1.0	opposes 0.7301810261259083 favors 0.2672368650921541 __DUMMY__ 0.0025821087819376054	false	1.0
N1760	opposes 1.0	opposes 1.0	opposes 0.6739341466566384 favors 0.3237482308141346 __DUMMY__ 0.002317622529226971	false	1.0
N1761	opposes 1.0	opposes 1.0	opposes 0.7518210029630639 favors 0.24584347119668784 __DUMMY__ 0.0023355258402483437	false	1.0
N900	opposes 1.0	opposes 1.0	opposes 0.7019704776219969 favors 0.2956665349997479 __DUMMY__ 0.002362987378255104	false	1.0
N909	opposes 1.0	opposes 1.0	opposes 0.7036271608796116 favors 0.2939587037075021 __DUMMY__ 0.002414135412886259	false	1.0
N1764	opposes 1.0		favors 0.5006592679040959 opposes 0.48789854890233 __DUMMY__ 0.011442183193574033	true	0.5
N2611	favors 1.0		opposes 0.49596799502507505 favors 0.49219281277596116 __DUMMY__ 0.011839192198963658	true	0.5
N1765	favors 1.0	favors 1.0	favors 0.7350532462955691 opposes 0.26254785622891835 __DUMMY__ 0.0023988974755124602	false	1.0
N2612	favors 1.0		favors 0.5210187630952487 opposes 0.46798534470577213 __DUMMY__ 0.010995892198979172	true	1.0
N1762	opposes 1.0	opposes 1.0	opposes 0.7290946986079078 favors 0.26856146963736155 __DUMMY__ 0.002343831754730629	false	1.0
N1763	opposes 1.0	opposes 1.0	opposes 0.6996096205781939 favors 0.29786144058032943 __DUMMY__ 0.0025289388414767473	false	1.0
N2610	opposes 1.0	opposes 1.0	opposes 0.7018523091604831 favors 0.29567162593533486 __DUMMY__ 0.0024760649041819737	false	1.0
N905	opposes 1.0		favors 0.561059495839753 opposes 0.42675682734326315 __DUMMY__ 0.012183676816983988	true	0.5
N1768	opposes 1.0	opposes 1.0	opposes 0.6922725070709032 favors 0.3055129872854706 __DUMMY__ 0.002214505643626286	false	1.0
N2615	opposes 1.0	opposes 1.0	opposes 0.6868757388812742 favors 0.3107071008025672 __DUMMY__ 0.002417160316158696	false	1.0
N906	opposes 1.0		favors 0.5416544073414802 opposes 0.4466049880875493 __DUMMY__ 0.011740604570970651	true	0.5
N1769	favors 1.0	favors 1.0	favors 0.7484702105122776 opposes 0.24882864460879284 __DUMMY__ 0.002701144878929615	false	1.0
N2616	favors 1.0	favors 1.0	favors 0.7937254115114533 opposes 0.20399162624815495 __DUMMY__ 0.002282962240391918	false	1.0
N907	favors 1.0	favors 1.0	favors 0.7297533804616185 opposes 0.26751250735831567 __DUMMY__ 0.002734112180065799	false	1.0
N1766	favors 1.0	favors 1.0	favors 0.7783577316064767 opposes 0.21907191038091495 __DUMMY__ 0.0025703580126082664	false	1.0
N2613	opposes 1.0	opposes 1.0	opposes 0.7000123963983022 favors 0.29774875469524326 __DUMMY__ 0.0022388489064545285	false	1.0
N908	favors 1.0	favors 1.0	favors 0.744000246379494 opposes 0.25369600023521066 __DUMMY__ 0.0023037533852951955	false	1.0
N1767	favors 1.0		favors 0.5214651810849243 opposes 0.4670225486518636 __DUMMY__ 0.011512270263211931	true	1.0
N2614	opposes 1.0	opposes 1.0	opposes 0.7086970447467429 favors 0.2887098447702768 __DUMMY__ 0.002593110482980324	false	1.0
N2619	opposes 1.0		favors 0.5600274524956502 opposes 0.42832380322789704 __DUMMY__ 0.011648744276452698	true	0.5
N2617	favors 1.0	favors 1.0	favors 0.7129045735090341 opposes 0.28478986949426915 __DUMMY__ 0.0023055569966967536	false	1.0
N2618	favors 1.0	favors 1.0	favors 0.736435111662522 opposes 0.26125108014230025 __DUMMY__ 0.002313808195177658	false	1.0
N1750	favors 1.0	favors 1.0	favors 0.753208628816921 opposes 0.24439364956540072 __DUMMY__ 0.0023977216176783557	false	1.0
N1753	favors 1.0	favors 1.0	favors 0.7709293257542673 opposes 0.22626643039960972 __DUMMY__ 0.0028042438461230138	false	1.0
N2600	opposes 1.0	opposes 1.0	opposes 0.7279469129799904 favors 0.26971368621684444 __DUMMY__ 0.002339400803165226	false	1.0
N1754	favors 1.0		favors 0.544655175701027 opposes 0.4436800532641253 __DUMMY__ 0.011664771034847565	true	1.0
N2601	favors 1.0	favors 1.0	favors 0.7282405850277035 opposes 0.26936107948560517 __DUMMY__ 0.002398335486691302	false	1.0
N1751	favors 1.0		favors 0.5425900572515908 opposes 0.4463100126351241 __DUMMY__ 0.011099930113284993	true	1.0
N1752	favors 1.0	favors 1.0	favors 0.7294994301218352 opposes 0.26802873339348626 __DUMMY__ 0.002471836484678613	false	1.0
N1757	favors 1.0	favors 1.0	favors 0.760181632465486 opposes 0.2375418533344537 __DUMMY__ 0.0022765142000602287	false	1.0
N2604	opposes 1.0	opposes 1.0	opposes 0.698297286807172 favors 0.29949063562801487 __DUMMY__ 0.002212077564813184	false	1.0
N1758	favors 1.0		favors 0.5328887098467963 opposes 0.4552150081182404 __DUMMY__ 0.011896282034963212	true	1.0
N2605	favors 1.0	favors 1.0	favors 0.7415906481643105 opposes 0.2557055768148862 __DUMMY__ 0.0027037750208032812	false	1.0
N1755	opposes 1.0	opposes 1.0	opposes 0.7337709566854174 favors 0.26358258352340536 __DUMMY__ 0.002646459791177257	false	1.0
N2602	favors 1.0	favors 1.0	favors 0.7716251507354208 opposes 0.22580318990765333 __DUMMY__ 0.002571659356925952	false	1.0
N1756	opposes 1.0		favors 0.5175372180178281 opposes 0.4713761943159849 __DUMMY__ 0.011086587666187031	true	0.5
N2603	favors 1.0	favors 1.0	favors 0.7399924791519135 opposes 0.25759703083025304 __DUMMY__ 0.0024104900178334348	false	1.0
N2608	opposes 1.0	opposes 1.0	opposes 0.7322191904699188 favors 0.2653351719549392 __DUMMY__ 0.0024456375751419606	false	1.0
N2609	opposes 1.0		favors 0.5745026205105908 opposes 0.41336080072723896 __DUMMY__ 0.012136578762170235	true	0.5
N1759	favors 1.0	favors 1.0	favors 0.7741229068622558 opposes 0.2234341681988583 __DUMMY__ 0.0024429249388858844	false	1.0
N2606	opposes 1.0	opposes 1.0	opposes 0.7077855453852581 favors 0.28984561538036935 __DUMMY__ 0.002368839234372651	false	1.0
N2607	opposes 1.0	opposes 1.0	opposes 0.703202241470318 favors 0.29463859915650586 __DUMMY__ 0.0021591593731761106	false	1.0
N923	favors 1.0	favors 1.0	favors 0.7320225953778978 opposes 0.265496272120015 __DUMMY__ 0.0024811325020872767	false	1.0
N924	favors 1.0	favors 1.0	favors 0.775442521505365 opposes 0.22172839730139798 __DUMMY__ 0.002829081193237133	false	1.0
N925	favors 1.0	favors 1.0	favors 0.7626323671616703 opposes 0.23485887938447125 __DUMMY__ 0.002508753453858383	false	1.0
N926	opposes 1.0	opposes 1.0	opposes 0.730719630021358 favors 0.26661735475573894 __DUMMY__ 0.002663015222903112	false	1.0
N1342	opposes 1.0	opposes 1.0	opposes 0.7155448145735452 favors 0.2823967684849477 __DUMMY__ 0.002058416941507075	false	1.0
N920	opposes 1.0	opposes 1.0	opposes 0.7207601322367984 favors 0.27650663246843404 __DUMMY__ 0.0027332352947675824	false	1.0
N1343	favors 1.0	favors 1.0	favors 0.7660557578302966 opposes 0.23179504482486407 __DUMMY__ 0.0021491973448393127	false	1.0
N921	favors 1.0	favors 1.0	favors 0.7565845786893677 opposes 0.2410118600384768 __DUMMY__ 0.0024035612721556	false	1.0
N1340	favors 1.0	favors 1.0	favors 0.7643855679957547 opposes 0.233219308776616 __DUMMY__ 0.002395123227629295	false	1.0
N922	favors 1.0		favors 0.5496068095139445 opposes 0.43931707289872035 __DUMMY__ 0.011076117587335045	true	1.0
N1341	opposes 1.0	opposes 1.0	opposes 0.7293611715929219 favors 0.2680942232341384 __DUMMY__ 0.00254460517293969	false	1.0
N1346	opposes 1.0	opposes 1.0	opposes 0.7487533614592299 favors 0.24901856170397216 __DUMMY__ 0.002228076836798035	false	1.0
N1347	opposes 1.0	opposes 1.0	opposes 0.724831127594962 favors 0.27293392090509166 __DUMMY__ 0.002234951499946147	false	1.0
N1344	favors 1.0	favors 1.0	favors 0.7580411528980763 opposes 0.2394466862189861 __DUMMY__ 0.002512160882937686	false	1.0
N1345	favors 1.0	favors 1.0	favors 0.7968888088761024 opposes 0.20091618217580903 __DUMMY__ 0.002195008948088581	false	1.0
N927	opposes 1.0		favors 0.5231417443673625 opposes 0.46579345858500953 __DUMMY__ 0.011064797047627788	true	0.5
N928	favors 1.0		favors 0.5549096078639969 opposes 0.43388360175847 __DUMMY__ 0.011206790377532935	true	1.0
N929	favors 1.0	favors 1.0	favors 0.7563559713142131 opposes 0.2410192682534643 __DUMMY__ 0.002624760432322579	false	1.0
N1348	favors 1.0	favors 1.0	favors 0.7700681874408499 opposes 0.22751047243332706 __DUMMY__ 0.0024213401258231303	false	1.0
N1349	opposes 1.0	opposes 1.0	opposes 0.7243214455259076 favors 0.2734113142181917 __DUMMY__ 0.002267240255900709	false	1.0
N912	favors 1.0		favors 0.5909581156299872 opposes 0.39762350331392693 __DUMMY__ 0.011418381056085891	true	1.0
N913	favors 1.0		favors 0.5025501706808548 opposes 0.4859534402057558 __DUMMY__ 0.01149638911338936	true	1.0
N914	opposes 1.0		favors 0.5499119248059207 opposes 0.438298271866165 __DUMMY__ 0.011789803327914251	true	0.5
N915	favors 1.0	favors 1.0	favors 0.7356169305587295 opposes 0.2618939125668732 __DUMMY__ 0.0024891568743973646	false	1.0
N1331	favors 1.0		favors 0.506207012419973 opposes 0.48258200958104824 __DUMMY__ 0.011210977998978766	true	1.0
N1332	opposes 1.0	opposes 1.0	opposes 0.7335973769878837 favors 0.26408038704768905 __DUMMY__ 0.002322235964427181	false	1.0
N910	opposes 1.0	opposes 1.0	opposes 0.710837675490078 favors 0.28646684341467216 __DUMMY__ 0.00269548109524976	false	1.0
N911	favors 1.0		favors 0.5657209417822817 opposes 0.422600350312386 __DUMMY__ 0.011678707905332214	true	1.0
N1330	favors 1.0	favors 1.0	favors 0.770424430793594 opposes 0.22712272387812116 __DUMMY__ 0.0024528453282848944	false	1.0
N1335	favors 1.0	favors 1.0	favors 0.769284965699322 opposes 0.2285769844085838 __DUMMY__ 0.002138049892094218	false	1.0
N1336	opposes 1.0	opposes 1.0	opposes 0.7194020169971294 favors 0.2779722653372286 __DUMMY__ 0.0026257176656420337	false	1.0
N1333	favors 1.0	favors 1.0	favors 0.7744902932964562 opposes 0.22301828170048435 __DUMMY__ 0.0024914250030593915	false	1.0
N1334	favors 1.0	favors 1.0	favors 0.7427028640873657 opposes 0.2549639171398771 __DUMMY__ 0.0023332187727571007	false	1.0
N916	opposes 1.0	opposes 1.0	opposes 0.7347634422106339 favors 0.26280667749893993 __DUMMY__ 0.002429880290426033	false	1.0
N1339	favors 1.0		favors 0.5804599586622461 opposes 0.4075650081692608 __DUMMY__ 0.011975033168493143	true	1.0
N917	opposes 1.0	opposes 1.0	opposes 0.6910267260643712 favors 0.3063700815852935 __DUMMY__ 0.0026031923503352676	false	1.0
N918	opposes 1.0	opposes 1.0	opposes 0.7229368440248063 favors 0.274620766391142 __DUMMY__ 0.002442389584051631	false	1.0
N1337	favors 1.0	favors 1.0	favors 0.7583165691284723 opposes 0.23939802141216118 __DUMMY__ 0.00228540945936646	false	1.0
N919	favors 1.0	favors 1.0	favors 0.7676361153922225 opposes 0.23011943584278663 __DUMMY__ 0.00224444876499088	false	1.0
N1338	favors 1.0	favors 1.0	favors 0.7632707239691716 opposes 0.23465320146517965 __DUMMY__ 0.0020760745656488006	false	1.0
N940	opposes 1.0	opposes 1.0	opposes 0.7218886267796618 favors 0.2753254933585629 __DUMMY__ 0.002785879861775342	false	1.0
N945	favors 1.0	favors 1.0	favors 0.7563067002354421 opposes 0.24109508806331068 __DUMMY__ 0.00259821170124721	false	1.0
N946	opposes 1.0		opposes 0.49428201400218613 favors 0.49378201136790234 __DUMMY__ 0.011935974629911408	true	1.0
N947	opposes 1.0	opposes 1.0	opposes 0.7186604764785987 favors 0.27903577013610614 __DUMMY__ 0.002303753385295196	false	1.0
N948	favors 1.0	favors 1.0	favors 0.7510805440830477 opposes 0.24622397482170252 __DUMMY__ 0.00269548109524976	false	1.0
N941	favors 1.0	favors 1.0	favors 0.7510075495505392 opposes 0.24648017172624617 __DUMMY__ 0.0025122787232146403	false	1.0
N1320	favors 1.0	favors 1.0	favors 0.7310217618046981 opposes 0.26659201929070275 __DUMMY__ 0.002386218904599116	false	1.0
N942	favors 1.0	favors 1.0	favors 0.7552126230652142 opposes 0.2424512584980451 __DUMMY__ 0.0023361184367407285	false	1.0
N1321	favors 1.0	favors 1.0	favors 0.7785501029781167 opposes 0.21868746472222278 __DUMMY__ 0.0027624322996605325	false	1.0
N943	favors 1.0	favors 1.0	favors 0.730173856306283 opposes 0.26724403491177934 __DUMMY__ 0.002582108781937605	false	1.0
N944	opposes 1.0	opposes 1.0	opposes 0.6932569224944182 favors 0.30386670741969435 __DUMMY__ 0.0028763700858876087	false	1.0
N1324	opposes 1.0	opposes 1.0	opposes 0.7156516655051344 favors 0.28228651691819695 __DUMMY__ 0.002061817576668731	false	1.0
N1325	favors 1.0	favors 1.0	favors 0.766084659119942 opposes 0.23175430514400636 __DUMMY__ 0.0021610357360516874	false	1.0
N1322	favors 1.0	favors 1.0	favors 0.7643078906415949 opposes 0.23326886571173086 __DUMMY__ 0.0024232436466741325	false	1.0
N1323	opposes 1.0	opposes 1.0	opposes 0.7304001986205801 favors 0.2670132083211088 __DUMMY__ 0.002586593058310975	false	1.0
N949	favors 1.0	favors 1.0	favors 0.7696651086046923 opposes 0.22778840057657573 __DUMMY__ 0.0025464908187319652	false	1.0
N1328	opposes 1.0	opposes 1.0	opposes 0.7511022328349701 favors 0.24665456632638655 __DUMMY__ 0.0022432008386433005	false	1.0
N1329	opposes 1.0	opposes 1.0	opposes 0.7255464909053766 favors 0.2722025195790406 __DUMMY__ 0.0022509895155828127	false	1.0
N1326	favors 1.0	favors 1.0	favors 0.75755401752291 opposes 0.23989769851304468 __DUMMY__ 0.0025482839640454114	false	1.0
N1327	favors 1.0	favors 1.0	favors 0.7993033018761057 opposes 0.19848628794027368 __DUMMY__ 0.002210410183620677	false	1.0
N934	favors 1.0	favors 1.0	favors 0.7681597633631643 opposes 0.2292999840290732 __DUMMY__ 0.0025402526077625844	false	1.0
N935	opposes 1.0		favors 0.5058695745885587 opposes 0.48269807055868347 __DUMMY__ 0.011432354852757648	true	0.5
N1790	opposes 1.0	opposes 1.0	opposes 0.734837182918255 favors 0.2625193443416437 __DUMMY__ 0.0026434727401013517	false	1.0
N936	opposes 1.0	opposes 1.0	opposes 0.7338825576340389 favors 0.2635924748588572 __DUMMY__ 0.0025249675071039404	false	1.0
N937	opposes 1.0	opposes 1.0	opposes 0.6967150768307009 favors 0.3006078216740107 __DUMMY__ 0.002677101495288395	false	1.0
N930	favors 1.0	favors 1.0	favors 0.7781983954551331 opposes 0.219351491593741 __DUMMY__ 0.0024501129511258256	false	1.0
N1793	opposes 1.0		opposes 0.5010109356583123 favors 0.48679590592386157 __DUMMY__ 0.012193158417826089	true	1.0
N931	opposes 1.0		favors 0.611628124644874 opposes 0.37709116648905894 __DUMMY__ 0.011280708866066923	true	0.5
N1310	opposes 1.0	opposes 1.0	opposes 0.7582386201459042 favors 0.23951167262782289 __DUMMY__ 0.002249707226273037	false	1.0
N1794	opposes 1.0		favors 0.5166483414530012 opposes 0.4720509891713614 __DUMMY__ 0.011300669375637472	true	0.5
N932	opposes 1.0	opposes 1.0	opposes 0.7497711662023651 favors 0.24789033366529617 __DUMMY__ 0.002338500132338778	false	1.0
N1791	favors 1.0	favors 1.0	favors 0.7718902480747383 opposes 0.22509775744611266 __DUMMY__ 0.003011994479149032	false	1.0
N933	opposes 1.0	opposes 1.0	opposes 0.7261328941009418 favors 0.27151988482959627 __DUMMY__ 0.002347221069461807	false	1.0
N1792	favors 1.0	favors 1.0	favors 0.7591765048950367 opposes 0.23816357897673732 __DUMMY__ 0.002659916128225995	false	1.0
N1313	opposes 1.0		opposes 0.5001660567655314 favors 0.4884832780931351 __DUMMY__ 0.011350665141333618	true	1.0
N1797	favors 1.0		favors 0.5747638220122988 opposes 0.4133932010280791 __DUMMY__ 0.01184297695962209	true	1.0
N1314	favors 1.0	favors 1.0	favors 0.7751512912783439 opposes 0.22232274340144648 __DUMMY__ 0.0025259653202095787	false	1.0
N1798	opposes 1.0	opposes 1.0	opposes 0.6704085054715065 favors 0.32711286285965857 __DUMMY__ 0.002478631668834979	false	1.0
N1311	opposes 1.0	opposes 1.0	opposes 0.7322247338664287 favors 0.26551744891767637 __DUMMY__ 0.0022578172158949123	false	1.0
N1795	opposes 1.0		favors 0.548302376290761 opposes 0.44021329595773784 __DUMMY__ 0.011484327751501275	true	0.5
N1312	opposes 1.0	opposes 1.0	opposes 0.7318196878536806 favors 0.26588660469993836 __DUMMY__ 0.0022937074463810834	false	1.0
N1796	favors 1.0	favors 1.0	favors 0.7527300087741655 opposes 0.24449056128087016 __DUMMY__ 0.0027794299449643285	false	1.0
N938	opposes 1.0		favors 0.5077973686259478 opposes 0.4805399059780311 __DUMMY__ 0.01166272539602111	true	0.5
N1317	opposes 1.0	opposes 1.0	opposes 0.7197483536906205 favors 0.277583017189905 __DUMMY__ 0.0026686291194745137	false	1.0
N939	favors 1.0	favors 1.0	favors 0.7612611551767501 opposes 0.23637585744499479 __DUMMY__ 0.0023629873782551043	false	1.0
N1318	favors 1.0	favors 1.0	favors 0.7577738692992355 opposes 0.2399196950363583 __DUMMY__ 0.0023064356644062335	false	1.0
N1315	opposes 1.0	opposes 1.0	opposes 0.7221306414756501 favors 0.2755139412536362 __DUMMY__ 0.0023554172707136957	false	1.0
N1799	opposes 1.0	opposes 1.0	opposes 0.7538535378642344 favors 0.2436683029018795 __DUMMY__ 0.0024781592338861767	false	1.0
N1316	favors 1.0	favors 1.0	favors 0.7695925085327623 opposes 0.2282612005758162 __DUMMY__ 0.0021462908914214028	false	1.0
N1319	opposes 1.0	opposes 1.0	opposes 0.6994741390585867 favors 0.29844438256430167 __DUMMY__ 0.0020814783771116157	false	1.0
N960	favors 1.0	favors 1.0	favors 0.7637152452021286 opposes 0.23369772087103471 __DUMMY__ 0.002587033926836607	false	1.0
N961	favors 1.0	favors 1.0	favors 0.7315868944824802 opposes 0.26566135447447525 __DUMMY__ 0.0027517510430446835	false	1.0
N962	opposes 1.0	opposes 1.0	opposes 0.7162179132479859 favors 0.2815495750851943 __DUMMY__ 0.002232511666819861	false	1.0
N967	opposes 1.0		favors 0.5645847604311364 opposes 0.42354726777519935 __DUMMY__ 0.011867971793664264	true	0.5
N1382	favors 1.0		favors 0.6205454854630151 opposes 0.36819118681751983 __DUMMY__ 0.01126332771946525	true	1.0
N968	favors 1.0	favors 1.0	favors 0.7383346238377969 opposes 0.2592109832189137 __DUMMY__ 0.0024543929432893348	false	1.0
N1383	opposes 1.0	opposes 1.0	opposes 0.7428586172450747 favors 0.25482319848927043 __DUMMY__ 0.002318184265654928	false	1.0
N2230	opposes 1.0	opposes 1.0	opposes 0.7261488180767266 favors 0.27140144428213314 __DUMMY__ 0.002449737641140416	false	1.0
N969	favors 1.0	favors 1.0	favors 0.7322427948815566 opposes 0.2653992410389932 __DUMMY__ 0.0023579640794501064	false	1.0
N1380	favors 1.0		favors 0.5504248466424667 opposes 0.4377116777106819 __DUMMY__ 0.011863475646851458	true	1.0
N1381	favors 1.0	favors 1.0	favors 0.783408941778822 opposes 0.21416605078706752 __DUMMY__ 0.0024250074341104874	false	1.0
N963	opposes 1.0	opposes 1.0	opposes 0.6974272227678617 favors 0.30021768586114383 __DUMMY__ 0.002355091370994425	false	1.0
N1386	opposes 1.0	opposes 1.0	opposes 0.7194127831876421 favors 0.27822864209579157 __DUMMY__ 0.002358574716566386	false	1.0
N2233	favors 1.0	favors 1.0	favors 0.7361829337351511 opposes 0.26118487231261917 __DUMMY__ 0.0026321939522296607	false	1.0
N964	favors 1.0	favors 1.0	favors 0.7969739566418428 opposes 0.20062791861026974 __DUMMY__ 0.0023981247478875277	false	1.0
N1387	opposes 1.0	opposes 1.0	opposes 0.736406753197281 favors 0.2610775147278696 __DUMMY__ 0.002515732074849348	false	1.0
N2234	favors 1.0	favors 1.0	favors 0.7518260217777529 opposes 0.24603194573309253 __DUMMY__ 0.002142032489154475	false	1.0
N965	favors 1.0		opposes 0.5280225901447486 favors 0.4604839166741197 __DUMMY__ 0.01149349318113175	true	0.5
N1384	favors 1.0	favors 1.0	favors 0.7444128080905805 opposes 0.2532610032505778 __DUMMY__ 0.0023261886588416686	false	1.0
N2231	favors 1.0		favors 0.5856133532773138 opposes 0.40224229377546605 __DUMMY__ 0.012144352947220056	true	1.0
N966	favors 1.0		favors 0.505644083671568 opposes 0.48285627535469255 __DUMMY__ 0.0114996409737393	true	1.0
N1385	favors 1.0	favors 1.0	favors 0.7740917520476623 opposes 0.22339830964544607 __DUMMY__ 0.002509938306891693	false	1.0
N2232	opposes 1.0	opposes 1.0	opposes 0.6965202691274507 favors 0.301000150751853 __DUMMY__ 0.0024795801206963343	false	1.0
N2237	opposes 1.0	opposes 1.0	opposes 0.6817515027122482 favors 0.3158272187698271 __DUMMY__ 0.002421278517924614	false	1.0
N2238	favors 1.0	favors 1.0	favors 0.7992833953692362 opposes 0.1984277459362789 __DUMMY__ 0.0022888586944848754	false	1.0
N1388	opposes 1.0		favors 0.570613799363562 opposes 0.4173771208778188 __DUMMY__ 0.012009079758619173	true	0.5
N2235	favors 1.0	favors 1.0	favors 0.7688830249765782 opposes 0.22887159538211355 __DUMMY__ 0.0022453796413082843	false	1.0
N1389	opposes 1.0	opposes 1.0	opposes 0.7239365872737797 favors 0.27353303658620576 __DUMMY__ 0.0025303761400145295	false	1.0
N2236	opposes 1.0		favors 0.5475366224914419 opposes 0.4406138287558598 __DUMMY__ 0.011849548752698296	true	0.5
N2239	favors 1.0	favors 1.0	favors 0.7185953703913645 opposes 0.27909402917785886 __DUMMY__ 0.0023106004307766733	false	1.0
N950	opposes 1.0		opposes 0.5230060461993681 favors 0.46549901813956684 __DUMMY__ 0.011494935661065	true	1.0
N951	opposes 1.0	opposes 1.0	opposes 0.7264301855073183 favors 0.2711114291007953 __DUMMY__ 0.002458385391886281	false	1.0
N956	favors 1.0		favors 0.5153406630501919 opposes 0.4724130235790729 __DUMMY__ 0.012246313370735186	true	1.0
N1371	opposes 1.0	opposes 1.0	opposes 0.7148299453699057 favors 0.2824720015533467 __DUMMY__ 0.0026980530767475855	false	1.0
N957	opposes 1.0	opposes 1.0	opposes 0.7055700521327349 favors 0.29194958433615825 __DUMMY__ 0.002480363531106751	false	1.0
N1372	favors 1.0	favors 1.0	favors 0.762864659988009 opposes 0.2347562546398861 __DUMMY__ 0.0023790853721049887	false	1.0
N958	opposes 1.0		favors 0.5517116200257434 opposes 0.43708975069681244 __DUMMY__ 0.011198629277444295	true	0.5
N959	opposes 1.0	opposes 1.0	opposes 0.7305420955281156 favors 0.26689332182704884 __DUMMY__ 0.0025645826448356473	false	1.0
N1370	favors 1.0	favors 1.0	favors 0.7728274245456928 opposes 0.2249441743844869 __DUMMY__ 0.002228401069820368	false	1.0
N952	opposes 1.0	opposes 1.0	opposes 0.7260127044761114 favors 0.27149813864949124 __DUMMY__ 0.0024891568743973646	false	1.0
N1375	favors 1.0	favors 1.0	favors 0.7815524997859947 opposes 0.21566382815702564 __DUMMY__ 0.0027836720569795847	false	1.0
N2222	opposes 1.0	opposes 1.0	opposes 0.7305172507036092 favors 0.26722516916560607 __DUMMY__ 0.0022575801307847835	false	1.0
N953	favors 1.0		opposes 0.4989222090530273 favors 0.48940016244304724 __DUMMY__ 0.011677628503925529	true	0.5
N1376	favors 1.0	favors 1.0	favors 0.7685121971503897 opposes 0.22900685036149898 __DUMMY__ 0.0024809524881114374	false	1.0
N2223	favors 1.0	favors 1.0	favors 0.7336938642897621 opposes 0.2639037140371439 __DUMMY__ 0.002402421673094007	false	1.0
N954	favors 1.0	favors 1.0	favors 0.7740576238694995 opposes 0.2232581880516098 __DUMMY__ 0.0026841880788905596	false	1.0
N1373	favors 1.0	favors 1.0	favors 0.7675368211919257 opposes 0.2302835461619603 __DUMMY__ 0.002179632646114003	false	1.0
N2220	opposes 1.0	opposes 1.0	opposes 0.7309265337037848 favors 0.2668492833074204 __DUMMY__ 0.0022241829887948007	false	1.0
N955	favors 1.0	favors 1.0	favors 0.7415888269106893 opposes 0.2558963576014372 __DUMMY__ 0.002514815487873524	false	1.0
N1374	opposes 1.0	opposes 1.0	opposes 0.7238577116908985 favors 0.2736899396380732 __DUMMY__ 0.0024523486710281922	false	1.0
N2221	favors 1.0	favors 1.0	favors 0.7642281177331196 opposes 0.23335411197506958 __DUMMY__ 0.0024177702918109136	false	1.0
N1379	favors 1.0	favors 1.0	favors 0.7704941426295787 opposes 0.22724921693211717 __DUMMY__ 0.002256640438304081	false	1.0
N2226	opposes 1.0		favors 0.5672444668574651 opposes 0.4215817733613818 __DUMMY__ 0.01117375978115317	true	0.5
N2227	favors 1.0	favors 1.0	favors 0.7470786979110443 opposes 0.2502163348263165 __DUMMY__ 0.0027049672626392796	false	1.0
N1377	opposes 1.0		favors 0.508161432230621 opposes 0.4799716052633962 __DUMMY__ 0.011866962505982688	true	0.5
N2224	favors 1.0	favors 1.0	favors 0.7769488201994796 opposes 0.22047696603867875 __DUMMY__ 0.0025742137618416498	false	1.0
N1378	favors 1.0	favors 1.0	favors 0.7538159091375315 opposes 0.24402838824584247 __DUMMY__ 0.002155702616626142	false	1.0
N2225	favors 1.0	favors 1.0	favors 0.7454164794033582 opposes 0.252169008528354 __DUMMY__ 0.00241451206828783	false	1.0
N2228	opposes 1.0	opposes 1.0	opposes 0.702240944716305 favors 0.2953854867809625 __DUMMY__ 0.002373568502732395	false	1.0
N2229	opposes 1.0		favors 0.5578675716767827 opposes 0.4311125534686843 __DUMMY__ 0.01101987485453314	true	0.5
N981	favors 1.0		favors 0.6224197723888734 opposes 0.36647500951452894 __DUMMY__ 0.01110521809659772	true	1.0
N982	opposes 1.0	opposes 1.0	opposes 0.7474855329599183 favors 0.25025234858760853 __DUMMY__ 0.0022621184524732373	false	1.0
N983	favors 1.0	favors 1.0	favors 0.7407917182799356 opposes 0.2569384701195584 __DUMMY__ 0.0022698116005059397	false	1.0
N500	favors 1.0		favors 0.5517027299964107 opposes 0.43662630761867127 __DUMMY__ 0.011670962384918146	true	1.0
N984	favors 1.0	favors 1.0	favors 0.7726310253819636 opposes 0.2249048982702928 __DUMMY__ 0.0024640763477435565	false	1.0
N980	opposes 1.0	opposes 1.0	opposes 0.7036339138551219 favors 0.29381087616035145 __DUMMY__ 0.0025552099845266634	false	1.0
N505	favors 1.0	favors 1.0	favors 0.7966196771665461 opposes 0.20105028018892152 __DUMMY__ 0.0023300426445322913	false	1.0
N989	favors 1.0	favors 1.0	favors 0.7629669201368267 opposes 0.23484652817411752 __DUMMY__ 0.0021865516890558732	false	1.0
N1360	favors 1.0	favors 1.0	favors 0.7675150752375552 opposes 0.23016622618215307 __DUMMY__ 0.002318698580291697	false	1.0
N506	opposes 1.0		opposes 0.5329009118208812 favors 0.45574036376979893 __DUMMY__ 0.011358724409319822	true	1.0
N1361	opposes 1.0		favors 0.5449165074867612 opposes 0.44309677979117157 __DUMMY__ 0.011986712722067187	true	0.5
N507	opposes 1.0	opposes 1.0	opposes 0.7273330995678121 favors 0.2703095235782455 __DUMMY__ 0.002357376853942427	false	1.0
N508	opposes 1.0	opposes 1.0	opposes 0.6942578553853888 favors 0.30317691738283176 __DUMMY__ 0.0025652272317795233	false	1.0
N501	opposes 1.0		opposes 0.49715642441196234 favors 0.4909125758891496 __DUMMY__ 0.011930999698888044	true	1.0
N985	favors 1.0	favors 1.0	favors 0.7412034366623381 opposes 0.2564929627051912 __DUMMY__ 0.0023036006324708494	false	1.0
N1364	favors 1.0		favors 0.5094728921862756 opposes 0.4790904947022446 __DUMMY__ 0.011436613111479886	true	1.0
N2211	favors 1.0	favors 1.0	favors 0.7573025881640775 opposes 0.24063933487289974 __DUMMY__ 0.0020580769630228367	false	1.0
N502	opposes 1.0		favors 0.5214199353790051 opposes 0.4675443841451966 __DUMMY__ 0.011035680475798384	true	0.5
N986	opposes 1.0	opposes 1.0	opposes 0.7401641046691708 favors 0.25746180706927135 __DUMMY__ 0.0023740882615578152	false	1.0
N1365	favors 1.0	favors 1.0	favors 0.7715427177155317 opposes 0.22586957029562393 __DUMMY__ 0.0025877119888443583	false	1.0
N2212	favors 1.0	favors 1.0	favors 0.7258791200821505 opposes 0.27176886694675556 __DUMMY__ 0.002352012971093886	false	1.0
N503	favors 1.0	favors 1.0	favors 0.7556371341643265 opposes 0.24170870140361886 __DUMMY__ 0.002654164432054506	false	1.0
N987	opposes 1.0	opposes 1.0	opposes 0.6957715895360425 favors 0.30168035140927607 __DUMMY__ 0.0025480590546814973	false	1.0
N1362	favors 1.0		favors 0.5866308670737208 opposes 0.40171527994958534 __DUMMY__ 0.01165385297669404	true	1.0
N504	favors 1.0		favors 0.5819911688634269 opposes 0.4064218861573071 __DUMMY__ 0.01158694497926593	true	1.0
N988	opposes 1.0	opposes 1.0	opposes 0.7281701373799975 favors 0.2694438489255697 __DUMMY__ 0.002386013694432727	false	1.0
N1363	opposes 1.0		opposes 0.5241211629320265 favors 0.4644472766920415 __DUMMY__ 0.011431560375932077	true	1.0
N2210	favors 1.0	favors 1.0	favors 0.7520867543719693 opposes 0.24563700277082898 __DUMMY__ 0.002276242857201754	false	1.0
N1368	favors 1.0	favors 1.0	favors 0.77809002716362 opposes 0.21933789341038787 __DUMMY__ 0.002572079425992283	false	1.0
N2215	opposes 1.0	opposes 1.0	opposes 0.7361834719700339 favors 0.2612697516976284 __DUMMY__ 0.00254677633233776	false	1.0
N1369	favors 1.0	favors 1.0	favors 0.747659258790179 opposes 0.249922412788417 __DUMMY__ 0.0024183284214040084	false	1.0
N2216	opposes 1.0	opposes 1.0	opposes 0.7211290432653127 favors 0.276830024730035 __DUMMY__ 0.0020409320046523797	false	1.0
N1366	favors 1.0	favors 1.0	favors 0.7403956004781566 opposes 0.257183132145831 __DUMMY__ 0.0024212673760124854	false	1.0
N2213	opposes 1.0	opposes 1.0	opposes 0.6896496709752964 favors 0.30763654281498637 __DUMMY__ 0.00271378620971734	false	1.0
N1367	opposes 1.0		favors 0.501536647564557 opposes 0.4869400340085045 __DUMMY__ 0.01152331842693862	true	0.5
N2214	favors 1.0	favors 1.0	favors 0.7585933546785709 opposes 0.23901594042357371 __DUMMY__ 0.002390704897855387	false	1.0
N509	opposes 1.0	opposes 1.0	opposes 0.7268468791882267 favors 0.2707591839442712 __DUMMY__ 0.002393936867502188	false	1.0
N2219	opposes 1.0	opposes 1.0	opposes 0.7556887530096705 favors 0.24209408046358233 __DUMMY__ 0.002217166526747249	false	1.0
N2217	favors 1.0		favors 0.5317260409389555 opposes 0.4565986768516804 __DUMMY__ 0.011675282209364257	true	1.0
N2218	favors 1.0	favors 1.0	favors 0.7920423009892206 opposes 0.20577631410690295 __DUMMY__ 0.002181384903876451	false	1.0
N970	favors 1.0	favors 1.0	favors 0.7770243067763108 opposes 0.22044211050722687 __DUMMY__ 0.002533582716462373	false	1.0
N971	favors 1.0	favors 1.0	favors 0.744360193692558 opposes 0.2532700096134819 __DUMMY__ 0.002369796693960105	false	1.0
N972	opposes 1.0	opposes 1.0	opposes 0.6934446261465829 favors 0.3043870224841399 __DUMMY__ 0.00216835136927729	false	1.0
N973	favors 1.0	favors 1.0	favors 0.7460655410393788 opposes 0.25126431892482304 __DUMMY__ 0.002670140035798058	false	1.0
N978	favors 1.0	favors 1.0	favors 0.7510082985839746 opposes 0.2469037014890555 __DUMMY__ 0.0020879999269699857	false	1.0
N979	favors 1.0	favors 1.0	favors 0.7686337145661609 opposes 0.2291798143108264 __DUMMY__ 0.002186471123012671	false	1.0
N1350	favors 1.0	favors 1.0	favors 0.7315404793515757 opposes 0.2659904221789621 __DUMMY__ 0.0024690984694620767	false	1.0
N974	opposes 1.0	opposes 1.0	opposes 0.7025579673876591 favors 0.2951182962676076 __DUMMY__ 0.0023237363447332904	false	1.0
N1353	favors 1.0		favors 0.5191125815712296 opposes 0.46870713571557066 __DUMMY__ 0.012180282713199694	true	1.0
N2200	favors 1.0	favors 1.0	favors 0.7811238442162877 opposes 0.21634538625121094 __DUMMY__ 0.0025307695325013616	false	1.0
N975	opposes 1.0	opposes 1.0	opposes 0.6978872320984607 favors 0.30000417200630963 __DUMMY__ 0.002108595895229796	false	1.0
N1354	opposes 1.0	opposes 1.0	opposes 0.703478004111707 favors 0.29407616869180464 __DUMMY__ 0.0024458271964882586	false	1.0
N2201	opposes 1.0		opposes 0.5220306198008697 favors 0.4664444822792459 __DUMMY__ 0.011524897919884284	true	1.0
N976	favors 1.0		favors 0.5863066942526138 opposes 0.40163180033661466 __DUMMY__ 0.012061505410771485	true	1.0
N1351	favors 1.0	favors 1.0	favors 0.7759658798022149 opposes 0.22138418563283163 __DUMMY__ 0.0026499345649535285	false	1.0
N977	favors 1.0	favors 1.0	favors 0.7346294069288164 opposes 0.26277935135825303 __DUMMY__ 0.0025912417129305425	false	1.0
N1352	opposes 1.0	opposes 1.0	opposes 0.6943148737769054 favors 0.3034077607466973 __DUMMY__ 0.002277365476397328	false	1.0
N1357	favors 1.0	favors 1.0	favors 0.7793567286746145 opposes 0.2177525251560597 __DUMMY__ 0.002890746169325928	false	1.0
N2204	opposes 1.0	opposes 1.0	opposes 0.722904351193183 favors 0.2746335573233247 __DUMMY__ 0.002462091483492335	false	1.0
N1358	favors 1.0	favors 1.0	favors 0.7338146993108363 opposes 0.26347031141219185 __DUMMY__ 0.0027149892769718887	false	1.0
