N1742	opposes 1.0		opposes 0.5476713191140616 favors 0.3962902842641729 __DUMMY__ 0.0560383966217656	true	1.0
N1743	favors 1.0		opposes 0.5272854285186411 favors 0.41715470608703753 __DUMMY__ 0.055559865394321443	true	0.5
N1740	opposes 1.0		favors 0.485834555749931 opposes 0.4572287554644023 __DUMMY__ 0.05693668878566685	true	0.5
N1741	opposes 1.0		opposes 0.5390644244387812 favors 0.4044549308327006 __DUMMY__ 0.056480644728518124	true	1.0
N1746	opposes 1.0	opposes 1.0	opposes 0.7374249474274501 favors 0.23621501645910878 __DUMMY__ 0.026360036113441045	false	1.0
N1747	opposes 1.0		opposes 0.5023051199130625 favors 0.4402316672816205 __DUMMY__ 0.05746321280531721	true	1.0
N1744	opposes 1.0		favors 0.4762326387076335 opposes 0.4699145250167502 __DUMMY__ 0.05385283627561626	true	0.5
N1745	opposes 1.0		opposes 0.5392097491559575 favors 0.40624786043368194 __DUMMY__ 0.054542390410360506	true	1.0
N1748	favors 1.0		opposes 0.5116785409756518 favors 0.4333366400850824 __DUMMY__ 0.054984818939265975	true	0.5
N1749	opposes 1.0		opposes 0.512376263091424 favors 0.4305700906662484 __DUMMY__ 0.05705364624232763	true	1.0
N1731	favors 1.0		opposes 0.6197612917194139 favors 0.3272567546642575 __DUMMY__ 0.052981953616328736	true	0.5
N1732	favors 1.0		opposes 0.5030203981256021 favors 0.4411111160817778 __DUMMY__ 0.055868485792620014	true	0.5
N1730	opposes 1.0		opposes 0.512376263091424 favors 0.43057009066624835 __DUMMY__ 0.05705364624232762	true	1.0
N1735	opposes 1.0		opposes 0.554142087423836 favors 0.38865240657241285 __DUMMY__ 0.0572055060037511	true	1.0
N1736	opposes 1.0		opposes 0.5412509014445113 favors 0.4022826280065765 __DUMMY__ 0.056466470548912163	true	1.0
N1733	favors 1.0		favors 0.5694508089074365 opposes 0.3749348598083717 __DUMMY__ 0.05561433128419171	true	1.0
N1734	favors 1.0		favors 0.4844296631846913 opposes 0.4566889718801374 __DUMMY__ 0.05888136493517149	true	1.0
N1739	favors 1.0		favors 0.47961922962799486 opposes 0.4655616561212381 __DUMMY__ 0.054819114250766965	true	1.0
N1737	favors 1.0		opposes 0.5180852056901437 favors 0.42480761575598947 __DUMMY__ 0.05710717855386666	true	0.5
N1738	favors 1.0		opposes 0.5011055767936351 favors 0.44373896063601387 __DUMMY__ 0.055155462570351164	true	0.5
N1720	favors 1.0		favors 0.4796192296279948 opposes 0.4655616561212382 __DUMMY__ 0.05481911425076696	true	1.0
N1721	favors 1.0	favors 1.0	favors 0.7255986569470612 opposes 0.24733618278947764 __DUMMY__ 0.027065160263461254	false	1.0
N1724	favors 1.0		opposes 0.5272854285186411 favors 0.41715470608703753 __DUMMY__ 0.055559865394321443	true	0.5
N1725	favors 1.0		favors 0.4762326387076335 opposes 0.4699145250167502 __DUMMY__ 0.05385283627561626	true	1.0
N1722	opposes 1.0		opposes 0.5390644244387812 favors 0.4044549308327006 __DUMMY__ 0.056480644728518124	true	1.0
N1723	favors 1.0		opposes 0.5476713191140616 favors 0.3962902842641729 __DUMMY__ 0.0560383966217656	true	0.5
N1728	opposes 1.0		opposes 0.5023051199130625 favors 0.4402316672816205 __DUMMY__ 0.05746321280531721	true	1.0
N1729	favors 1.0		opposes 0.5116785409756518 favors 0.4333366400850824 __DUMMY__ 0.054984818939265975	true	0.5
N1726	opposes 1.0		opposes 0.5392097491559575 favors 0.40624786043368194 __DUMMY__ 0.054542390410360506	true	1.0
N1727	favors 1.0		opposes 0.505578177652284 favors 0.438510998986148 __DUMMY__ 0.05591082336156806	true	0.5
N1710	favors 1.0		opposes 0.5023051199130625 favors 0.4402316672816205 __DUMMY__ 0.05746321280531721	true	0.5
N1713	opposes 1.0		opposes 0.6197612917194139 favors 0.3272567546642575 __DUMMY__ 0.052981953616328736	true	1.0
N1714	opposes 1.0		opposes 0.5030203981256021 favors 0.4411111160817778 __DUMMY__ 0.055868485792620014	true	1.0
N1711	opposes 1.0		opposes 0.5116785409756518 favors 0.4333366400850824 __DUMMY__ 0.054984818939265975	true	1.0
N1712	favors 1.0		opposes 0.512376263091424 favors 0.43057009066624835 __DUMMY__ 0.05705364624232762	true	0.5
N1717	favors 1.0		opposes 0.554142087423836 favors 0.38865240657241285 __DUMMY__ 0.0572055060037511	true	0.5
N1718	favors 1.0		opposes 0.5412509014445113 favors 0.4022826280065765 __DUMMY__ 0.056466470548912163	true	0.5
N1715	opposes 1.0		opposes 0.6086290065349602 favors 0.3366302224199013 __DUMMY__ 0.0547407710451386	true	1.0
N1716	opposes 1.0		favors 0.4844296631846913 opposes 0.4566889718801373 __DUMMY__ 0.05888136493517149	true	0.5
N1719	favors 1.0	favors 1.0	favors 0.6927805861770254 opposes 0.2800857347649184 __DUMMY__ 0.027133679058056095	false	1.0
N1782	favors 1.0		favors 0.4762326387076335 opposes 0.4699145250167502 __DUMMY__ 0.05385283627561626	true	1.0
N1783	opposes 1.0		opposes 0.5392097491559575 favors 0.40624786043368194 __DUMMY__ 0.054542390410360506	true	1.0
N1780	favors 1.0		opposes 0.5476713191140616 favors 0.3962902842641729 __DUMMY__ 0.0560383966217656	true	0.5
N1781	favors 1.0		opposes 0.5272854285186411 favors 0.41715470608703753 __DUMMY__ 0.055559865394321443	true	0.5
N1302	opposes 1.0		favors 0.5694508089074365 opposes 0.37493485980837177 __DUMMY__ 0.05561433128419169	true	0.5
N1786	favors 1.0	favors 1.0	favors 0.6995472618304003 opposes 0.2747082130106806 __DUMMY__ 0.02574452515891904	false	1.0
N1303	favors 1.0		favors 0.4844296631846912 opposes 0.4566889718801373 __DUMMY__ 0.058881364935171474	true	1.0
N1787	opposes 1.0		opposes 0.512376263091424 favors 0.43057009066624835 __DUMMY__ 0.05705364624232762	true	1.0
N1300	favors 1.0		opposes 0.6197612917194136 favors 0.3272567546642576 __DUMMY__ 0.052981953616328716	true	0.5
N1784	opposes 1.0		opposes 0.505578177652284 favors 0.438510998986148 __DUMMY__ 0.05591082336156806	true	1.0
N1301	favors 1.0		opposes 0.5030203981256021 favors 0.44111111608177783 __DUMMY__ 0.05586848579262002	true	0.5
N1785	opposes 1.0		opposes 0.5023051199130625 favors 0.4402316672816205 __DUMMY__ 0.05746321280531721	true	1.0
N1306	opposes 1.0		opposes 0.5180852056901437 favors 0.42480761575598947 __DUMMY__ 0.05710717855386666	true	1.0
N1307	favors 1.0		opposes 0.501105576793635 favors 0.4437389606360138 __DUMMY__ 0.055155462570351164	true	0.5
N1304	opposes 1.0		opposes 0.554142087423836 favors 0.3886524065724129 __DUMMY__ 0.05720550600375109	true	1.0
N1788	opposes 1.0		opposes 0.6197612917194139 favors 0.3272567546642575 __DUMMY__ 0.052981953616328736	true	1.0
N1305	opposes 1.0		opposes 0.5412509014445115 favors 0.4022826280065765 __DUMMY__ 0.05646647054891217	true	1.0
N1789	favors 1.0		opposes 0.5030203981256021 favors 0.4411111160817778 __DUMMY__ 0.055868485792620014	true	0.5
N1308	favors 1.0		favors 0.47961922962799364 opposes 0.4655616561212395 __DUMMY__ 0.054819114250766805	true	1.0
N1309	opposes 1.0		favors 0.485834555749931 opposes 0.4572287554644022 __DUMMY__ 0.05693668878566685	true	0.5
N1771	favors 1.0		opposes 0.5030203981256021 favors 0.4411111160817778 __DUMMY__ 0.055868485792620014	true	0.5
N1772	opposes 1.0		opposes 0.6086290065349602 favors 0.3366302224199013 __DUMMY__ 0.0547407710451386	true	1.0
N1770	favors 1.0		opposes 0.6197612917194139 favors 0.3272567546642575 __DUMMY__ 0.052981953616328736	true	0.5
N1775	favors 1.0		opposes 0.554142087423836 favors 0.38865240657241285 __DUMMY__ 0.0572055060037511	true	0.5
N1776	favors 1.0		opposes 0.5412509014445113 favors 0.4022826280065765 __DUMMY__ 0.056466470548912163	true	0.5
N1773	opposes 1.0		favors 0.5694508089074365 opposes 0.3749348598083717 __DUMMY__ 0.05561433128419171	true	0.5
N2620	favors 1.0		favors 0.4762326387076335 opposes 0.4699145250167502 __DUMMY__ 0.05385283627561625	true	1.0
N1774	opposes 1.0		favors 0.4844296631846913 opposes 0.4566889718801374 __DUMMY__ 0.05888136493517149	true	0.5
N1779	opposes 1.0	opposes 1.0	opposes 0.7556916512067192 favors 0.21767274152593108 __DUMMY__ 0.0266356072673497	false	1.0
N1777	favors 1.0		opposes 0.5180852056901438 favors 0.4248076157559895 __DUMMY__ 0.057107178553866676	true	0.5
N1778	favors 1.0		favors 0.485834555749931 opposes 0.4572287554644023 __DUMMY__ 0.05693668878566685	true	1.0
N901	favors 1.0	favors 1.0	favors 0.697113362077874 opposes 0.2759214772919061 __DUMMY__ 0.026965160630219937	false	1.0
N902	opposes 1.0		opposes 0.6197612917194136 favors 0.3272567546642576 __DUMMY__ 0.052981953616328716	true	1.0
N903	opposes 1.0		opposes 0.5030203981256021 favors 0.44111111608177783 __DUMMY__ 0.05586848579262002	true	1.0
N904	opposes 1.0	opposes 1.0	opposes 0.7921720760041986 favors 0.1819731631389008 __DUMMY__ 0.0258547608569006	false	1.0
N1760	opposes 1.0		favors 0.485834555749931 opposes 0.4572287554644023 __DUMMY__ 0.05693668878566685	true	0.5
N1761	opposes 1.0		opposes 0.5390644244387812 favors 0.4044549308327006 __DUMMY__ 0.056480644728518124	true	1.0
N900	opposes 1.0		opposes 0.5116785409756518 favors 0.43333664008508227 __DUMMY__ 0.054984818939265975	true	1.0
N909	opposes 1.0		opposes 0.5180852056901437 favors 0.4248076157559895 __DUMMY__ 0.057107178553866655	true	1.0
N1764	opposes 1.0		favors 0.4762326387076335 opposes 0.4699145250167502 __DUMMY__ 0.05385283627561626	true	0.5
N2611	favors 1.0		opposes 0.554142087423836 favors 0.3886524065724129 __DUMMY__ 0.05720550600375109	true	0.5
N1765	favors 1.0		opposes 0.5392097491559575 favors 0.40624786043368194 __DUMMY__ 0.054542390410360506	true	0.5
N2612	favors 1.0		opposes 0.5412509014445115 favors 0.4022826280065765 __DUMMY__ 0.05646647054891217	true	0.5
N1762	opposes 1.0		opposes 0.5476713191140616 favors 0.3962902842641729 __DUMMY__ 0.0560383966217656	true	1.0
N1763	opposes 1.0		opposes 0.5272854285186411 favors 0.41715470608703753 __DUMMY__ 0.055559865394321443	true	1.0
N2610	opposes 1.0		favors 0.4844296631846912 opposes 0.4566889718801373 __DUMMY__ 0.058881364935171474	true	0.5
N905	opposes 1.0		favors 0.5694508089074365 opposes 0.37493485980837177 __DUMMY__ 0.05561433128419169	true	0.5
N1768	opposes 1.0		opposes 0.5116785409756518 favors 0.43333664008508227 __DUMMY__ 0.054984818939265975	true	1.0
N2615	opposes 1.0		favors 0.4796192296279936 opposes 0.46556165612123956 __DUMMY__ 0.05481911425076681	true	0.5
N906	opposes 1.0		favors 0.4844296631846913 opposes 0.4566889718801374 __DUMMY__ 0.05888136493517149	true	0.5
N1769	favors 1.0		opposes 0.512376263091424 favors 0.43057009066624835 __DUMMY__ 0.05705364624232762	true	0.5
N2616	favors 1.0		favors 0.485834555749931 opposes 0.4572287554644022 __DUMMY__ 0.05693668878566685	true	1.0
N907	favors 1.0	favors 1.0	favors 0.6726779956665867 opposes 0.300074585549031 __DUMMY__ 0.02724741878438229	false	1.0
N1766	favors 1.0		opposes 0.505578177652284 favors 0.438510998986148 __DUMMY__ 0.05591082336156806	true	0.5
N2613	opposes 1.0		opposes 0.5180852056901437 favors 0.42480761575598947 __DUMMY__ 0.05710717855386666	true	1.0
N908	favors 1.0		opposes 0.5412509014445113 favors 0.4022826280065765 __DUMMY__ 0.056466470548912163	true	0.5
N1767	favors 1.0		opposes 0.5023051199130625 favors 0.4402316672816205 __DUMMY__ 0.05746321280531721	true	0.5
N2614	opposes 1.0		opposes 0.5011055767936353 favors 0.44373896063601365 __DUMMY__ 0.05515546257035118	true	1.0
N2619	opposes 1.0		opposes 0.5272854285186411 favors 0.41715470608703753 __DUMMY__ 0.05555986539432145	true	1.0
N2617	favors 1.0		opposes 0.5390644244387812 favors 0.40445493083270073 __DUMMY__ 0.056480644728518145	true	0.5
N2618	favors 1.0		opposes 0.5476713191140616 favors 0.3962902842641728 __DUMMY__ 0.0560383966217656	true	0.5
N1750	favors 1.0		opposes 0.6197612917194139 favors 0.3272567546642575 __DUMMY__ 0.052981953616328736	true	0.5
N1753	favors 1.0		favors 0.5694508089074365 opposes 0.3749348598083717 __DUMMY__ 0.05561433128419171	true	1.0
N2600	opposes 1.0		favors 0.47623263870763355 opposes 0.4699145250167502 __DUMMY__ 0.05385283627561625	true	0.5
N1754	favors 1.0		favors 0.4844296631846913 opposes 0.4566889718801374 __DUMMY__ 0.05888136493517149	true	1.0
N2601	favors 1.0		opposes 0.5392097491559577 favors 0.40624786043368194 __DUMMY__ 0.054542390410360506	true	0.5
N1751	favors 1.0		opposes 0.5030203981256021 favors 0.4411111160817778 __DUMMY__ 0.055868485792620014	true	0.5
N1752	favors 1.0		opposes 0.6086290065349602 favors 0.3366302224199013 __DUMMY__ 0.0547407710451386	true	0.5
N1757	favors 1.0		opposes 0.5180852056901438 favors 0.4248076157559895 __DUMMY__ 0.057107178553866676	true	0.5
N2604	opposes 1.0		opposes 0.5116785409756517 favors 0.4333366400850823 __DUMMY__ 0.05498481893926596	true	1.0
N1758	favors 1.0		opposes 0.5011055767936351 favors 0.44373896063601387 __DUMMY__ 0.055155462570351164	true	0.5
N2605	favors 1.0		opposes 0.512376263091424 favors 0.4305700906662483 __DUMMY__ 0.05705364624232762	true	0.5
N1755	opposes 1.0		opposes 0.554142087423836 favors 0.38865240657241285 __DUMMY__ 0.0572055060037511	true	1.0
N2602	favors 1.0		opposes 0.5055781776522841 favors 0.438510998986148 __DUMMY__ 0.05591082336156806	true	0.5
N1756	opposes 1.0		opposes 0.5412509014445113 favors 0.4022826280065765 __DUMMY__ 0.056466470548912163	true	1.0
N2603	favors 1.0		opposes 0.5023051199130625 favors 0.4402316672816205 __DUMMY__ 0.05746321280531721	true	0.5
N2608	opposes 1.0		opposes 0.6086290065349602 favors 0.33663022241990126 __DUMMY__ 0.0547407710451386	true	1.0
N2609	opposes 1.0		favors 0.5694508089074365 opposes 0.37493485980837177 __DUMMY__ 0.05561433128419169	true	0.5
N1759	favors 1.0		favors 0.47961922962799486 opposes 0.4655616561212381 __DUMMY__ 0.054819114250766965	true	1.0
N2606	opposes 1.0	opposes 1.0	opposes 0.7984781124179883 favors 0.1766637659728904 __DUMMY__ 0.024858121609121334	false	1.0
N2607	opposes 1.0	opposes 1.0	opposes 0.7356279792859145 favors 0.23798036826775323 __DUMMY__ 0.026391652446332375	false	1.0
N923	favors 1.0		opposes 0.6086290065349601 favors 0.33663022241990137 __DUMMY__ 0.0547407710451386	true	0.5
N924	favors 1.0		favors 0.5694508089074366 opposes 0.3749348598083717 __DUMMY__ 0.05561433128419171	true	1.0
N925	favors 1.0		favors 0.4844296631846913 opposes 0.4566889718801373 __DUMMY__ 0.05888136493517149	true	1.0
N926	opposes 1.0		opposes 0.5541420874238359 favors 0.388652406572413 __DUMMY__ 0.05720550600375108	true	1.0
N1342	opposes 1.0		opposes 0.5412509014445115 favors 0.4022826280065765 __DUMMY__ 0.05646647054891217	true	1.0
N920	opposes 1.0		opposes 0.512376263091424 favors 0.4305700906662484 __DUMMY__ 0.05705364624232763	true	1.0
N1343	favors 1.0		opposes 0.5180852056901437 favors 0.42480761575598947 __DUMMY__ 0.05710717855386666	true	0.5
N921	favors 1.0		opposes 0.6197612917194136 favors 0.3272567546642576 __DUMMY__ 0.05298195361632872	true	0.5
N1340	favors 1.0		favors 0.4844296631846912 opposes 0.4566889718801373 __DUMMY__ 0.058881364935171474	true	1.0
N922	favors 1.0		opposes 0.5030203981256021 favors 0.4411111160817777 __DUMMY__ 0.055868485792620014	true	0.5
N1341	opposes 1.0		opposes 0.554142087423836 favors 0.3886524065724129 __DUMMY__ 0.05720550600375109	true	1.0
N1346	opposes 1.0		opposes 0.5390644244387812 favors 0.40445493083270073 __DUMMY__ 0.056480644728518145	true	1.0
N1347	opposes 1.0		opposes 0.5476713191140616 favors 0.3962902842641728 __DUMMY__ 0.0560383966217656	true	1.0
N1344	favors 1.0		opposes 0.5011055767936351 favors 0.44373896063601387 __DUMMY__ 0.05515546257035117	true	0.5
N1345	favors 1.0		favors 0.485834555749931 opposes 0.4572287554644022 __DUMMY__ 0.05693668878566685	true	1.0
N927	opposes 1.0		opposes 0.5412509014445115 favors 0.40228262800657644 __DUMMY__ 0.05646647054891218	true	1.0
N928	favors 1.0		opposes 0.5180852056901437 favors 0.4248076157559895 __DUMMY__ 0.057107178553866655	true	0.5
N929	favors 1.0		opposes 0.501105576793635 favors 0.4437389606360138 __DUMMY__ 0.055155462570351164	true	0.5
N1348	favors 1.0		opposes 0.5272854285186411 favors 0.41715470608703753 __DUMMY__ 0.05555986539432145	true	0.5
N1349	opposes 1.0		favors 0.47623263870763355 opposes 0.4699145250167502 __DUMMY__ 0.05385283627561625	true	0.5
N912	favors 1.0		favors 0.485834555749931 opposes 0.4572287554644022 __DUMMY__ 0.056936688785666864	true	1.0
N913	favors 1.0		opposes 0.5476713191140616 favors 0.3962902842641728 __DUMMY__ 0.0560383966217656	true	0.5
N914	opposes 1.0		opposes 0.527285428518641 favors 0.41715470608703753 __DUMMY__ 0.055559865394321443	true	1.0
N915	favors 1.0		favors 0.4762326387076335 opposes 0.46991452501675024 __DUMMY__ 0.05385283627561625	true	1.0
N1331	favors 1.0		favors 0.47623263870763355 opposes 0.4699145250167502 __DUMMY__ 0.05385283627561625	true	1.0
N1332	opposes 1.0		opposes 0.5392097491559577 favors 0.40624786043368194 __DUMMY__ 0.054542390410360506	true	1.0
N910	opposes 1.0	opposes 1.0	opposes 0.7353524192633181 favors 0.23873801154451255 __DUMMY__ 0.02590956919216939	false	1.0
N911	favors 1.0		favors 0.4796192296279935 opposes 0.46556165612123956 __DUMMY__ 0.05481911425076682	true	1.0
N1330	favors 1.0		opposes 0.5272854285186411 favors 0.41715470608703753 __DUMMY__ 0.05555986539432145	true	0.5
N1335	favors 1.0		opposes 0.5116785409756517 favors 0.4333366400850823 __DUMMY__ 0.05498481893926596	true	0.5
N1336	opposes 1.0		opposes 0.5123762630914243 favors 0.4305700906662482 __DUMMY__ 0.05705364624232761	true	1.0
N1333	favors 1.0		opposes 0.5055781776522841 favors 0.438510998986148 __DUMMY__ 0.05591082336156806	true	0.5
N1334	favors 1.0		opposes 0.5023051199130625 favors 0.4402316672816205 __DUMMY__ 0.05746321280531721	true	0.5
N916	opposes 1.0	opposes 1.0	opposes 0.7559915744834823 favors 0.21844640477993202 __DUMMY__ 0.025562020736585755	false	1.0
N1339	favors 1.0		favors 0.5694508089074365 opposes 0.37493485980837177 __DUMMY__ 0.05561433128419169	true	1.0
N917	opposes 1.0		opposes 0.5055781776522841 favors 0.438510998986148 __DUMMY__ 0.05591082336156806	true	1.0
N918	opposes 1.0		opposes 0.5023051199130624 favors 0.4402316672816205 __DUMMY__ 0.05746321280531721	true	1.0
N1337	favors 1.0		opposes 0.6197612917194136 favors 0.3272567546642576 __DUMMY__ 0.052981953616328716	true	0.5
N919	favors 1.0		opposes 0.5116785409756518 favors 0.43333664008508227 __DUMMY__ 0.054984818939265975	true	0.5
N1338	favors 1.0		opposes 0.5030203981256021 favors 0.44111111608177783 __DUMMY__ 0.05586848579262002	true	0.5
N940	opposes 1.0		opposes 0.512376263091424 favors 0.4305700906662484 __DUMMY__ 0.05705364624232763	true	1.0
N945	favors 1.0		favors 0.4844296631846913 opposes 0.45668897188013735 __DUMMY__ 0.05888136493517149	true	1.0
N946	opposes 1.0		opposes 0.5541420874238361 favors 0.3886524065724129 __DUMMY__ 0.0572055060037511	true	1.0
N947	opposes 1.0	opposes 1.0	opposes 0.757093113083323 favors 0.2163109581594176 __DUMMY__ 0.026595928757259447	false	1.0
N948	favors 1.0		opposes 0.501105576793635 favors 0.4437389606360138 __DUMMY__ 0.055155462570351164	true	0.5
N941	favors 1.0		opposes 0.6197612917194136 favors 0.3272567546642576 __DUMMY__ 0.05298195361632872	true	0.5
N1320	favors 1.0		opposes 0.6086290065349603 favors 0.3366302224199012 __DUMMY__ 0.05474077104513859	true	0.5
N942	favors 1.0		opposes 0.5030203981256021 favors 0.4411111160817777 __DUMMY__ 0.055868485792620014	true	0.5
N1321	favors 1.0		favors 0.5694508089074365 opposes 0.37493485980837177 __DUMMY__ 0.05561433128419169	true	1.0
N943	favors 1.0		opposes 0.6086290065349601 favors 0.3366302224199013 __DUMMY__ 0.054740771045138595	true	0.5
N944	opposes 1.0		favors 0.5694508089074366 opposes 0.3749348598083717 __DUMMY__ 0.05561433128419171	true	0.5
N1324	opposes 1.0		opposes 0.5412509014445115 favors 0.4022826280065765 __DUMMY__ 0.05646647054891217	true	1.0
N1325	favors 1.0		opposes 0.5180852056901437 favors 0.42480761575598947 __DUMMY__ 0.05710717855386666	true	0.5
N1322	favors 1.0		favors 0.4844296631846912 opposes 0.4566889718801373 __DUMMY__ 0.058881364935171474	true	1.0
N1323	opposes 1.0		opposes 0.554142087423836 favors 0.3886524065724129 __DUMMY__ 0.05720550600375109	true	1.0
N949	favors 1.0		favors 0.4796192296279935 opposes 0.4655616561212395 __DUMMY__ 0.05481911425076683	true	1.0
N1328	opposes 1.0		opposes 0.5390644244387812 favors 0.40445493083270073 __DUMMY__ 0.056480644728518145	true	1.0
N1329	opposes 1.0		opposes 0.5476713191140616 favors 0.3962902842641728 __DUMMY__ 0.0560383966217656	true	1.0
N1326	favors 1.0		opposes 0.5011055767936351 favors 0.44373896063601387 __DUMMY__ 0.05515546257035117	true	0.5
N1327	favors 1.0		favors 0.485834555749931 opposes 0.4572287554644022 __DUMMY__ 0.05693668878566685	true	1.0
N934	favors 1.0		opposes 0.527285428518641 favors 0.41715470608703753 __DUMMY__ 0.05555986539432145	true	0.5
N935	opposes 1.0		favors 0.4762326387076335 opposes 0.4699145250167502 __DUMMY__ 0.05385283627561625	true	0.5
N1790	opposes 1.0		opposes 0.6086290065349602 favors 0.3366302224199013 __DUMMY__ 0.0547407710451386	true	1.0
N936	opposes 1.0		opposes 0.5392097491559575 favors 0.406247860433682 __DUMMY__ 0.05454239041036049	true	1.0
N937	opposes 1.0		opposes 0.505578177652284 favors 0.43851099898614804 __DUMMY__ 0.055910823361568045	true	1.0
N930	favors 1.0	favors 1.0	favors 0.7238638615600097 opposes 0.2504151683505839 __DUMMY__ 0.025720970089406364	false	1.0
N1793	opposes 1.0		opposes 0.554142087423836 favors 0.38865240657241285 __DUMMY__ 0.0572055060037511	true	1.0
N931	opposes 1.0		favors 0.485834555749931 opposes 0.4572287554644022 __DUMMY__ 0.056936688785666864	true	0.5
N1310	opposes 1.0		opposes 0.5390644244387812 favors 0.40445493083270073 __DUMMY__ 0.056480644728518145	true	1.0
N1794	opposes 1.0		opposes 0.5412509014445113 favors 0.4022826280065765 __DUMMY__ 0.056466470548912163	true	1.0
N932	opposes 1.0		opposes 0.5390644244387812 favors 0.4044549308327006 __DUMMY__ 0.05648064472851812	true	1.0
N1791	favors 1.0	favors 1.0	favors 0.7703736423146527 opposes 0.20320750612245642 __DUMMY__ 0.026418851562890866	false	1.0
N933	opposes 1.0		opposes 0.5476713191140616 favors 0.3962902842641728 __DUMMY__ 0.0560383966217656	true	1.0
N1792	favors 1.0		favors 0.4844296631846913 opposes 0.4566889718801374 __DUMMY__ 0.05888136493517149	true	1.0
N1313	opposes 1.0		opposes 0.5392097491559577 favors 0.40624786043368194 __DUMMY__ 0.054542390410360506	true	1.0
N1797	favors 1.0		favors 0.4796192296279948 opposes 0.4655616561212382 __DUMMY__ 0.05481911425076696	true	1.0
N1314	favors 1.0		opposes 0.5055781776522841 favors 0.438510998986148 __DUMMY__ 0.05591082336156806	true	0.5
N1798	opposes 1.0	opposes 1.0	opposes 0.7101089186305954 favors 0.26282592110594327 __DUMMY__ 0.027065160263461254	false	1.0
N1311	opposes 1.0		opposes 0.5476713191140616 favors 0.3962902842641728 __DUMMY__ 0.0560383966217656	true	1.0
N1795	opposes 1.0		opposes 0.5180852056901438 favors 0.4248076157559895 __DUMMY__ 0.057107178553866676	true	1.0
N1312	opposes 1.0		favors 0.47623263870763355 opposes 0.4699145250167502 __DUMMY__ 0.05385283627561625	true	0.5
N1796	favors 1.0		opposes 0.501105576793635 favors 0.44373896063601387 __DUMMY__ 0.05515546257035116	true	0.5
N938	opposes 1.0		opposes 0.5023051199130624 favors 0.4402316672816205 __DUMMY__ 0.057463212805317215	true	1.0
N1317	opposes 1.0		opposes 0.5123762630914243 favors 0.4305700906662482 __DUMMY__ 0.05705364624232761	true	1.0
N939	favors 1.0		opposes 0.5116785409756518 favors 0.43333664008508227 __DUMMY__ 0.054984818939265975	true	0.5
N1318	favors 1.0		opposes 0.6197612917194136 favors 0.3272567546642576 __DUMMY__ 0.052981953616328716	true	0.5
N1315	opposes 1.0		opposes 0.5023051199130625 favors 0.4402316672816205 __DUMMY__ 0.05746321280531721	true	1.0
N1799	opposes 1.0		opposes 0.5390644244387812 favors 0.4044549308327006 __DUMMY__ 0.056480644728518124	true	1.0
N1316	favors 1.0		opposes 0.5116785409756517 favors 0.4333366400850823 __DUMMY__ 0.05498481893926596	true	0.5
N1319	opposes 1.0		opposes 0.5030203981256021 favors 0.44111111608177783 __DUMMY__ 0.05586848579262002	true	1.0
N960	favors 1.0		favors 0.4844296631846913 opposes 0.4566889718801373 __DUMMY__ 0.05888136493517149	true	1.0
N961	favors 1.0		opposes 0.5541420874238359 favors 0.388652406572413 __DUMMY__ 0.05720550600375108	true	0.5
N962	opposes 1.0		opposes 0.5412509014445113 favors 0.4022826280065765 __DUMMY__ 0.05646647054891216	true	1.0
N967	opposes 1.0		opposes 0.527285428518641 favors 0.41715470608703753 __DUMMY__ 0.05555986539432145	true	1.0
N1382	favors 1.0		favors 0.485834555749931 opposes 0.4572287554644022 __DUMMY__ 0.05693668878566685	true	1.0
N968	favors 1.0		favors 0.4762326387076335 opposes 0.4699145250167502 __DUMMY__ 0.05385283627561625	true	1.0
N1383	opposes 1.0		opposes 0.5390644244387812 favors 0.40445493083270073 __DUMMY__ 0.056480644728518145	true	1.0
N2230	opposes 1.0	opposes 1.0	opposes 0.7921720760041986 favors 0.18197316313890077 __DUMMY__ 0.025854760856900607	false	1.0
N969	favors 1.0		opposes 0.5392097491559577 favors 0.4062478604336819 __DUMMY__ 0.054542390410360506	true	0.5
N1380	favors 1.0		opposes 0.5011055767936353 favors 0.44373896063601365 __DUMMY__ 0.05515546257035118	true	0.5
N1381	favors 1.0		favors 0.4796192296279936 opposes 0.46556165612123956 __DUMMY__ 0.05481911425076681	true	1.0
N963	opposes 1.0		opposes 0.5180852056901438 favors 0.4248076157559895 __DUMMY__ 0.057107178553866655	true	1.0
N1386	opposes 1.0		favors 0.47623263870763344 opposes 0.4699145250167503 __DUMMY__ 0.05385283627561628	true	0.5
N2233	favors 1.0		opposes 0.554142087423836 favors 0.38865240657241285 __DUMMY__ 0.0572055060037511	true	0.5
N964	favors 1.0		favors 0.485834555749931 opposes 0.4572287554644022 __DUMMY__ 0.05693668878566685	true	1.0
N1387	opposes 1.0	opposes 1.0	opposes 0.7559915744834823 favors 0.21844640477993202 __DUMMY__ 0.025562020736585755	false	1.0
N2234	favors 1.0		opposes 0.5412509014445115 favors 0.40228262800657644 __DUMMY__ 0.05646647054891218	true	0.5
N965	favors 1.0		opposes 0.5390644244387811 favors 0.40445493083270073 __DUMMY__ 0.05648064472851813	true	0.5
N1384	favors 1.0		opposes 0.5476713191140616 favors 0.3962902842641728 __DUMMY__ 0.0560383966217656	true	0.5
N2231	favors 1.0		favors 0.5694508089074365 opposes 0.3749348598083717 __DUMMY__ 0.05561433128419171	true	1.0
N966	favors 1.0		opposes 0.5476713191140616 favors 0.39629028426417284 __DUMMY__ 0.056038396621765595	true	0.5
N1385	favors 1.0		opposes 0.5272854285186411 favors 0.41715470608703753 __DUMMY__ 0.05555986539432145	true	0.5
N2232	opposes 1.0		favors 0.4844296631846913 opposes 0.4566889718801373 __DUMMY__ 0.05888136493517149	true	0.5
N2237	opposes 1.0		favors 0.4796192296279948 opposes 0.4655616561212382 __DUMMY__ 0.05481911425076695	true	0.5
N2238	favors 1.0		favors 0.485834555749931 opposes 0.4572287554644022 __DUMMY__ 0.05693668878566685	true	1.0
N1388	opposes 1.0		opposes 0.5055781776522841 favors 0.438510998986148 __DUMMY__ 0.05591082336156806	true	1.0
N2235	favors 1.0		opposes 0.5180852056901438 favors 0.42480761575598935 __DUMMY__ 0.057107178553866655	true	0.5
N1389	opposes 1.0	opposes 1.0	opposes 0.7360051093794934 favors 0.23684447477976603 __DUMMY__ 0.02715041584074056	false	1.0
N2236	opposes 1.0		opposes 0.501105576793635 favors 0.44373896063601387 __DUMMY__ 0.05515546257035116	true	1.0
N2239	favors 1.0		opposes 0.5390644244387812 favors 0.4044549308327006 __DUMMY__ 0.05648064472851812	true	0.5
N950	opposes 1.0		opposes 0.5390644244387812 favors 0.40445493083270073 __DUMMY__ 0.05648064472851814	true	1.0
N951	opposes 1.0		opposes 0.5476713191140616 favors 0.39629028426417284 __DUMMY__ 0.0560383966217656	true	1.0
N956	favors 1.0		opposes 0.5123762630914243 favors 0.4305700906662482 __DUMMY__ 0.0570536462423276	true	0.5
N1371	opposes 1.0		opposes 0.512376263091424 favors 0.4305700906662483 __DUMMY__ 0.05705364624232762	true	1.0
N957	opposes 1.0		opposes 0.6197612917194136 favors 0.32725675466425763 __DUMMY__ 0.05298195361632872	true	1.0
N1372	favors 1.0		opposes 0.6197612917194136 favors 0.3272567546642576 __DUMMY__ 0.052981953616328716	true	0.5
N958	opposes 1.0		opposes 0.5030203981256021 favors 0.44111111608177783 __DUMMY__ 0.05586848579262002	true	1.0
N959	opposes 1.0		opposes 0.6086290065349603 favors 0.3366302224199012 __DUMMY__ 0.05474077104513859	true	1.0
N1370	favors 1.0		opposes 0.5116785409756517 favors 0.4333366400850823 __DUMMY__ 0.05498481893926596	true	0.5
N952	opposes 1.0		favors 0.4762326387076335 opposes 0.46991452501675024 __DUMMY__ 0.05385283627561626	true	0.5
N1375	favors 1.0		favors 0.5694508089074365 opposes 0.37493485980837177 __DUMMY__ 0.05561433128419169	true	1.0
N2222	opposes 1.0		favors 0.4762326387076335 opposes 0.4699145250167502 __DUMMY__ 0.05385283627561625	true	0.5
N953	favors 1.0		opposes 0.5392097491559577 favors 0.4062478604336819 __DUMMY__ 0.054542390410360464	true	0.5
N1376	favors 1.0		favors 0.4844296631846912 opposes 0.4566889718801373 __DUMMY__ 0.058881364935171474	true	1.0
N2223	favors 1.0	favors 1.0	favors 0.6844899009150802 opposes 0.2899480783483341 __DUMMY__ 0.025562020736585738	false	1.0
N954	favors 1.0		opposes 0.5055781776522841 favors 0.4385109989861479 __DUMMY__ 0.05591082336156805	true	0.5
N1373	favors 1.0		opposes 0.5030203981256021 favors 0.44111111608177783 __DUMMY__ 0.05586848579262002	true	0.5
N2220	opposes 1.0	opposes 1.0	opposes 0.7600677037182583 favors 0.2134978690981221 __DUMMY__ 0.026434427183619602	false	1.0
N955	favors 1.0		opposes 0.5023051199130624 favors 0.44023166728162044 __DUMMY__ 0.057463212805317215	true	0.5
N1374	opposes 1.0	opposes 1.0	opposes 0.7921720760041987 favors 0.18197316313890077 __DUMMY__ 0.025854760856900597	false	1.0
N2221	favors 1.0		opposes 0.5272854285186411 favors 0.41715470608703753 __DUMMY__ 0.055559865394321443	true	0.5
N1379	favors 1.0		opposes 0.5180852056901437 favors 0.42480761575598947 __DUMMY__ 0.05710717855386666	true	0.5
N2226	opposes 1.0		opposes 0.5116785409756518 favors 0.4333366400850824 __DUMMY__ 0.054984818939265975	true	1.0
N2227	favors 1.0		opposes 0.512376263091424 favors 0.43057009066624835 __DUMMY__ 0.05705364624232762	true	0.5
N1377	opposes 1.0		opposes 0.554142087423836 favors 0.3886524065724129 __DUMMY__ 0.05720550600375109	true	1.0
N2224	favors 1.0		opposes 0.505578177652284 favors 0.43851099898614804 __DUMMY__ 0.055910823361568045	true	0.5
N1378	favors 1.0		opposes 0.5412509014445115 favors 0.4022826280065765 __DUMMY__ 0.05646647054891217	true	0.5
N2225	favors 1.0		opposes 0.5023051199130625 favors 0.4402316672816205 __DUMMY__ 0.0574632128053172	true	0.5
N2228	opposes 1.0		opposes 0.6197612917194139 favors 0.3272567546642575 __DUMMY__ 0.052981953616328736	true	1.0
N2229	opposes 1.0		opposes 0.5030203981256021 favors 0.4411111160817777 __DUMMY__ 0.055868485792620014	true	1.0
N981	favors 1.0		favors 0.485834555749931 opposes 0.4572287554644022 __DUMMY__ 0.05693668878566685	true	1.0
N982	opposes 1.0		opposes 0.5390644244387812 favors 0.4044549308327006 __DUMMY__ 0.056480644728518124	true	1.0
N983	favors 1.0		opposes 0.5476713191140616 favors 0.39629028426417284 __DUMMY__ 0.0560383966217656	true	0.5
N500	favors 1.0		favors 0.4844296631846913 opposes 0.4566889718801373 __DUMMY__ 0.05888136493517149	true	1.0
N984	favors 1.0		opposes 0.5272854285186411 favors 0.41715470608703753 __DUMMY__ 0.05555986539432145	true	0.5
N980	opposes 1.0		opposes 0.5011055767936351 favors 0.44373896063601387 __DUMMY__ 0.05515546257035117	true	1.0
N505	favors 1.0		favors 0.485834555749931 opposes 0.4572287554644022 __DUMMY__ 0.056936688785666864	true	1.0
N989	favors 1.0		opposes 0.5116785409756517 favors 0.4333366400850823 __DUMMY__ 0.05498481893926596	true	0.5
N1360	favors 1.0		opposes 0.5180852056901437 favors 0.42480761575598947 __DUMMY__ 0.05710717855386666	true	0.5
N506	opposes 1.0		opposes 0.5390644244387811 favors 0.40445493083270073 __DUMMY__ 0.05648064472851813	true	1.0
N1361	opposes 1.0		opposes 0.5011055767936351 favors 0.44373896063601387 __DUMMY__ 0.05515546257035117	true	1.0
N507	opposes 1.0		opposes 0.5476713191140617 favors 0.3962902842641727 __DUMMY__ 0.056038396621765595	true	1.0
N508	opposes 1.0		opposes 0.527285428518641 favors 0.41715470608703753 __DUMMY__ 0.05555986539432145	true	1.0
N501	opposes 1.0		opposes 0.5541420874238359 favors 0.388652406572413 __DUMMY__ 0.05720550600375108	true	1.0
N985	favors 1.0		favors 0.47623263870763355 opposes 0.4699145250167502 __DUMMY__ 0.05385283627561625	true	1.0
N1364	favors 1.0		opposes 0.5476713191140616 favors 0.3962902842641728 __DUMMY__ 0.0560383966217656	true	0.5
N2211	favors 1.0		opposes 0.5030203981256021 favors 0.4411111160817777 __DUMMY__ 0.055868485792620014	true	0.5
N502	opposes 1.0		opposes 0.5412509014445114 favors 0.40228262800657627 __DUMMY__ 0.05646647054891216	true	1.0
N986	opposes 1.0		opposes 0.5392097491559577 favors 0.4062478604336819 __DUMMY__ 0.05454239041036051	true	1.0
N1365	favors 1.0		opposes 0.5272854285186411 favors 0.41715470608703753 __DUMMY__ 0.05555986539432145	true	0.5
N2212	favors 1.0	favors 1.0	favors 0.6451049840494933 opposes 0.32904025509360607 __DUMMY__ 0.02585476085690061	false	1.0
N503	favors 1.0		opposes 0.5011055767936351 favors 0.44373896063601387 __DUMMY__ 0.05515546257035117	true	0.5
N987	opposes 1.0		opposes 0.5055781776522841 favors 0.438510998986148 __DUMMY__ 0.05591082336156805	true	1.0
N1362	favors 1.0		favors 0.4796192296279936 opposes 0.46556165612123956 __DUMMY__ 0.05481911425076681	true	1.0
N504	favors 1.0		favors 0.4796192296279935 opposes 0.4655616561212396 __DUMMY__ 0.05481911425076682	true	1.0
N988	opposes 1.0		opposes 0.5023051199130624 favors 0.44023166728162044 __DUMMY__ 0.057463212805317215	true	1.0
N1363	opposes 1.0		opposes 0.5390644244387812 favors 0.40445493083270073 __DUMMY__ 0.056480644728518145	true	1.0
N2210	favors 1.0		opposes 0.6197612917194139 favors 0.3272567546642575 __DUMMY__ 0.052981953616328736	true	0.5
N1368	favors 1.0		opposes 0.5055781776522841 favors 0.438510998986148 __DUMMY__ 0.05591082336156806	true	0.5
N2215	opposes 1.0		opposes 0.554142087423836 favors 0.38865240657241285 __DUMMY__ 0.0572055060037511	true	1.0
N1369	favors 1.0		opposes 0.5023051199130625 favors 0.4402316672816205 __DUMMY__ 0.05746321280531721	true	0.5
N2216	opposes 1.0		opposes 0.5412509014445115 favors 0.40228262800657644 __DUMMY__ 0.05646647054891218	true	1.0
N1366	favors 1.0		favors 0.47623263870763355 opposes 0.4699145250167502 __DUMMY__ 0.05385283627561625	true	1.0
N2213	opposes 1.0		favors 0.5694508089074365 opposes 0.3749348598083717 __DUMMY__ 0.05561433128419171	true	0.5
N1367	opposes 1.0		opposes 0.5392097491559577 favors 0.40624786043368194 __DUMMY__ 0.054542390410360506	true	1.0
N2214	favors 1.0		favors 0.4844296631846913 opposes 0.4566889718801373 __DUMMY__ 0.05888136493517149	true	1.0
N509	opposes 1.0		favors 0.4762326387076335 opposes 0.4699145250167502 __DUMMY__ 0.05385283627561625	true	0.5
N2219	opposes 1.0		opposes 0.5390644244387812 favors 0.4044549308327006 __DUMMY__ 0.05648064472851812	true	1.0
N2217	favors 1.0		opposes 0.501105576793635 favors 0.44373896063601387 __DUMMY__ 0.055155462570351164	true	0.5
N2218	favors 1.0		favors 0.485834555749931 opposes 0.4572287554644022 __DUMMY__ 0.05693668878566685	true	1.0
N970	favors 1.0		opposes 0.505578177652284 favors 0.4385109989861479 __DUMMY__ 0.055910823361568045	true	0.5
N971	favors 1.0	favors 1.0	favors 0.7026141817401873 opposes 0.2702354024190721 __DUMMY__ 0.027150415840740558	false	1.0
N972	opposes 1.0		opposes 0.5116785409756517 favors 0.4333366400850823 __DUMMY__ 0.054984818939265954	true	1.0
N973	favors 1.0		opposes 0.5123762630914243 favors 0.43057009066624813 __DUMMY__ 0.0570536462423276	true	0.5
N978	favors 1.0		opposes 0.5412509014445115 favors 0.4022826280065765 __DUMMY__ 0.05646647054891217	true	0.5
N979	favors 1.0		opposes 0.5180852056901437 favors 0.4248076157559895 __DUMMY__ 0.057107178553866655	true	0.5
N1350	favors 1.0		opposes 0.5392097491559577 favors 0.40624786043368194 __DUMMY__ 0.054542390410360506	true	0.5
N974	opposes 1.0		opposes 0.6197612917194136 favors 0.3272567546642576 __DUMMY__ 0.052981953616328716	true	1.0
N1353	favors 1.0		opposes 0.512376263091424 favors 0.4305700906662483 __DUMMY__ 0.05705364624232762	true	0.5
N2200	favors 1.0		favors 0.4796192296279948 opposes 0.4655616561212382 __DUMMY__ 0.05481911425076695	true	1.0
N975	opposes 1.0		opposes 0.5030203981256021 favors 0.4411111160817778 __DUMMY__ 0.055868485792620014	true	1.0
N1354	opposes 1.0	opposes 1.0	opposes 0.7984781124179883 favors 0.1766637659728904 __DUMMY__ 0.024858121609121334	false	1.0
N2201	opposes 1.0		opposes 0.5390644244387812 favors 0.4044549308327006 __DUMMY__ 0.05648064472851812	true	1.0
N976	favors 1.0		favors 0.5694508089074365 opposes 0.37493485980837177 __DUMMY__ 0.05561433128419169	true	1.0
N1351	favors 1.0		opposes 0.5055781776522841 favors 0.438510998986148 __DUMMY__ 0.05591082336156806	true	0.5
N977	favors 1.0		opposes 0.5541420874238361 favors 0.3886524065724129 __DUMMY__ 0.0572055060037511	true	0.5
N1352	opposes 1.0		opposes 0.5116785409756517 favors 0.4333366400850823 __DUMMY__ 0.05498481893926596	true	1.0
N1357	favors 1.0	favors 1.0	favors 0.7703736423146527 opposes 0.20320750612245644 __DUMMY__ 0.026418851562890873	false	1.0
N2204	opposes 1.0		favors 0.4762326387076335 opposes 0.4699145250167502 __DUMMY__ 0.05385283627561625	true	0.5
N1358	favors 1.0		opposes 0.554142087423836 favors 0.3886524065724129 __DUMMY__ 0.05720550600375109	true	0.5
N2205	opposes 1.0		opposes 0.5392097491559575 favors 0.406247860433682 __DUMMY__ 0.05454239041036049	true	1.0
N1355	opposes 1.0		opposes 0.5030203981256021 favors 0.44111111608177783 __DUMMY__ 0.05586848579262002	true	1.0
N2202	opposes 1.0		opposes 0.5476713191140616 favors 0.3962902842641728 __DUMMY__ 0.0560383966217656	true	1.0
N1356	opposes 1.0		opposes 0.6086290065349603 favors 0.3366302224199012 __DUMMY__ 0.05474077104513859	true	1.0
N2203	favors 1.0		opposes 0.5272854285186411 favors 0.41715470608703753 __DUMMY__ 0.05555986539432145	true	0.5
N2208	favors 1.0		opposes 0.5116785409756518 favors 0.4333366400850824 __DUMMY__ 0.054984818939265975	true	0.5
N2209	opposes 1.0		opposes 0.512376263091424 favors 0.4305700906662484 __DUMMY__ 0.05705364624232763	true	1.0
N1359	favors 1.0		opposes 0.5412509014445115 favors 0.4022826280065765 __DUMMY__ 0.05646647054891217	true	0.5
N2206	opposes 1.0		opposes 0.505578177652284 favors 0.43851099898614804 __DUMMY__ 0.055910823361568045	true	1.0
N2207	opposes 1.0		opposes 0.5023051199130625 favors 0.4402316672816205 __DUMMY__ 0.0574632128053172	true	1.0
N520	opposes 1.0	opposes 1.0	opposes 0.7622986259080714 favors 0.21045395530754632 __DUMMY__ 0.02724741878438229	false	1.0
N521	opposes 1.0		opposes 0.5412509014445114 favors 0.4022826280065764 __DUMMY__ 0.056466470548912163	true	1.0
N522	favors 1.0	favors 1.0	favors 0.6927805861770255 opposes 0.2800857347649183 __DUMMY__ 0.027133679058056102	false	1.0
N2270	opposes 1.0		opposes 0.554142087423836 favors 0.38865240657241285 __DUMMY__ 0.0572055060037511	true	1.0
N527	favors 1.0		opposes 0.527285428518641 favors 0.41715470608703753 __DUMMY__ 0.05555986539432145	true	0.5
N2273	favors 1.0	favors 1.0	favors 0.7044919696514891 opposes 0.2695984611563415 __DUMMY__ 0.025909569192169392	false	1.0
N528	opposes 1.0	opposes 1.0	opposes 0.7180734976285229 favors 0.2566583770450862 __DUMMY__ 0.025268125326390924	false	1.0
N2274	favors 1.0	favors 1.0	favors 0.7238638615600099 opposes 0.25041516835058386 __DUMMY__ 0.02572097008940625	false	1.0
N529	opposes 1.0		opposes 0.5392097491559577 favors 0.4062478604336819 __DUMMY__ 0.05454239041036047	true	1.0
N2271	opposes 1.0		opposes 0.5412509014445115 favors 0.40228262800657644 __DUMMY__ 0.05646647054891218	true	1.0
N2272	favors 1.0		opposes 0.5180852056901438 favors 0.42480761575598935 __DUMMY__ 0.057107178553866655	true	0.5
N523	favors 1.0		favors 0.4796192296279935 opposes 0.4655616561212396 __DUMMY__ 0.054819114250766826	true	1.0
N2277	opposes 1.0		opposes 0.5476713191140616 favors 0.3962902842641728 __DUMMY__ 0.0560383966217656	true	1.0
N524	opposes 1.0		favors 0.485834555749931 opposes 0.4572287554644022 __DUMMY__ 0.056936688785666864	true	0.5
N2278	favors 1.0		opposes 0.5272854285186411 favors 0.41715470608703753 __DUMMY__ 0.055559865394321443	true	0.5
N525	opposes 1.0		opposes 0.5390644244387811 favors 0.40445493083270073 __DUMMY__ 0.05648064472851813	true	1.0
N2275	favors 1.0		favors 0.485834555749931 opposes 0.4572287554644022 __DUMMY__ 0.05693668878566685	true	1.0
