N1742	opposes 1.0	opposes 1.0	opposes 0.7362536253334794 favors 0.2614651446007767 __DUMMY__ 0.0022812300657439727	false	1.0
N1743	favors 1.0		favors 0.5807977604302242 opposes 0.40743342319270937 __DUMMY__ 0.011768816377066511	true	1.0
N1740	opposes 1.0	opposes 1.0	opposes 0.634095212989854 favors 0.3636865775618149 __DUMMY__ 0.002218209448331122	false	1.0
N1741	opposes 1.0	opposes 1.0	opposes 0.7736684739719808 favors 0.22406171620507517 __DUMMY__ 0.002269809822944001	false	1.0
N1746	opposes 1.0	opposes 1.0	opposes 0.6805262527679141 favors 0.31679580494177356 __DUMMY__ 0.0026779422903123323	false	1.0
N1747	opposes 1.0	opposes 1.0	opposes 0.7307745067574021 favors 0.26680079789923394 __DUMMY__ 0.002424695343364059	false	1.0
N1744	opposes 1.0		opposes 0.5029066090899297 favors 0.48579803494195345 __DUMMY__ 0.011295355968116766	true	1.0
N1745	opposes 1.0	opposes 1.0	opposes 0.7485647187825725 favors 0.24902664834550403 __DUMMY__ 0.0024086328719235177	false	1.0
N1748	favors 1.0	favors 1.0	favors 0.7727938891071972 opposes 0.22507045669099704 __DUMMY__ 0.002135654201805835	false	1.0
N1749	opposes 1.0	opposes 1.0	opposes 0.7280232460714796 favors 0.26909269212548176 __DUMMY__ 0.002884061803038655	false	1.0
N1731	favors 1.0	favors 1.0	favors 0.7572776357594605 opposes 0.24034806344428822 __DUMMY__ 0.002374300796251341	false	1.0
N1732	favors 1.0	favors 1.0	favors 0.7658853150686387 opposes 0.232090483006946 __DUMMY__ 0.0020242019244154125	false	1.0
N1730	opposes 1.0		favors 0.5000977658691144 opposes 0.4875167537259362 __DUMMY__ 0.012385480404949335	true	0.5
N1735	opposes 1.0	opposes 1.0	opposes 0.747919616098478 favors 0.24924341713184694 __DUMMY__ 0.002836966769675034	false	1.0
N1736	opposes 1.0		favors 0.5156932600278135 opposes 0.4735814509097914 __DUMMY__ 0.010725289062395027	true	0.5
N1733	favors 1.0	favors 1.0	favors 0.794839968782692 opposes 0.20198214853548355 __DUMMY__ 0.003177882681824478	false	1.0
N1734	favors 1.0	favors 1.0	favors 0.767721991122592 opposes 0.22972573638462399 __DUMMY__ 0.002552272492784001	false	1.0
N1739	favors 1.0	favors 1.0	favors 0.7920215028296482 opposes 0.20553570584313013 __DUMMY__ 0.002442791327221556	false	1.0
N1737	favors 1.0	favors 1.0	favors 0.7711582828017427 opposes 0.22669947120666437 __DUMMY__ 0.0021422459915929146	false	1.0
N1738	favors 1.0		favors 0.5415722324603376 opposes 0.44636228652641613 __DUMMY__ 0.012065481013246141	true	1.0
N1720	favors 1.0	favors 1.0	favors 0.7921938082395156 opposes 0.20540013365853285 __DUMMY__ 0.0024060581019516337	false	1.0
N1721	favors 1.0	favors 1.0	favors 0.8256324213334362 opposes 0.17218499404876542 __DUMMY__ 0.002182584617798428	false	1.0
N1724	favors 1.0	favors 1.0	favors 0.7782168809694037 opposes 0.21922176662863133 __DUMMY__ 0.002561352401965043	false	1.0
N1725	favors 1.0	favors 1.0	favors 0.7285008382661744 opposes 0.26919211546630256 __DUMMY__ 0.002307046267523056	false	1.0
N1722	opposes 1.0	opposes 1.0	opposes 0.7713924093451222 favors 0.22636869505051496 __DUMMY__ 0.002238895604362783	false	1.0
N1723	favors 1.0	favors 1.0	favors 0.7282313340169733 opposes 0.2695194557252384 __DUMMY__ 0.0022492102577883013	false	1.0
N1728	opposes 1.0	opposes 1.0	opposes 0.7306093246547204 favors 0.2669521485340417 __DUMMY__ 0.0024385268112379014	false	1.0
N1729	favors 1.0	favors 1.0	favors 0.7740193132226342 opposes 0.22384486552122018 __DUMMY__ 0.00213582125614564	false	1.0
N1726	opposes 1.0	opposes 1.0	opposes 0.7492166497624663 favors 0.24836197625750814 __DUMMY__ 0.002421373980025666	false	1.0
N1727	favors 1.0		favors 0.5928288421040139 opposes 0.39519117329677694 __DUMMY__ 0.011979984599209055	true	1.0
N1710	favors 1.0	favors 1.0	favors 0.7342362942305699 opposes 0.2633602316253808 __DUMMY__ 0.0024034741440493077	false	1.0
N1713	opposes 1.0	opposes 1.0	opposes 0.7036035854287512 favors 0.2940594835777389 __DUMMY__ 0.002336930993509858	false	1.0
N1714	opposes 1.0	opposes 1.0	opposes 0.6959123172269516 favors 0.3020906927034785 __DUMMY__ 0.0019969900695698747	false	1.0
N1711	opposes 1.0	opposes 1.0	opposes 0.6903627890754804 favors 0.3075270691067566 __DUMMY__ 0.0021101418177630433	false	1.0
N1712	favors 1.0	favors 1.0	favors 0.7361428695645101 opposes 0.2609853319415331 __DUMMY__ 0.00287179849395677	false	1.0
N1717	favors 1.0	favors 1.0	favors 0.7140967157696576 opposes 0.28311931521604683 __DUMMY__ 0.0027839690142955047	false	1.0
N1718	favors 1.0	favors 1.0	favors 0.7446396957412941 opposes 0.2533748646614336 __DUMMY__ 0.0019854395972723118	false	1.0
N1715	opposes 1.0		opposes 0.5216729748594999 favors 0.4668426471446541 __DUMMY__ 0.011484377995845922	true	1.0
N1716	opposes 1.0	opposes 1.0	opposes 0.6938530743548217 favors 0.3036353057847804 __DUMMY__ 0.00251161986039803	false	1.0
N1719	favors 1.0	favors 1.0	favors 0.7720585688798767 opposes 0.22583323605820635 __DUMMY__ 0.0021081950619169718	false	1.0
N1782	favors 1.0	favors 1.0	favors 0.7290807930394304 opposes 0.2685941641248336 __DUMMY__ 0.0023250428357360375	false	1.0
N1783	opposes 1.0		opposes 0.5257999229594001 favors 0.4626607378371045 __DUMMY__ 0.011539339203495267	true	1.0
N1780	favors 1.0	favors 1.0	favors 0.7288007921828649 opposes 0.26893176077067105 __DUMMY__ 0.002267447046464109	false	1.0
N1781	favors 1.0	favors 1.0	favors 0.7781937288238765 opposes 0.21922882590157688 __DUMMY__ 0.0025774452745466673	false	1.0
N1302	opposes 1.0	opposes 1.0	opposes 0.666131970157412 favors 0.33074027706120523 __DUMMY__ 0.0031277527813828683	false	1.0
N1786	favors 1.0	favors 1.0	favors 0.7729881546166657 opposes 0.22485259654435788 __DUMMY__ 0.002159248838976422	false	1.0
N1303	favors 1.0	favors 1.0	favors 0.7666371104459654 opposes 0.23084133317184347 __DUMMY__ 0.0025215563821911553	false	1.0
N1787	opposes 1.0	opposes 1.0	opposes 0.7280987424787077 favors 0.2689808555507465 __DUMMY__ 0.002920401970545786	false	1.0
N1300	favors 1.0	favors 1.0	favors 0.7563434844407896 opposes 0.24131106291974833 __DUMMY__ 0.002345452639462142	false	1.0
N1784	opposes 1.0	opposes 1.0	opposes 0.6799026086157535 favors 0.31738493820865316 __DUMMY__ 0.0027124531755933425	false	1.0
N1301	favors 1.0	favors 1.0	favors 0.7648026091020543 opposes 0.23319555189129254 __DUMMY__ 0.0020018390066531637	false	1.0
N1785	opposes 1.0	opposes 1.0	opposes 0.7308921004896641 favors 0.26665404191239395 __DUMMY__ 0.0024538575979419215	false	1.0
N1306	opposes 1.0	opposes 1.0	opposes 0.6915409391340788 favors 0.3063441115051485 __DUMMY__ 0.0021149493607727143	false	1.0
N1307	favors 1.0	favors 1.0	favors 0.7561135318283354 opposes 0.24118338676930295 __DUMMY__ 0.0027030814023616154	false	1.0
N1304	opposes 1.0		opposes 0.5283595042964706 favors 0.4595785516086777 __DUMMY__ 0.01206194409485171	true	1.0
N1788	opposes 1.0		favors 0.541880441980631 opposes 0.4467365366121073 __DUMMY__ 0.011383021407261761	true	0.5
N1305	opposes 1.0	opposes 1.0	opposes 0.7215449626585912 favors 0.2764654250294165 __DUMMY__ 0.001989612311992286	false	1.0
N1789	favors 1.0		favors 0.5570337238769802 opposes 0.4321985925182554 __DUMMY__ 0.010767683604764374	true	1.0
N1308	favors 1.0	favors 1.0	favors 0.7905286673581418 opposes 0.2070566733429551 __DUMMY__ 0.0024146592989030356	false	1.0
N1309	opposes 1.0	opposes 1.0	opposes 0.6369276833721784 favors 0.3608822607641177 __DUMMY__ 0.0021900558637038526	false	1.0
N1771	favors 1.0		favors 0.5604862530482726 opposes 0.42880545118112273 __DUMMY__ 0.010708295770604582	true	1.0
N1772	opposes 1.0	opposes 1.0	opposes 0.744891564624893 favors 0.25262739573517773 __DUMMY__ 0.002481039639929229	false	1.0
N1770	favors 1.0	favors 1.0	favors 0.7587106537199179 opposes 0.2389339652578888 __DUMMY__ 0.002355381022193399	false	1.0
N1775	favors 1.0	favors 1.0	favors 0.7149523978117804 opposes 0.28225059052570123 __DUMMY__ 0.002797011662518261	false	1.0
N1776	favors 1.0	favors 1.0	favors 0.7449938326811285 opposes 0.25300002954311585 __DUMMY__ 0.0020061377757557486	false	1.0
N1773	opposes 1.0		favors 0.613657230821528 opposes 0.37367959996042976 __DUMMY__ 0.01266316921804217	true	0.5
N2620	favors 1.0	favors 1.0	favors 0.7276057893064991 opposes 0.2700688620877879 __DUMMY__ 0.0023253486057129387	false	1.0
N1774	opposes 1.0	opposes 1.0	opposes 0.6939617125201352 favors 0.30351099827407224 __DUMMY__ 0.002527289205792702	false	1.0
N1779	opposes 1.0	opposes 1.0	opposes 0.7705915401129141 favors 0.227151587857357 __DUMMY__ 0.0022568720297288978	false	1.0
N1777	favors 1.0	favors 1.0	favors 0.7721308126967561 opposes 0.225737558586545 __DUMMY__ 0.002131628716698999	false	1.0
N1778	favors 1.0	favors 1.0	favors 0.8249744942677322 opposes 0.17282114099952164 __DUMMY__ 0.0022043647327461527	false	1.0
N901	favors 1.0	favors 1.0	favors 0.7352877842498189 opposes 0.2618222308790524 __DUMMY__ 0.0028899848711286904	false	1.0
N902	opposes 1.0		favors 0.5411543942632819 opposes 0.44747518377525713 __DUMMY__ 0.011370421961460998	true	0.5
N903	opposes 1.0	opposes 1.0	opposes 0.6985326846447844 favors 0.2994047669483093 __DUMMY__ 0.0020625484069064118	false	1.0
N904	opposes 1.0	opposes 1.0	opposes 0.7454652762285697 favors 0.2520273696451378 __DUMMY__ 0.002507354126292509	false	1.0
N1760	opposes 1.0	opposes 1.0	opposes 0.6394870866679403 favors 0.35830056926167775 __DUMMY__ 0.002212344070382002	false	1.0
N1761	opposes 1.0	opposes 1.0	opposes 0.7719399381486994 favors 0.22579674036110903 __DUMMY__ 0.0022633214901915605	false	1.0
N900	opposes 1.0	opposes 1.0	opposes 0.6929238254346343 favors 0.30491454548707253 __DUMMY__ 0.0021616290782932104	false	1.0
N909	opposes 1.0	opposes 1.0	opposes 0.6928643703636982 favors 0.30496147678873575 __DUMMY__ 0.002174152847566009	false	1.0
N1764	opposes 1.0		opposes 0.5020432036981856 favors 0.4866464563170459 __DUMMY__ 0.011310339984768622	true	1.0
N2611	favors 1.0		opposes 0.5252898173447348 favors 0.46262632504745616 __DUMMY__ 0.012083857607808984	true	0.5
N1765	favors 1.0	favors 1.0	favors 0.7169987286568764 opposes 0.2805978142693895 __DUMMY__ 0.002403457073734027	false	1.0
N2612	favors 1.0		favors 0.5159158343911008 opposes 0.4733451020079064 __DUMMY__ 0.01073906360099287	true	1.0
N1762	opposes 1.0	opposes 1.0	opposes 0.7361964237071152 favors 0.2615296451551217 __DUMMY__ 0.0022739311377630135	false	1.0
N1763	opposes 1.0	opposes 1.0	opposes 0.6866253314302189 favors 0.31079290392016506 __DUMMY__ 0.0025817646496160075	false	1.0
N2610	opposes 1.0	opposes 1.0	opposes 0.6952933010885377 favors 0.3021785968167103 __DUMMY__ 0.0025281020947520183	false	1.0
N905	opposes 1.0		favors 0.605602124083803 opposes 0.3817417650643815 __DUMMY__ 0.012656110851815346	true	0.5
N1768	opposes 1.0	opposes 1.0	opposes 0.6904767474732534 favors 0.3073946949068808 __DUMMY__ 0.002128557619865831	false	1.0
N2615	opposes 1.0	opposes 1.0	opposes 0.6731712401013227 favors 0.324405385403694 __DUMMY__ 0.0024233744949832313	false	1.0
N906	opposes 1.0		favors 0.5586671981128087 opposes 0.42963744454020875 __DUMMY__ 0.011695357346982484	true	0.5
N1769	favors 1.0	favors 1.0	favors 0.7366131471301718 opposes 0.260504190220283 __DUMMY__ 0.0028826626495452737	false	1.0
N2616	favors 1.0	favors 1.0	favors 0.8235661387311258 opposes 0.1742294177684687 __DUMMY__ 0.0022044435004054536	false	1.0
N907	favors 1.0	favors 1.0	favors 0.7142996889075384 opposes 0.28289062068593074 __DUMMY__ 0.0028096904065309765	false	1.0
N1766	favors 1.0	favors 1.0	favors 0.7846525337641587 opposes 0.21267274348157408 __DUMMY__ 0.002674722754267301	false	1.0
N2613	opposes 1.0	opposes 1.0	opposes 0.6913114652170125 favors 0.30655704354587304 __DUMMY__ 0.002131491237114461	false	1.0
N908	favors 1.0	favors 1.0	favors 0.7434090108215334 opposes 0.25454559070834837 __DUMMY__ 0.002045398470118206	false	1.0
N1767	favors 1.0		favors 0.49947934514803777 opposes 0.4890189674288623 __DUMMY__ 0.011501687423100027	true	1.0
N2614	opposes 1.0	opposes 1.0	opposes 0.7065106416028092 favors 0.2907831092461424 __DUMMY__ 0.0027062491510484034	false	1.0
N2619	opposes 1.0		favors 0.5786028120022617 opposes 0.4096494076005325 __DUMMY__ 0.011747780397205762	true	0.5
N2617	favors 1.0	favors 1.0	favors 0.6917283131788485 opposes 0.3060146821499471 __DUMMY__ 0.0022570046712042857	false	1.0
N2618	favors 1.0	favors 1.0	favors 0.7273609646279237 opposes 0.2703714212772154 __DUMMY__ 0.0022676140948608573	false	1.0
N1750	favors 1.0	favors 1.0	favors 0.7567600896087424 opposes 0.24087837578805668 __DUMMY__ 0.0023615346032009135	false	1.0
N1753	favors 1.0	favors 1.0	favors 0.7922175988029271 opposes 0.20466534990324614 __DUMMY__ 0.003117051293826716	false	1.0
N2600	opposes 1.0	opposes 1.0	opposes 0.7357982316428698 favors 0.2618781831993033 __DUMMY__ 0.002323585157826936	false	1.0
N1754	favors 1.0		favors 0.5597757568501385 opposes 0.42855186848035964 __DUMMY__ 0.011672374669501853	true	1.0
N2601	favors 1.0	favors 1.0	favors 0.7155973659918389 opposes 0.2819987398401072 __DUMMY__ 0.002403894168053918	false	1.0
N1751	favors 1.0		favors 0.5566479940007429 opposes 0.43262154179628054 __DUMMY__ 0.010730464202976483	true	1.0
N1752	favors 1.0	favors 1.0	favors 0.7150183261000455 opposes 0.28249530462744193 __DUMMY__ 0.0024863692725126687	false	1.0
N1757	favors 1.0	favors 1.0	favors 0.769862151498828 opposes 0.22799730012835398 __DUMMY__ 0.002140548372818096	false	1.0
N2604	opposes 1.0	opposes 1.0	opposes 0.6916572008526553 favors 0.30621441987028725 __DUMMY__ 0.002128379277057493	false	1.0
N1758	favors 1.0		favors 0.5398856055087201 opposes 0.4480712479555745 __DUMMY__ 0.012043146535705443	true	1.0
N2605	favors 1.0	favors 1.0	favors 0.7352000000809412 opposes 0.26191577136318434 __DUMMY__ 0.0028842285558744827	false	1.0
N1755	opposes 1.0	opposes 1.0	opposes 0.7473908609480638 favors 0.24980994797634723 __DUMMY__ 0.0027991910755888988	false	1.0
N2602	favors 1.0	favors 1.0	favors 0.7833054717857681 opposes 0.21401867034383373 __DUMMY__ 0.0026758578703980867	false	1.0
N1756	opposes 1.0		favors 0.515225953672587 opposes 0.4740127241391152 __DUMMY__ 0.010761322188297836	true	0.5
N2603	favors 1.0	favors 1.0	favors 0.7333263029352143 opposes 0.26425365019751496 __DUMMY__ 0.0024200468672707764	false	1.0
N2608	opposes 1.0	opposes 1.0	opposes 0.7464943068214812 favors 0.251023841223349 __DUMMY__ 0.002481851955169837	false	1.0
N2609	opposes 1.0		favors 0.610777584754781 opposes 0.37655838999267427 __DUMMY__ 0.0126640252525447	true	0.5
N1759	favors 1.0	favors 1.0	favors 0.789858057541956 opposes 0.20771372285658804 __DUMMY__ 0.0024282196014558913	false	1.0
N2606	opposes 1.0	opposes 1.0	opposes 0.7050021179744693 favors 0.2926420717340882 __DUMMY__ 0.002355810291442562	false	1.0
N2607	opposes 1.0	opposes 1.0	opposes 0.6973729889355839 favors 0.3006078407728262 __DUMMY__ 0.002019170291589979	false	1.0
N923	favors 1.0	favors 1.0	favors 0.7153901545381456 opposes 0.28212139446382134 __DUMMY__ 0.002488450998033078	false	1.0
N924	favors 1.0	favors 1.0	favors 0.7934203471954593 opposes 0.20345361241802878 __DUMMY__ 0.003126040386511953	false	1.0
N925	favors 1.0	favors 1.0	favors 0.7675113666158082 opposes 0.22995464450965028 __DUMMY__ 0.0025339888745414497	false	1.0
N926	opposes 1.0	opposes 1.0	opposes 0.7468317320535158 favors 0.2503639617534538 __DUMMY__ 0.002804306193030302	false	1.0
N1342	opposes 1.0	opposes 1.0	opposes 0.7202562246806602 favors 0.2777539035836875 __DUMMY__ 0.001989871735652228	false	1.0
N920	opposes 1.0	opposes 1.0	opposes 0.7273816828306996 favors 0.26972919888899377 __DUMMY__ 0.002889118280306636	false	1.0
N1343	favors 1.0	favors 1.0	favors 0.7712226364146122 opposes 0.22666524354162898 __DUMMY__ 0.0021121200437588575	false	1.0
N921	favors 1.0	favors 1.0	favors 0.7574948990880672 opposes 0.24014278257197338 __DUMMY__ 0.0023623183399594638	false	1.0
N1340	favors 1.0	favors 1.0	favors 0.7678749192379595 opposes 0.22961383520863973 __DUMMY__ 0.0025112455534007164	false	1.0
N922	favors 1.0		favors 0.558275473414883 opposes 0.43100454211515066 __DUMMY__ 0.010719984469966276	true	1.0
N1341	opposes 1.0	opposes 1.0	opposes 0.7465863347863089 favors 0.25063314659388963 __DUMMY__ 0.0027805186198015326	false	1.0
N1346	opposes 1.0	opposes 1.0	opposes 0.7715211564767027 favors 0.22623778163424962 __DUMMY__ 0.0022410618890476345	false	1.0
N1347	opposes 1.0	opposes 1.0	opposes 0.735373098978044 favors 0.26237559774267216 __DUMMY__ 0.002251303279283744	false	1.0
N1344	favors 1.0	favors 1.0	favors 0.757540395422812 opposes 0.23977019161605578 __DUMMY__ 0.0026894129611321343	false	1.0
N1345	favors 1.0	favors 1.0	favors 0.8242480283875965 opposes 0.1735664026102791 __DUMMY__ 0.002185569002124368	false	1.0
N927	opposes 1.0		favors 0.5163743616194113 opposes 0.4728730358467607 __DUMMY__ 0.010752602533828	true	0.5
N928	favors 1.0		favors 0.5683849254870634 opposes 0.4207203242436092 __DUMMY__ 0.010894750269327538	true	1.0
N929	favors 1.0	favors 1.0	favors 0.7572013792606207 opposes 0.24008684080645218 __DUMMY__ 0.0027117799329271185	false	1.0
N1348	favors 1.0	favors 1.0	favors 0.7773634208070294 opposes 0.22007610922225523 __DUMMY__ 0.0025604699707153294	false	1.0
N1349	opposes 1.0	opposes 1.0	opposes 0.7349083733125996 favors 0.2627829784909673 __DUMMY__ 0.0023086481964331874	false	1.0
N912	favors 1.0		favors 0.6589632569466135 opposes 0.3299648031142717 __DUMMY__ 0.011071939939114766	true	1.0
N913	favors 1.0		opposes 0.5015250532909463 favors 0.4872282847902845 __DUMMY__ 0.011246661918769163	true	0.5
N914	opposes 1.0		favors 0.575349624173248 opposes 0.4128661664409368 __DUMMY__ 0.011784209385815144	true	0.5
N915	favors 1.0	favors 1.0	favors 0.7280003594329695 opposes 0.26964526798638394 __DUMMY__ 0.00235437258064651	false	1.0
N1331	favors 1.0		opposes 0.5014638070430519 favors 0.48727703494881286 __DUMMY__ 0.011259158008135081	true	0.5
N1332	opposes 1.0	opposes 1.0	opposes 0.7479119349195198 favors 0.24969972661786885 __DUMMY__ 0.0023883384626114295	false	1.0
N910	opposes 1.0	opposes 1.0	opposes 0.7072856673595536 favors 0.2899946185835404 __DUMMY__ 0.0027197140569060053	false	1.0
N911	favors 1.0		favors 0.5995119859143088 opposes 0.38893248727957425 __DUMMY__ 0.011555526806116873	true	1.0
N1330	favors 1.0	favors 1.0	favors 0.7774991158412268 opposes 0.21993156275454764 __DUMMY__ 0.0025693214042256354	false	1.0
N1335	favors 1.0	favors 1.0	favors 0.7738968766473285 opposes 0.22398977618567845 __DUMMY__ 0.00211334716699304	false	1.0
N1336	opposes 1.0	opposes 1.0	opposes 0.7271160234965782 favors 0.2700157874332201 __DUMMY__ 0.002868189070201639	false	1.0
N1333	favors 1.0	favors 1.0	favors 0.7838982065084161 opposes 0.21344258127242502 __DUMMY__ 0.0026592122191589187	false	1.0
N1334	favors 1.0	favors 1.0	favors 0.7338733645423526 opposes 0.26372245524101 __DUMMY__ 0.002404180216637363	false	1.0
N916	opposes 1.0	opposes 1.0	opposes 0.7481179714319102 favors 0.24947242043223736 __DUMMY__ 0.002409608135852433	false	1.0
N1339	favors 1.0		favors 0.6120829169193704 opposes 0.37528831355124476 __DUMMY__ 0.012628769529384848	true	1.0
N917	opposes 1.0	opposes 1.0	opposes 0.6794500040086787 favors 0.31786862091412266 __DUMMY__ 0.0026813750771986365	false	1.0
N918	opposes 1.0	opposes 1.0	opposes 0.7301705631981216 favors 0.2674035999856768 __DUMMY__ 0.0024258368162016052	false	1.0
N1337	favors 1.0	favors 1.0	favors 0.7578454519648686 opposes 0.23981630023882117 __DUMMY__ 0.0023382477963101653	false	1.0
N919	favors 1.0	favors 1.0	favors 0.7735601967558453 opposes 0.2243053666892443 __DUMMY__ 0.002134436554910342	false	1.0
N1338	favors 1.0	favors 1.0	favors 0.7661133722823531 opposes 0.2318849489080234 __DUMMY__ 0.0020016788096234184	false	1.0
N940	opposes 1.0	opposes 1.0	opposes 0.7275361651541019 favors 0.2695738499747693 __DUMMY__ 0.0028899848711286904	false	1.0
N945	favors 1.0	favors 1.0	favors 0.7660182723705681 opposes 0.23143260751752534 __DUMMY__ 0.002549120111906662	false	1.0
N946	opposes 1.0		opposes 0.5233696222317138 favors 0.4645281551402978 __DUMMY__ 0.012102222627988527	true	1.0
N947	opposes 1.0	opposes 1.0	opposes 0.720945138602576 favors 0.2770094629273057 __DUMMY__ 0.0020453984701182056	false	1.0
N948	favors 1.0	favors 1.0	favors 0.7561303286983372 opposes 0.24114995724475688 __DUMMY__ 0.0027197140569060053	false	1.0
N941	favors 1.0	favors 1.0	favors 0.7563456858008734 opposes 0.2412691822681218 __DUMMY__ 0.002385131931004947	false	1.0
N1320	favors 1.0	favors 1.0	favors 0.714743576014503 opposes 0.2827854783487749 __DUMMY__ 0.00247094563672203	false	1.0
N942	favors 1.0	favors 1.0	favors 0.7642786191725209 opposes 0.23365883242057262 __DUMMY__ 0.0020625484069064118	false	1.0
N1321	favors 1.0	favors 1.0	favors 0.7943447244620545 opposes 0.2025344289975278 __DUMMY__ 0.0031208465404176304	false	1.0
N943	favors 1.0	favors 1.0	favors 0.7159773042546921 opposes 0.2815153416190155 __DUMMY__ 0.0025073541262925093	false	1.0
N944	opposes 1.0	opposes 1.0	opposes 0.6693252538268751 favors 0.32755779499106225 __DUMMY__ 0.0031169511820626564	false	1.0
N1324	opposes 1.0	opposes 1.0	opposes 0.7203652302484715 favors 0.2776452319808621 __DUMMY__ 0.0019895377706663653	false	1.0
N1325	favors 1.0	favors 1.0	favors 0.7712484564705787 opposes 0.22663746219599282 __DUMMY__ 0.002114081333428494	false	1.0
N1322	favors 1.0	favors 1.0	favors 0.7678570982000665 opposes 0.22962406300495738 __DUMMY__ 0.0025188387949761234	false	1.0
N1323	opposes 1.0	opposes 1.0	opposes 0.7470781061717323 favors 0.25012842730143553 __DUMMY__ 0.0027934665268320997	false	1.0
N949	favors 1.0	favors 1.0	favors 0.7884927303148582 opposes 0.20905909489557462 __DUMMY__ 0.002448174789567247	false	1.0
N1328	opposes 1.0	opposes 1.0	opposes 0.7723418602866267 favors 0.22541383749664012 __DUMMY__ 0.0022443022167332656	false	1.0
N1329	opposes 1.0	opposes 1.0	opposes 0.7356881886802121 favors 0.2620569911485926 __DUMMY__ 0.0022548201711952405	false	1.0
N1326	favors 1.0	favors 1.0	favors 0.757386099797046 opposes 0.23991440420907909 __DUMMY__ 0.0026994959938748363	false	1.0
N1327	favors 1.0	favors 1.0	favors 0.8251505600664628 opposes 0.1726606397737733 __DUMMY__ 0.0021888001597638357	false	1.0
N934	favors 1.0	favors 1.0	favors 0.7769494565448278 opposes 0.2204659565102497 __DUMMY__ 0.002584586944922457	false	1.0
N935	opposes 1.0		opposes 0.5010722486594116 favors 0.4876224310858651 __DUMMY__ 0.011305320254723373	true	1.0
N1790	opposes 1.0	opposes 1.0	opposes 0.747097959166591 favors 0.25038012825014844 __DUMMY__ 0.0025219125832605825	false	1.0
N936	opposes 1.0	opposes 1.0	opposes 0.7475197881417979 favors 0.2500523429301899 __DUMMY__ 0.00242786892801229	false	1.0
N937	opposes 1.0	opposes 1.0	opposes 0.6814809970310267 favors 0.31582854203278604 __DUMMY__ 0.0026904609361872982	false	1.0
N930	favors 1.0	favors 1.0	favors 0.7908508282338658 opposes 0.20671974571577417 __DUMMY__ 0.002429426050360087	false	1.0
N1793	opposes 1.0		opposes 0.5264661360154139 favors 0.4613792153774403 __DUMMY__ 0.012154648607145773	true	1.0
N931	opposes 1.0		favors 0.6665546564916258 opposes 0.32242763170406247 __DUMMY__ 0.011017711804311681	true	0.5
N1310	opposes 1.0	opposes 1.0	opposes 0.7737741596097978 favors 0.22398026597635634 __DUMMY__ 0.0022455744138459195	false	1.0
N1794	opposes 1.0		favors 0.5150173406340393 opposes 0.4741861571529105 __DUMMY__ 0.010796502213050263	true	0.5
N932	opposes 1.0	opposes 1.0	opposes 0.771673903315832 favors 0.22606295155728562 __DUMMY__ 0.002263145126882455	false	1.0
N1791	favors 1.0	favors 1.0	favors 0.7927731521525301 opposes 0.20405998184722268 __DUMMY__ 0.00316686600024719	false	1.0
N933	opposes 1.0	opposes 1.0	opposes 0.7356192339027584 favors 0.26210690137170806 __DUMMY__ 0.002273864725533478	false	1.0
N1792	favors 1.0	favors 1.0	favors 0.7668198707446474 opposes 0.23061562989335105 __DUMMY__ 0.002564499362001662	false	1.0
N1313	opposes 1.0		opposes 0.5249480596617249 favors 0.46359960149945273 __DUMMY__ 0.011452338838822471	true	1.0
N1797	favors 1.0		favors 0.6029242285784682 opposes 0.3855012701141686 __DUMMY__ 0.011574501307363335	true	1.0
N1314	favors 1.0	favors 1.0	favors 0.784126300196186 opposes 0.21320487921621703 __DUMMY__ 0.002668820587596911	false	1.0
N1798	opposes 1.0	opposes 1.0	opposes 0.6380690208325585 favors 0.3596873921575174 __DUMMY__ 0.0022435870099242047	false	1.0
N1311	opposes 1.0	opposes 1.0	opposes 0.7369801237502965 favors 0.2607637014487928 __DUMMY__ 0.002256174800910747	false	1.0
N1795	opposes 1.0		favors 0.5670778492414671 opposes 0.4219736659530478 __DUMMY__ 0.010948484805485182	true	0.5
N1312	opposes 1.0	opposes 1.0	opposes 0.7365467902687988 favors 0.2611384325724777 __DUMMY__ 0.002314777158723535	false	1.0
N1796	favors 1.0	favors 1.0	favors 0.756451516421931 opposes 0.24080508582141708 __DUMMY__ 0.0027433977566521037	false	1.0
N938	opposes 1.0		favors 0.4972668400086252 opposes 0.49118934308260764 __DUMMY__ 0.011543816908767181	true	0.5
N1317	opposes 1.0	opposes 1.0	opposes 0.7273155931208545 favors 0.2698039412906284 __DUMMY__ 0.0028804655885171877	false	1.0
N939	favors 1.0	favors 1.0	favors 0.7720527626313267 opposes 0.22578560829038 __DUMMY__ 0.0021616290782932096	false	1.0
N1318	favors 1.0	favors 1.0	favors 0.7576645830110692 opposes 0.23999190290634814 __DUMMY__ 0.0023435140825826	false	1.0
N1315	opposes 1.0	opposes 1.0	opposes 0.7301577147383226 favors 0.2674326175810576 __DUMMY__ 0.002409667680619869	false	1.0
N1799	opposes 1.0	opposes 1.0	opposes 0.7726323285765542 favors 0.2250773901762693 __DUMMY__ 0.002290281247176464	false	1.0
N1316	favors 1.0	favors 1.0	favors 0.7739836798626762 opposes 0.22390172930069088 __DUMMY__ 0.002114590836632934	false	1.0
N1319	opposes 1.0	opposes 1.0	opposes 0.696540374101504 favors 0.30145796366829036 __DUMMY__ 0.002001662230205536	false	1.0
N960	favors 1.0	favors 1.0	favors 0.7676722796586116 opposes 0.22977737411065138 __DUMMY__ 0.0025503462307370052	false	1.0
N961	favors 1.0	favors 1.0	favors 0.7134041955384554 opposes 0.28377154137091853 __DUMMY__ 0.0028242630906259473	false	1.0
N962	opposes 1.0	opposes 1.0	opposes 0.7204718515572784 favors 0.2775043532537175 __DUMMY__ 0.0020237951890039996	false	1.0
N967	opposes 1.0		favors 0.579511445718627 opposes 0.4086979139114157 __DUMMY__ 0.0117906403699573	true	0.5
N1382	favors 1.0		favors 0.6678930206565594 opposes 0.32108792029339756 __DUMMY__ 0.011019059050043046	true	1.0
N968	favors 1.0	favors 1.0	favors 0.7277838425294123 opposes 0.26986990584696885 __DUMMY__ 0.0023462516236188225	false	1.0
N1383	opposes 1.0	opposes 1.0	opposes 0.7700613335224498 favors 0.22767897510643362 __DUMMY__ 0.002259691371116529	false	1.0
N2230	opposes 1.0	opposes 1.0	opposes 0.745162622958176 favors 0.25235503360179706 __DUMMY__ 0.0024823434400268784	false	1.0
N969	favors 1.0	favors 1.0	favors 0.7163185779820028 opposes 0.2812855929929178 __DUMMY__ 0.0023958290250792992	false	1.0
N1380	favors 1.0		favors 0.5436135736933226 opposes 0.444350347664237 __DUMMY__ 0.012036078642440355	true	1.0
N1381	favors 1.0	favors 1.0	favors 0.7918231594663321 opposes 0.2057524142889181 __DUMMY__ 0.002424426244749816	false	1.0
N963	opposes 1.0	opposes 1.0	opposes 0.6907709170124244 favors 0.30707462919735606 __DUMMY__ 0.0021544537902194755	false	1.0
N1386	opposes 1.0	opposes 1.0	opposes 0.733789420941797 favors 0.26388318827286644 __DUMMY__ 0.002327390785336531	false	1.0
N2233	favors 1.0	favors 1.0	favors 0.7146524152948477 opposes 0.2825492381385064 __DUMMY__ 0.002798346566645828	false	1.0
N964	favors 1.0	favors 1.0	favors 0.824335067021201 opposes 0.17343766636533195 __DUMMY__ 0.002227266613467114	false	1.0
N1387	opposes 1.0	opposes 1.0	opposes 0.7486079217499714 favors 0.24896531636324623 __DUMMY__ 0.002426761886782402	false	1.0
N2234	favors 1.0	favors 1.0	favors 0.7447439038488116 opposes 0.25324895578908635 __DUMMY__ 0.0020071403621020195	false	1.0
N965	favors 1.0		opposes 0.5690089513131885 favors 0.4197656032852254 __DUMMY__ 0.011225445401586102	true	0.5
N1384	favors 1.0	favors 1.0	favors 0.7291593000489738 opposes 0.2685704838594361 __DUMMY__ 0.002270216091590166	false	1.0
N2231	favors 1.0		favors 0.6131001508481273 opposes 0.3742354292715121 __DUMMY__ 0.012664419880360557	true	1.0
N966	favors 1.0		opposes 0.5019418662421735 favors 0.48683159085588895 __DUMMY__ 0.011226542901937612	true	0.5
N1385	favors 1.0	favors 1.0	favors 0.7781384708875532 opposes 0.21928387641062044 __DUMMY__ 0.0025776527018263706	false	1.0
N2232	opposes 1.0	opposes 1.0	opposes 0.6942018574483344 favors 0.30326968536554205 __DUMMY__ 0.0025284571861235684	false	1.0
N2237	opposes 1.0	opposes 1.0	opposes 0.6721434658092813 favors 0.32543255103548524 __DUMMY__ 0.0024239831552335294	false	1.0
N2238	favors 1.0	favors 1.0	favors 0.8246849818551845 opposes 0.17310938816606203 __DUMMY__ 0.002205629978753491	false	1.0
N1388	opposes 1.0		favors 0.5910588540848201 opposes 0.39694469967362866 __DUMMY__ 0.011996446241551197	true	0.5
N2235	favors 1.0	favors 1.0	favors 0.7718252142413825 opposes 0.22604187502525913 __DUMMY__ 0.0021329107333582925	false	1.0
N1389	opposes 1.0	opposes 1.0	opposes 0.7304564809357377 favors 0.26709996899537325 __DUMMY__ 0.0024435500688891	false	1.0
N2236	opposes 1.0		favors 0.5430180079016274 opposes 0.44494765677582365 __DUMMY__ 0.012034335322549123	true	0.5
N2239	favors 1.0	favors 1.0	favors 0.6929541366211557 opposes 0.30478793168441265 __DUMMY__ 0.002257931694431723	false	1.0
N950	opposes 1.0		opposes 0.5656404683935327 favors 0.42311354416498154 __DUMMY__ 0.011245987441485764	true	1.0
N951	opposes 1.0	opposes 1.0	opposes 0.7354536633904244 favors 0.26224807818811685 __DUMMY__ 0.0022982584214587486	false	1.0
N956	favors 1.0		favors 0.5012799059874629 opposes 0.4863338573707091 __DUMMY__ 0.01238623664182806	true	1.0
N1371	opposes 1.0	opposes 1.0	opposes 0.7261118376248966 favors 0.27100780820121634 __DUMMY__ 0.002880354173887168	false	1.0
N957	opposes 1.0	opposes 1.0	opposes 0.7045841892235962 favors 0.2930378464099372 __DUMMY__ 0.002377964366466648	false	1.0
N1372	favors 1.0	favors 1.0	favors 0.7588343778101172 opposes 0.2388080907537459 __DUMMY__ 0.0023575314361368766	false	1.0
N958	opposes 1.0		favors 0.558628740665453 opposes 0.4306307780626427 __DUMMY__ 0.010740481271904256	true	0.5
N959	opposes 1.0	opposes 1.0	opposes 0.7462941415259282 favors 0.2511996864001242 __DUMMY__ 0.0025061720739475444	false	1.0
N1370	favors 1.0	favors 1.0	favors 0.7745682604354626 opposes 0.22329950129740142 __DUMMY__ 0.002132238267135912	false	1.0
N952	opposes 1.0	opposes 1.0	opposes 0.7350080725693974 favors 0.2626375548499561 __DUMMY__ 0.0023543725806465096	false	1.0
N1375	favors 1.0	favors 1.0	favors 0.7945909948269714 opposes 0.2022965593165441 __DUMMY__ 0.003112445856484552	false	1.0
N2222	opposes 1.0	opposes 1.0	opposes 0.7362498650937046 favors 0.26144278781915803 __DUMMY__ 0.0023073470871373966	false	1.0
N953	favors 1.0		opposes 0.5245259438366766 favors 0.46395831786058656 __DUMMY__ 0.011515738302736828	true	0.5
N1376	favors 1.0	favors 1.0	favors 0.76871185850742 opposes 0.22876024142334206 __DUMMY__ 0.002527900069238032	false	1.0
N2223	favors 1.0	favors 1.0	favors 0.7167472686614189 opposes 0.2808482285999117 __DUMMY__ 0.002404502738669543	false	1.0
N954	favors 1.0	favors 1.0	favors 0.7837782984778007 opposes 0.21352302766005002 __DUMMY__ 0.002698673862149277	false	1.0
N1373	favors 1.0	favors 1.0	favors 0.7669944726638769 opposes 0.23098081563642925 __DUMMY__ 0.002024711699693795	false	1.0
N2220	opposes 1.0	opposes 1.0	opposes 0.7366854706107544 favors 0.2610649828273108 __DUMMY__ 0.002249546561934877	false	1.0
N955	favors 1.0	favors 1.0	favors 0.7335245913964995 opposes 0.26403498429162353 __DUMMY__ 0.0024404243118770295	false	1.0
N1374	opposes 1.0	opposes 1.0	opposes 0.7445253909239773 favors 0.25299250035109794 __DUMMY__ 0.0024821087249247906	false	1.0
N2221	favors 1.0	favors 1.0	favors 0.7762120334709749 opposes 0.2212265195297171 __DUMMY__ 0.0025614469993079257	false	1.0
N1379	favors 1.0	favors 1.0	favors 0.7721363016165773 opposes 0.22572752953579883 __DUMMY__ 0.0021361688476238144	false	1.0
N2226	opposes 1.0		favors 0.572462878802369 opposes 0.41653686812732577 __DUMMY__ 0.0110002530703052	true	0.5
N2227	favors 1.0	favors 1.0	favors 0.736354228740648 opposes 0.2607619588581014 __DUMMY__ 0.00288381240125057	false	1.0
N1377	opposes 1.0		opposes 0.5214847784636861 favors 0.46642654957939683 __DUMMY__ 0.012088671956917074	true	1.0
N2224	favors 1.0	favors 1.0	favors 0.784390585223474 opposes 0.21293352118859443 __DUMMY__ 0.002675893587931605	false	1.0
N1378	favors 1.0	favors 1.0	favors 0.7452054555318763 opposes 0.25278359683301116 __DUMMY__ 0.002010947635112546	false	1.0
N2225	favors 1.0	favors 1.0	favors 0.73446215434484 opposes 0.26311721648796 __DUMMY__ 0.0024206291672000213	false	1.0
N2228	opposes 1.0	opposes 1.0	opposes 0.7038470535199709 favors 0.29379636900077205 __DUMMY__ 0.0023565774792570575	false	1.0
N2229	opposes 1.0		favors 0.5599979064912525 opposes 0.42929275159446695 __DUMMY__ 0.01070934191428047	true	0.5
N981	favors 1.0		favors 0.6693380735171193 opposes 0.3196838057547984 __DUMMY__ 0.010978120728082175	true	1.0
N982	opposes 1.0	opposes 1.0	opposes 0.7713733458770471 favors 0.22637869406380795 __DUMMY__ 0.002247960059144926	false	1.0
N983	favors 1.0	favors 1.0	favors 0.7281791595007329 opposes 0.2695624084282237 __DUMMY__ 0.0022584320710434098	false	1.0
N500	favors 1.0		favors 0.5614697682319025 opposes 0.42685968227798077 __DUMMY__ 0.011670549490116599	true	1.0
N984	favors 1.0	favors 1.0	favors 0.7779424895475059 opposes 0.2194873127141183 __DUMMY__ 0.002570197738375686	false	1.0
N980	opposes 1.0	opposes 1.0	opposes 0.7054360839725565 favors 0.2918646753021373 __DUMMY__ 0.0026992407253061818	false	1.0
N505	favors 1.0	favors 1.0	favors 0.8245126438482371 opposes 0.1732745583538354 __DUMMY__ 0.0022127977979275204	false	1.0
N989	favors 1.0	favors 1.0	favors 0.7726646295266343 opposes 0.2252124120948817 __DUMMY__ 0.0021229583784840686	false	1.0
N1360	favors 1.0	favors 1.0	favors 0.7714732460281927 opposes 0.22637934726077588 __DUMMY__ 0.002147406711031403	false	1.0
N506	opposes 1.0		opposes 0.5701879105291813 favors 0.41861442582570785 __DUMMY__ 0.011197663645110892	true	1.0
N1361	opposes 1.0		favors 0.5423428023669415 opposes 0.445594973127908 __DUMMY__ 0.01206222450515039	true	0.5
N507	opposes 1.0	opposes 1.0	opposes 0.7360128406624937 favors 0.26171169283707096 __DUMMY__ 0.0022754665004352816	false	1.0
N508	opposes 1.0	opposes 1.0	opposes 0.6851780794153353 favors 0.31223072478919367 __DUMMY__ 0.0025911957954711006	false	1.0
N501	opposes 1.0		opposes 0.5260173864752459 favors 0.4618805643597098 __DUMMY__ 0.012102049165044246	true	1.0
N985	favors 1.0	favors 1.0	favors 0.7284459271932531 opposes 0.2692378021806968 __DUMMY__ 0.002316270626050075	false	1.0
N1364	favors 1.0		opposes 0.5011419580689137 favors 0.48764291740890886 __DUMMY__ 0.011215124522177385	true	0.5
N2211	favors 1.0	favors 1.0	favors 0.7648989150042317 opposes 0.2331035178255193 __DUMMY__ 0.001997567170249009	false	1.0
N502	opposes 1.0		favors 0.5158599895127197 opposes 0.47339835316157464 __DUMMY__ 0.010741657325705674	true	0.5
N986	opposes 1.0	opposes 1.0	opposes 0.7492514782875649 favors 0.24834960630523573 __DUMMY__ 0.0023989154071994228	false	1.0
N1365	favors 1.0	favors 1.0	favors 0.7776286417051816 opposes 0.21977601459937912 __DUMMY__ 0.0025953436954391724	false	1.0
N2212	favors 1.0	favors 1.0	favors 0.7138367238754731 opposes 0.28369992270177236 __DUMMY__ 0.002463353422754331	false	1.0
N503	favors 1.0	favors 1.0	favors 0.7570013981890694 opposes 0.24027887028526057 __DUMMY__ 0.002719731525670011	false	1.0
N987	opposes 1.0	opposes 1.0	opposes 0.6803373174815291 favors 0.31699147492306723 __DUMMY__ 0.0026712075954035586	false	1.0
N1362	favors 1.0		favors 0.6052376564583583 opposes 0.3832248854530072 __DUMMY__ 0.0115374580886345	true	1.0
N504	favors 1.0		favors 0.6045233765615388 opposes 0.38395381631472963 __DUMMY__ 0.011522807123731648	true	1.0
N988	opposes 1.0	opposes 1.0	opposes 0.7312445263399923 favors 0.26634046157315944 __DUMMY__ 0.002415012086848344	false	1.0
N1363	opposes 1.0		opposes 0.5681632795626663 favors 0.42062248928478935 __DUMMY__ 0.011214231152544338	true	1.0
N2210	favors 1.0	favors 1.0	favors 0.7565402947190277 opposes 0.24112249166950628 __DUMMY__ 0.0023372136114660287	false	1.0
N1368	favors 1.0	favors 1.0	favors 0.7845436020576021 opposes 0.21278228123471782 __DUMMY__ 0.0026741167076801764	false	1.0
N2215	opposes 1.0	opposes 1.0	opposes 0.7481429259794883 favors 0.24907324069539025 __DUMMY__ 0.002783833325121489	false	1.0
N1369	favors 1.0	favors 1.0	favors 0.7350149147352231 opposes 0.26256401828488585 __DUMMY__ 0.00242106697989118	false	1.0
N2216	opposes 1.0	opposes 1.0	opposes 0.7214069192482172 favors 0.27660710383227616 __DUMMY__ 0.001985976919506521	false	1.0
N1366	favors 1.0	favors 1.0	favors 0.7282294697820674 opposes 0.26943058181471996 __DUMMY__ 0.0023399484032127	false	1.0
N2213	opposes 1.0	opposes 1.0	opposes 0.6667291212724004 favors 0.33016304394888085 __DUMMY__ 0.0031078347787187382	false	1.0
N1367	opposes 1.0		opposes 0.5215219312146392 favors 0.46698985521137243 __DUMMY__ 0.011488213573988463	true	1.0
N2214	favors 1.0	favors 1.0	favors 0.7667100526041694 opposes 0.2307781996497324 __DUMMY__ 0.002511747746098228	false	1.0
N509	opposes 1.0	opposes 1.0	opposes 0.7355596203778245 favors 0.2621062852999622 __DUMMY__ 0.0023340943222132696	false	1.0
N2219	opposes 1.0	opposes 1.0	opposes 0.7731067709387724 favors 0.22465399658800428 __DUMMY__ 0.0022392324732232512	false	1.0
N2217	favors 1.0		favors 0.5397668083126522 opposes 0.4482325603264777 __DUMMY__ 0.01200063136086995	true	1.0
N2218	favors 1.0	favors 1.0	favors 0.823498134220352 opposes 0.17431884024537794 __DUMMY__ 0.00218302553426999	false	1.0
N970	favors 1.0	favors 1.0	favors 0.7844729716894184 opposes 0.21285824805762907 __DUMMY__ 0.0026687802529525894	false	1.0
N971	favors 1.0	favors 1.0	favors 0.734159157577064 opposes 0.26342892865829876 __DUMMY__ 0.002411913764637232	false	1.0
N972	opposes 1.0	opposes 1.0	opposes 0.6906312856020616 favors 0.30724953302100755 __DUMMY__ 0.0021191813769309894	false	1.0
N973	favors 1.0	favors 1.0	favors 0.7360585752044719 opposes 0.2610628669139519 __DUMMY__ 0.002878557881576156	false	1.0
N978	favors 1.0	favors 1.0	favors 0.7445234463783886 opposes 0.2534811784655468 __DUMMY__ 0.0019953751560645235	false	1.0
N979	favors 1.0	favors 1.0	favors 0.7717992913898897 opposes 0.2260809945630628 __DUMMY__ 0.002119714047047532	false	1.0
N1350	favors 1.0	favors 1.0	favors 0.7161348788333393 opposes 0.2814473135619241 __DUMMY__ 0.0024178076047365335	false	1.0
N974	opposes 1.0	opposes 1.0	opposes 0.7038752927858832 favors 0.2937782409563362 __DUMMY__ 0.002346466257780629	false	1.0
N1353	favors 1.0		favors 0.5020736941615735 opposes 0.48555243964885847 __DUMMY__ 0.012373866189568093	true	1.0
N2200	favors 1.0	favors 1.0	favors 0.7913630083826453 opposes 0.20619074631348824 __DUMMY__ 0.0024462453038664868	false	1.0
N975	opposes 1.0	opposes 1.0	opposes 0.6962120740033613 favors 0.3017800513357688 __DUMMY__ 0.0020078746608700286	false	1.0
N1354	opposes 1.0	opposes 1.0	opposes 0.7041519868001918 favors 0.29347672267856373 __DUMMY__ 0.0023712905212445287	false	1.0
N2201	opposes 1.0		opposes 0.5674938459550289 favors 0.4212715114225929 __DUMMY__ 0.011234642622378173	true	1.0
N976	favors 1.0		favors 0.6135684321156474 opposes 0.3737817017988284 __DUMMY__ 0.012649866085524163	true	1.0
N1351	favors 1.0	favors 1.0	favors 0.7841712646913145 opposes 0.21313674394983687 __DUMMY__ 0.002691991358848581	false	1.0
N977	favors 1.0	favors 1.0	favors 0.7141151900031731 opposes 0.28309300204412574 __DUMMY__ 0.002791807952701199	false	1.0
N1352	opposes 1.0	opposes 1.0	opposes 0.6908824843196805 favors 0.30697680713268427 __DUMMY__ 0.0021407085476352343	false	1.0
N1357	favors 1.0	favors 1.0	favors 0.7943003632694899 opposes 0.20255719519803644 __DUMMY__ 0.003142441532473597	false	1.0
N2204	opposes 1.0	opposes 1.0	opposes 0.7346768679170033 favors 0.2629746419533939 __DUMMY__ 0.002348490129602883	false	1.0
N1358	favors 1.0	favors 1.0	favors 0.7139052847615807 opposes 0.2832778405107426 __DUMMY__ 0.0028168747276767162	false	1.0
