N1742	opposes 1.0		opposes 0.4983245665965958 favors 0.4627078026905239 __DUMMY__ 0.0389676307128801	true	1.0
N1743	favors 1.0		favors 0.4858588372668233 opposes 0.47466550315582484 __DUMMY__ 0.03947565957735192	true	1.0
N1740	opposes 1.0		favors 0.5269547247605789 opposes 0.4345768355657015 __DUMMY__ 0.03846843967371951	true	0.5
N1741	opposes 1.0		opposes 0.5334002783571408 favors 0.4277522717767547 __DUMMY__ 0.03884744986610453	true	1.0
N1746	opposes 1.0	opposes 1.0	opposes 0.7175274866288313 favors 0.2659952349829364 __DUMMY__ 0.016477278388232302	false	1.0
N1747	opposes 1.0		opposes 0.4803169176673511 favors 0.4800476683292242 __DUMMY__ 0.039635414003424754	true	1.0
N1744	opposes 1.0		opposes 0.4889693501702457 favors 0.47378107947535375 __DUMMY__ 0.037249570354400616	true	1.0
N1745	opposes 1.0		opposes 0.5134285785968553 favors 0.4478419208042575 __DUMMY__ 0.03872950059888716	true	1.0
N1748	favors 1.0	favors 1.0	favors 0.7278541832709404 opposes 0.2554734508232934 __DUMMY__ 0.016672365905766175	false	1.0
N1749	opposes 1.0		opposes 0.48476670564011715 favors 0.47648949126769685 __DUMMY__ 0.038743803092186106	true	1.0
N1731	favors 1.0		opposes 0.5055685826420371 favors 0.455650059006337 __DUMMY__ 0.03878135835162575	true	0.5
N1732	favors 1.0		favors 0.4866964458029434 opposes 0.4752065729355414 __DUMMY__ 0.03809698126151519	true	1.0
N1730	opposes 1.0		opposes 0.4836168494893123 favors 0.47697190083821195 __DUMMY__ 0.03941124967247578	true	1.0
N1735	opposes 1.0		opposes 0.511674969917951 favors 0.44819677702443467 __DUMMY__ 0.040128253057614215	true	1.0
N1736	opposes 1.0		opposes 0.4922912644397587 favors 0.46811956839304586 __DUMMY__ 0.03958916716719538	true	1.0
N1733	favors 1.0	favors 1.0	favors 0.7403231859170114 opposes 0.24114329080310254 __DUMMY__ 0.01853352327988605	false	1.0
N1734	favors 1.0		favors 0.4820248460583861 opposes 0.4768743579551519 __DUMMY__ 0.041100795986462074	true	1.0
N1739	favors 1.0		favors 0.5004667961312619 opposes 0.4616843259934592 __DUMMY__ 0.03784887787527883	true	1.0
N1737	favors 1.0		favors 0.4904808877071516 opposes 0.4705126511279728 __DUMMY__ 0.03900646116487562	true	1.0
N1738	favors 1.0		favors 0.4910628616231513 opposes 0.47026483639651073 __DUMMY__ 0.03867230198033797	true	1.0
N1720	favors 1.0		favors 0.4992739186323014 opposes 0.4635420792083057 __DUMMY__ 0.03718400215939298	true	1.0
N1721	favors 1.0	favors 1.0	favors 0.7460067365590312 opposes 0.23742813477322805 __DUMMY__ 0.01656512866774078	false	1.0
N1724	favors 1.0		favors 0.48646844722448357 opposes 0.47496694570718795 __DUMMY__ 0.03856460706832843	true	1.0
N1725	favors 1.0		opposes 0.4875182498603854 favors 0.47582053659512713 __DUMMY__ 0.03666121354448745	true	0.5
N1722	opposes 1.0	opposes 1.0	opposes 0.7493042984273809 favors 0.23398071877840618 __DUMMY__ 0.016714982794212865	false	1.0
N1723	favors 1.0		opposes 0.495788953774993 favors 0.466025112828684 __DUMMY__ 0.03818593339632313	true	0.5
N1728	opposes 1.0		favors 0.48136386232309913 opposes 0.4781294509842468 __DUMMY__ 0.04050668669265419	true	0.5
N1729	favors 1.0		favors 0.4877782440024865 opposes 0.47356286522495245 __DUMMY__ 0.038658890772561	true	1.0
N1726	opposes 1.0		opposes 0.5189902741155462 favors 0.44163386123154996 __DUMMY__ 0.03937586465290372	true	1.0
N1727	favors 1.0		favors 0.5004414271622152 opposes 0.4614156476404049 __DUMMY__ 0.038142925197380016	true	1.0
N1710	favors 1.0		favors 0.4824439503219489 opposes 0.47800051661715187 __DUMMY__ 0.03955553306089935	true	1.0
N1713	opposes 1.0	opposes 1.0	opposes 0.7354378837053085 favors 0.2478585360079459 __DUMMY__ 0.016703580286745616	false	1.0
N1714	opposes 1.0		favors 0.487182882108351 opposes 0.4754307724293756 __DUMMY__ 0.037386345462273346	true	0.5
N1711	opposes 1.0		favors 0.4880963357465686 opposes 0.47395128432476746 __DUMMY__ 0.037952379928663925	true	0.5
N1712	favors 1.0		opposes 0.4828344256902275 favors 0.47858737424390374 __DUMMY__ 0.038578200065868755	true	0.5
N1717	favors 1.0		opposes 0.5071707925937792 favors 0.45368928082746357 __DUMMY__ 0.03913992657875707	true	0.5
N1718	favors 1.0		opposes 0.4905233981651534 favors 0.4707257747499878 __DUMMY__ 0.03875082708485883	true	0.5
N1715	opposes 1.0		opposes 0.49996987603300735 favors 0.4613807464629116 __DUMMY__ 0.03864937750408091	true	1.0
N1716	opposes 1.0		favors 0.4830733795437511 opposes 0.4768898037141867 __DUMMY__ 0.040036816742062234	true	0.5
N1719	favors 1.0	favors 1.0	favors 0.7290245471586558 opposes 0.25417746973501937 __DUMMY__ 0.016797983106324774	false	1.0
N1782	favors 1.0	favors 1.0	favors 0.7212246048573067 opposes 0.2625162592977465 __DUMMY__ 0.016259135844946874	false	1.0
N1783	opposes 1.0		opposes 0.5200994848995268 favors 0.44126785674779584 __DUMMY__ 0.03863265835267739	true	1.0
N1780	favors 1.0		opposes 0.49621011028704143 favors 0.46509060479240744 __DUMMY__ 0.038699284920551066	true	0.5
N1781	favors 1.0		favors 0.48430837560974077 opposes 0.4765950865431893 __DUMMY__ 0.03909653784706993	true	1.0
N1302	opposes 1.0	opposes 1.0	opposes 0.7098887958714513 favors 0.2722478249590283 __DUMMY__ 0.01786337916952051	false	1.0
N1786	favors 1.0	favors 1.0	favors 0.7253207257546977 opposes 0.25804472369815545 __DUMMY__ 0.016634550547146788	false	1.0
N1303	favors 1.0	favors 1.0	favors 0.7200972793991324 opposes 0.2619680704028853 __DUMMY__ 0.017934650197982377	false	1.0
N1787	opposes 1.0	opposes 1.0	opposes 0.7293878156871343 favors 0.25359944581631505 __DUMMY__ 0.0170127384965507	false	1.0
N1300	favors 1.0		opposes 0.5124413096325956 favors 0.44948486094852713 __DUMMY__ 0.03807382941887727	true	0.5
N1784	opposes 1.0	opposes 1.0	opposes 0.7192149834708635 favors 0.26436025163515936 __DUMMY__ 0.016424764893977113	false	1.0
N1301	favors 1.0		opposes 0.4845228105788831 favors 0.47802771082852313 __DUMMY__ 0.03744947859259366	true	0.5
N1785	opposes 1.0	opposes 1.0	opposes 0.7269633660424881 favors 0.25552810517445995 __DUMMY__ 0.017508528783051973	false	1.0
N1306	opposes 1.0		opposes 0.4810576353494514 favors 0.48071764352725527 __DUMMY__ 0.038224721123293226	true	1.0
N1307	favors 1.0		favors 0.4822042652653758 opposes 0.4798112384371014 __DUMMY__ 0.03798449629752274	true	1.0
N1304	opposes 1.0		opposes 0.5182322832256778 favors 0.4424757966460306 __DUMMY__ 0.03929192012829172	true	1.0
N1788	opposes 1.0		opposes 0.5088012971832729 favors 0.453130342590342 __DUMMY__ 0.03806836022638497	true	1.0
N1305	opposes 1.0		opposes 0.4995914295323248 favors 0.461535525282156 __DUMMY__ 0.038873045185519095	true	1.0
N1789	favors 1.0		opposes 0.4829664833510723 favors 0.47954401482336334 __DUMMY__ 0.03748950182556432	true	0.5
N1308	favors 1.0		favors 0.49100635394338343 opposes 0.4717561285504064 __DUMMY__ 0.037237517506210134	true	1.0
N1309	opposes 1.0	opposes 1.0	opposes 0.7054982692391687 favors 0.277846312588583 __DUMMY__ 0.016655418172248325	false	1.0
N1771	favors 1.0		favors 0.4850413022433369 opposes 0.47698940823380226 __DUMMY__ 0.037969289522860765	true	1.0
N1772	opposes 1.0		opposes 0.5001931802030776 favors 0.4606156630777877 __DUMMY__ 0.03919115671913484	true	1.0
N1770	favors 1.0		opposes 0.5020690098201754 favors 0.45939521514961623 __DUMMY__ 0.03853577503020823	true	0.5
N1775	favors 1.0		opposes 0.5069809585135615 favors 0.4533737849937585 __DUMMY__ 0.03964525649268002	true	0.5
N1776	favors 1.0		opposes 0.4912031278966294 favors 0.46957527850230396 __DUMMY__ 0.039221593601066536	true	0.5
N1773	opposes 1.0		favors 0.5082354695790826 opposes 0.4515277030387432 __DUMMY__ 0.04023682738217421	true	0.5
N2620	favors 1.0		opposes 0.49260404793273177 favors 0.47103701103559514 __DUMMY__ 0.03635894103167298	true	0.5
N1774	opposes 1.0		favors 0.4811964049407557 opposes 0.4783382863630385 __DUMMY__ 0.04046530869620585	true	0.5
N1779	opposes 1.0	opposes 1.0	opposes 0.7489845151616293 favors 0.23405837518565334 __DUMMY__ 0.01695710965271735	false	1.0
N1777	favors 1.0	favors 1.0	favors 0.7281360556061588 opposes 0.25479341574939635 __DUMMY__ 0.017070528644444968	false	1.0
N1778	favors 1.0		favors 0.5178268407094829 opposes 0.44390002205301254 __DUMMY__ 0.038273137237504536	true	1.0
N901	favors 1.0	favors 1.0	favors 0.7205138735221699 opposes 0.2621045890423237 __DUMMY__ 0.017381537435506418	false	1.0
N902	opposes 1.0		opposes 0.5013210796591531 favors 0.45994796324956394 __DUMMY__ 0.03873095709128309	true	1.0
N903	opposes 1.0		favors 0.48149761579307626 opposes 0.48024649161346794 __DUMMY__ 0.03825589259345594	true	0.5
N904	opposes 1.0	opposes 1.0	opposes 0.733191345082353 favors 0.24930133220619566 __DUMMY__ 0.01750732271145144	false	1.0
N1760	opposes 1.0	opposes 1.0	opposes 0.7059223798095666 favors 0.2774294207313914 __DUMMY__ 0.01664819945904206	false	1.0
N1761	opposes 1.0		opposes 0.5249895521554149 favors 0.4367147408735199 __DUMMY__ 0.03829570697106525	true	1.0
N900	opposes 1.0		favors 0.48273652901438274 opposes 0.4786124096635501 __DUMMY__ 0.03865106132206721	true	0.5
N909	opposes 1.0		favors 0.4837180301039522 opposes 0.47740314795825683 __DUMMY__ 0.03887882193779086	true	0.5
N1764	opposes 1.0		opposes 0.48908079261860327 favors 0.47392025894572587 __DUMMY__ 0.03699894843567083	true	1.0
N2611	favors 1.0		opposes 0.5116812684920752 favors 0.44961448470392784 __DUMMY__ 0.038704246803996895	true	0.5
N1765	favors 1.0		opposes 0.5136434204382255 favors 0.4473111147011385 __DUMMY__ 0.03904546486063604	true	0.5
N2612	favors 1.0		opposes 0.495265149924357 favors 0.4663608194638794 __DUMMY__ 0.03837403061176367	true	0.5
N1762	opposes 1.0		opposes 0.49661127965027685 favors 0.46500245471659546 __DUMMY__ 0.038386265633127796	true	1.0
N1763	opposes 1.0		favors 0.4834750697984784 opposes 0.47778025683502745 __DUMMY__ 0.03874467336649417	true	0.5
N2610	opposes 1.0		opposes 0.4824882649572954 favors 0.4779279779333206 __DUMMY__ 0.03958375710938392	true	1.0
N905	opposes 1.0		favors 0.5003363702474176 opposes 0.4595216377417654 __DUMMY__ 0.04014199201081692	true	0.5
N1768	opposes 1.0		favors 0.4861325113599031 opposes 0.4754223375790064 __DUMMY__ 0.038445151061090435	true	0.5
N2615	opposes 1.0	opposes 1.0	opposes 0.7188613379781424 favors 0.26511197330282577 __DUMMY__ 0.01602668871903171	false	1.0
N906	opposes 1.0		opposes 0.4813272880748043 favors 0.47831614462684313 __DUMMY__ 0.04035656729835253	true	1.0
N1769	favors 1.0		opposes 0.48392934820694494 favors 0.47700162934880375 __DUMMY__ 0.039069022444251235	true	0.5
N2616	favors 1.0	favors 1.0	favors 0.742300387381873 opposes 0.24136522486774675 __DUMMY__ 0.01633438775038033	false	1.0
N907	favors 1.0	favors 1.0	favors 0.7087284955920233 opposes 0.2735411719384211 __DUMMY__ 0.017730332469555517	false	1.0
N1766	favors 1.0		favors 0.49651536543205865 opposes 0.46547833768092606 __DUMMY__ 0.038006296887015456	true	1.0
N2613	opposes 1.0	opposes 1.0	opposes 0.7224989232296648 favors 0.2609492743107883 __DUMMY__ 0.016551802459546912	false	1.0
N908	favors 1.0		opposes 0.4921278242023891 favors 0.46855934874517713 __DUMMY__ 0.03931282705243391	true	0.5
N1767	favors 1.0		favors 0.48068220421856334 opposes 0.4793289160902597 __DUMMY__ 0.039988879691176926	true	1.0
N2614	opposes 1.0		favors 0.4854930275004972 opposes 0.4769726950638814 __DUMMY__ 0.037534277435621426	true	0.5
N2619	opposes 1.0		opposes 0.4809313397742223 favors 0.4809120063901908 __DUMMY__ 0.03815665383558683	true	1.0
N2617	favors 1.0		opposes 0.5300697553382944 favors 0.4321910113525522 __DUMMY__ 0.03773923330915339	true	0.5
N2618	favors 1.0	favors 1.0	favors 0.714372314863716 opposes 0.2690610221680566 __DUMMY__ 0.016566662968227362	false	1.0
N1750	favors 1.0	favors 1.0	favors 0.7132202749086133 opposes 0.2700089148263825 __DUMMY__ 0.016770810265004158	false	1.0
N1753	favors 1.0		favors 0.5063466331394144 opposes 0.453841897735141 __DUMMY__ 0.03981146912544452	true	1.0
N2600	opposes 1.0	opposes 1.0	opposes 0.7319141245949928 favors 0.2519741598331094 __DUMMY__ 0.01611171557189785	false	1.0
N1754	favors 1.0		favors 0.48051478422947463 opposes 0.479406132803861 __DUMMY__ 0.04007908296666428	true	1.0
N2601	favors 1.0		opposes 0.5178968261525668 favors 0.44390111082942596 __DUMMY__ 0.03820206301800724	true	0.5
N1751	favors 1.0		favors 0.48420198974324713 opposes 0.47812906806079664 __DUMMY__ 0.037668942195956116	true	1.0
N1752	favors 1.0		opposes 0.5004780248221156 favors 0.4606945460012066 __DUMMY__ 0.038827429176677794	true	0.5
N1757	favors 1.0		favors 0.4869680651773395 opposes 0.47468081972786874 __DUMMY__ 0.03835111509479178	true	1.0
N2604	opposes 1.0		favors 0.4831907940990487 opposes 0.47918856419671785 __DUMMY__ 0.037620641704233626	true	0.5
N1758	favors 1.0		favors 0.48773586315226114 opposes 0.4741379686730911 __DUMMY__ 0.0381261681746477	true	1.0
N2605	favors 1.0	favors 1.0	favors 0.7209093459154416 opposes 0.26232718234153546 __DUMMY__ 0.016763471743022992	false	1.0
N1755	opposes 1.0		opposes 0.5069980303607154 favors 0.4537309063536284 __DUMMY__ 0.03927106328565612	true	1.0
N2602	favors 1.0		favors 0.49342627103927794 opposes 0.46946869722723805 __DUMMY__ 0.03710503173348402	true	1.0
N1756	opposes 1.0		opposes 0.49176958133214593 favors 0.46933300289285723 __DUMMY__ 0.03889741577499681	true	1.0
N2603	favors 1.0	favors 1.0	favors 0.7230853025350712 opposes 0.25965970934891175 __DUMMY__ 0.017254988116017066	false	1.0
N2608	opposes 1.0	opposes 1.0	opposes 0.7370905828699086 favors 0.24607983594811042 __DUMMY__ 0.016829581181981	false	1.0
N2609	opposes 1.0		favors 0.5048454464039208 opposes 0.45592174658132467 __DUMMY__ 0.03923280701475447	true	0.5
N1759	favors 1.0	favors 1.0	favors 0.7329278615474459 opposes 0.2507410134608826 __DUMMY__ 0.01633112499167143	false	1.0
N2606	opposes 1.0	opposes 1.0	opposes 0.7381894010211867 favors 0.2453322497887687 __DUMMY__ 0.01647834919004466	false	1.0
N2607	opposes 1.0	opposes 1.0	opposes 0.7246226266924475 favors 0.2592119021711147 __DUMMY__ 0.016165471136437647	false	1.0
N923	favors 1.0		opposes 0.504112723198993 favors 0.4567023784548148 __DUMMY__ 0.03918489834619206	true	0.5
N924	favors 1.0		favors 0.5041320421830371 opposes 0.4556371000126375 __DUMMY__ 0.04023085780432528	true	1.0
N925	favors 1.0		opposes 0.48197420344248676 favors 0.4775655599726631 __DUMMY__ 0.04046023658485006	true	0.5
N926	opposes 1.0		opposes 0.5108328748269679 favors 0.4495277145669317 __DUMMY__ 0.03963941060610042	true	1.0
N1342	opposes 1.0	opposes 1.0	opposes 0.7318532246897721 favors 0.251113395575359 __DUMMY__ 0.017033379734868924	false	1.0
N920	opposes 1.0		opposes 0.48745666781502894 favors 0.47347965673150394 __DUMMY__ 0.03906367545346708	true	1.0
N1343	favors 1.0		favors 0.48599490266844925 opposes 0.4758493403886975 __DUMMY__ 0.038155756942853114	true	1.0
N921	favors 1.0		opposes 0.5058163046205664 favors 0.45565408782388434 __DUMMY__ 0.038529607555549385	true	0.5
N1340	favors 1.0		opposes 0.4807059459763623 favors 0.4793047036736651 __DUMMY__ 0.03998935034997263	true	0.5
N922	favors 1.0		favors 0.48133651340081707 opposes 0.48070042672353214 __DUMMY__ 0.037963059875650754	true	1.0
N1341	opposes 1.0		opposes 0.5098468137122756 favors 0.45102126415235133 __DUMMY__ 0.03913192213537305	true	1.0
N1346	opposes 1.0	opposes 1.0	opposes 0.750448168658527 favors 0.2328461943123327 __DUMMY__ 0.01670563702914021	false	1.0
N1347	opposes 1.0		opposes 0.4987219213309616 favors 0.46306232752932847 __DUMMY__ 0.03821575113970995	true	1.0
N1344	favors 1.0		favors 0.48688742448422273 opposes 0.4751747865419825 __DUMMY__ 0.03793778897379483	true	1.0
N1345	favors 1.0	favors 1.0	favors 0.7432306944125849 opposes 0.2402100050288622 __DUMMY__ 0.01655930055855285	false	1.0
N927	opposes 1.0		opposes 0.49465758891153305 favors 0.4661259150859552 __DUMMY__ 0.03921649600251157	true	1.0
N928	favors 1.0		favors 0.4839970249532179 opposes 0.47730615212912914 __DUMMY__ 0.038696822917652904	true	1.0
N929	favors 1.0		favors 0.4850541556854763 opposes 0.47651170135948995 __DUMMY__ 0.03843414295503387	true	1.0
N1348	favors 1.0	favors 1.0	favors 0.7253490037140128 opposes 0.25766915084898473 __DUMMY__ 0.01698184543700237	false	1.0
N1349	opposes 1.0	opposes 1.0	opposes 0.7300453972356036 favors 0.2539647495295812 __DUMMY__ 0.015989853234815183	false	1.0
N912	favors 1.0		favors 0.5086342965296594 opposes 0.4528504142090718 __DUMMY__ 0.038515289261268716	true	1.0
N913	favors 1.0		opposes 0.4963904074649003 favors 0.46474266620966426 __DUMMY__ 0.038866926325435376	true	0.5
N914	opposes 1.0		favors 0.4808018659960161 opposes 0.479991109090727 __DUMMY__ 0.039207024913256866	true	0.5
N915	favors 1.0	favors 1.0	favors 0.7191214949167716 opposes 0.26430383242351735 __DUMMY__ 0.016574672659711145	false	1.0
N1331	favors 1.0		opposes 0.4888756625080249 favors 0.47402428656770346 __DUMMY__ 0.03710005092427177	true	0.5
N1332	opposes 1.0		opposes 0.5162722888614335 favors 0.445146417738835 __DUMMY__ 0.0385812933997314	true	1.0
N910	opposes 1.0	opposes 1.0	opposes 0.7216324878734784 favors 0.2612788384027715 __DUMMY__ 0.017088673723750114	false	1.0
N911	favors 1.0		favors 0.4913124342724484 opposes 0.4706095350816297 __DUMMY__ 0.038078030645921856	true	1.0
N1330	favors 1.0		favors 0.4848277194949327 opposes 0.4760929209362278 __DUMMY__ 0.03907935956883961	true	1.0
N1335	favors 1.0	favors 1.0	favors 0.727204478191642 opposes 0.2561983209821762 __DUMMY__ 0.016597200826181654	false	1.0
N1336	opposes 1.0		opposes 0.4862892319997748 favors 0.47511926600347837 __DUMMY__ 0.03859150199674688	true	1.0
N1333	favors 1.0		favors 0.49481887286501014 opposes 0.46767718749733866 __DUMMY__ 0.037503939637651154	true	1.0
N1334	favors 1.0		opposes 0.4816028589509404 favors 0.47886852367977817 __DUMMY__ 0.03952861736928151	true	0.5
N916	opposes 1.0	opposes 1.0	opposes 0.7444626536362153 favors 0.2383509954275536 __DUMMY__ 0.017186350936231144	false	1.0
N1339	favors 1.0		favors 0.506456932521871 opposes 0.4538496918365752 __DUMMY__ 0.03969337564155391	true	1.0
N917	opposes 1.0		favors 0.492913619965046 opposes 0.46908612328913873 __DUMMY__ 0.038000256745815066	true	0.5
N918	opposes 1.0		opposes 0.4828055448012953 favors 0.4772104429741737 __DUMMY__ 0.039984012224531094	true	1.0
N1337	favors 1.0		opposes 0.5047969799165232 favors 0.45718056491465875 __DUMMY__ 0.038022455168818074	true	0.5
N919	favors 1.0		favors 0.48281170107367966 opposes 0.47874833635255143 __DUMMY__ 0.03843996257376881	true	1.0
N1338	favors 1.0		favors 0.4831570162204028 opposes 0.4793903594561182 __DUMMY__ 0.03745262432347904	true	1.0
N940	opposes 1.0		opposes 0.48598464065000113 favors 0.4748341701614221 __DUMMY__ 0.03918118918857681	true	1.0
N945	favors 1.0		opposes 0.4813272880748043 favors 0.4783161446268431 __DUMMY__ 0.040356567298352526	true	0.5
N946	opposes 1.0		opposes 0.5054147717772871 favors 0.4549315344260656 __DUMMY__ 0.03965369379664719	true	1.0
N947	opposes 1.0	opposes 1.0	opposes 0.7301186856865384 favors 0.25245538578244264 __DUMMY__ 0.017425928531019017	false	1.0
N948	favors 1.0		favors 0.48462301817060083 opposes 0.47672117566509403 __DUMMY__ 0.03865580616430507	true	1.0
N941	favors 1.0		opposes 0.5013210796591531 favors 0.4599479632495639 __DUMMY__ 0.038730957091283075	true	0.5
N1320	favors 1.0		opposes 0.5017772473533173 favors 0.4590435229127966 __DUMMY__ 0.039179229733886	true	0.5
N942	favors 1.0		favors 0.4814976157930761 opposes 0.4802464916134681 __DUMMY__ 0.038255892593455916	true	1.0
N1321	favors 1.0	favors 1.0	favors 0.7394239118545723 opposes 0.24252093678399125 __DUMMY__ 0.018055151361436327	false	1.0
N943	favors 1.0		opposes 0.4997313378489021 favors 0.46098829115893675 __DUMMY__ 0.03928037099216118	true	0.5
N944	opposes 1.0		favors 0.5003363702474177 opposes 0.4595216377417654 __DUMMY__ 0.04014199201081693	true	0.5
N1324	opposes 1.0		opposes 0.49188598318809285 favors 0.4688959453335689 __DUMMY__ 0.039218071478338355	true	1.0
N1325	favors 1.0		favors 0.4888721577082714 opposes 0.4724803287510102 __DUMMY__ 0.0386475135407184	true	1.0
N1322	favors 1.0		favors 0.48143404379452936 opposes 0.47800517703651096 __DUMMY__ 0.04056077916895962	true	1.0
N1323	opposes 1.0		opposes 0.5091269263774534 favors 0.4512022961158648 __DUMMY__ 0.03967077750668198	true	1.0
N949	favors 1.0		favors 0.49131243427244836 opposes 0.47060953508162967 __DUMMY__ 0.03807803064592186	true	1.0
N1328	opposes 1.0		opposes 0.5290168988465161 favors 0.4324360187861228 __DUMMY__ 0.03854708236736113	true	1.0
N1329	opposes 1.0		opposes 0.49731233822471765 favors 0.46403593674423116 __DUMMY__ 0.03865172503105115	true	1.0
N1326	favors 1.0		favors 0.4895521929462913 opposes 0.47207612568415935 __DUMMY__ 0.038371681369549306	true	1.0
N1327	favors 1.0		favors 0.5213588218053989 opposes 0.4404628373528999 __DUMMY__ 0.03817834084170101	true	1.0
N934	favors 1.0		favors 0.4805008998696474 opposes 0.4804083596352125 __DUMMY__ 0.03909074049514007	true	1.0
N935	opposes 1.0		opposes 0.49199535033935643 favors 0.4707455681069749 __DUMMY__ 0.03725908155366873	true	1.0
N1790	opposes 1.0		opposes 0.5071897328348953 favors 0.4540895065032157 __DUMMY__ 0.03872076066188895	true	1.0
N936	opposes 1.0		opposes 0.5112167852730972 favors 0.4496208436035553 __DUMMY__ 0.03916237112334738	true	1.0
N937	opposes 1.0		favors 0.4912585098901409 opposes 0.4704560628434272 __DUMMY__ 0.03828542726643199	true	0.5
N930	favors 1.0	favors 1.0	favors 0.7314530619070366 opposes 0.2520467711645943 __DUMMY__ 0.016500166928369045	false	1.0
N1793	opposes 1.0		opposes 0.5140466569364318 favors 0.44675728266565556 __DUMMY__ 0.03919606039791265	true	1.0
N931	opposes 1.0		favors 0.5139233927342444 opposes 0.447810070430158 __DUMMY__ 0.03826653683559755	true	0.5
N1310	opposes 1.0		opposes 0.537623896644869 favors 0.42419251367642247 __DUMMY__ 0.03818358967870861	true	1.0
N1794	opposes 1.0		opposes 0.4971187608384704 favors 0.46407072225326523 __DUMMY__ 0.03881051690826425	true	1.0
N932	opposes 1.0	opposes 1.0	opposes 0.7508128570392893 favors 0.23222779990089837 __DUMMY__ 0.016959343059812254	false	1.0
N1791	favors 1.0	favors 1.0	favors 0.7355019917663169 opposes 0.24679008696768268 __DUMMY__ 0.0177079212660004	false	1.0
N933	opposes 1.0		opposes 0.49975453825545924 favors 0.4615517727938864 __DUMMY__ 0.03869368895065423	true	1.0
N1792	favors 1.0		opposes 0.48422740879380244 favors 0.4757079371634713 __DUMMY__ 0.04006465404272637	true	0.5
N1313	opposes 1.0		opposes 0.5160505805261545 favors 0.444921461978117 __DUMMY__ 0.03902795749572863	true	1.0
N1797	favors 1.0		favors 0.49154915296166424 opposes 0.47116186788477904 __DUMMY__ 0.037288979153556605	true	1.0
N1314	favors 1.0		favors 0.498001532475134 opposes 0.4640968660808878 __DUMMY__ 0.03790160144397819	true	1.0
N1798	opposes 1.0	opposes 1.0	opposes 0.7068593330000048 favors 0.27653462750211044 __DUMMY__ 0.016606039497884747	false	1.0
N1311	opposes 1.0	opposes 1.0	opposes 0.7372239897190267 favors 0.2459053319748302 __DUMMY__ 0.01687067830614316	false	1.0
N1795	opposes 1.0		favors 0.48214090970317 opposes 0.47965207014902617 __DUMMY__ 0.03820702014780405	true	0.5
N1312	opposes 1.0		opposes 0.49689181982388864 favors 0.4664198173001525 __DUMMY__ 0.03668836287595904	true	1.0
N1796	favors 1.0		favors 0.48339325987843246 opposes 0.4786241388118508 __DUMMY__ 0.03798260130971665	true	1.0
N938	opposes 1.0		opposes 0.48205347301264134 favors 0.47798328089062886 __DUMMY__ 0.03996324609672985	true	1.0
N1317	opposes 1.0	opposes 1.0	opposes 0.7259544485188103 favors 0.25678101298521727 __DUMMY__ 0.017264538495972485	false	1.0
N939	favors 1.0		favors 0.48273652901438274 opposes 0.4786124096635501 __DUMMY__ 0.03865106132206721	true	1.0
N1318	favors 1.0	favors 1.0	favors 0.7113348339170854 opposes 0.2716717619281087 __DUMMY__ 0.016993404154805936	false	1.0
N1315	opposes 1.0		favors 0.4808672466913133 opposes 0.4790880096215835 __DUMMY__ 0.04004474368710322	true	0.5
N1799	opposes 1.0		opposes 0.5325061550865671 favors 0.4293248589580971 __DUMMY__ 0.03816898595533594	true	1.0
N1316	favors 1.0		favors 0.4867152763065204 opposes 0.4748997544211716 __DUMMY__ 0.03838496927230801	true	1.0
N1319	opposes 1.0		favors 0.48560761886750076 opposes 0.47653547879310765 __DUMMY__ 0.037856902339391575	true	0.5
N960	favors 1.0		opposes 0.4805410051465511 favors 0.4785898060589703 __DUMMY__ 0.040869188794478636	true	0.5
N961	favors 1.0		opposes 0.5103752440049341 favors 0.4495830854765703 __DUMMY__ 0.04004167051849557	true	0.5
N962	opposes 1.0		opposes 0.4937167964701818 favors 0.4667202767043452 __DUMMY__ 0.039562926825473146	true	1.0
N967	opposes 1.0		favors 0.48168405471593057 opposes 0.4788452132286528 __DUMMY__ 0.039470732055416624	true	0.5
N1382	favors 1.0		favors 0.5193200045544397 opposes 0.44267128274811207 __DUMMY__ 0.03800871269744818	true	1.0
N968	favors 1.0		opposes 0.49091971140550283 favors 0.47152610827915403 __DUMMY__ 0.037554180315343126	true	0.5
N1383	opposes 1.0		opposes 0.5216549652657353 favors 0.4399924947874528 __DUMMY__ 0.03835253994681182	true	1.0
N2230	opposes 1.0	opposes 1.0	opposes 0.7349022778700846 favors 0.24793922927238163 __DUMMY__ 0.01715849285753379	false	1.0
N969	favors 1.0		opposes 0.5118633983858607 favors 0.4500097659531961 __DUMMY__ 0.03812683566094318	true	0.5
N1380	favors 1.0		favors 0.4911645107398934 opposes 0.47064970457793415 __DUMMY__ 0.038185784682172486	true	1.0
N1381	favors 1.0	favors 1.0	favors 0.7347536414672488 opposes 0.24888485625348514 __DUMMY__ 0.016361502279266072	false	1.0
N963	opposes 1.0		favors 0.48537400269826336 opposes 0.4755449639515566 __DUMMY__ 0.03908103335018004	true	0.5
N1386	opposes 1.0		opposes 0.48563419719727835 favors 0.47730792762994334 __DUMMY__ 0.03705787517277836	true	1.0
N2233	favors 1.0		opposes 0.5074753311404936 favors 0.4532114605737075 __DUMMY__ 0.03931320828579889	true	0.5
N964	favors 1.0		favors 0.5163971573861508 opposes 0.4449757966633085 __DUMMY__ 0.038627045950540805	true	1.0
N1387	opposes 1.0	opposes 1.0	opposes 0.7434241958745961 favors 0.2396898721758739 __DUMMY__ 0.016885931949530083	false	1.0
N2234	favors 1.0		opposes 0.49164053875743474 favors 0.46943571774329135 __DUMMY__ 0.03892374349927392	true	0.5
N965	favors 1.0		opposes 0.5293198407923079 favors 0.4317563421356374 __DUMMY__ 0.03892381707205475	true	0.5
N1384	favors 1.0		opposes 0.49322508036288676 favors 0.46833083107662166 __DUMMY__ 0.03844408856049159	true	0.5
N2231	favors 1.0		favors 0.5080879127850088 opposes 0.45203146255677634 __DUMMY__ 0.039880624658214986	true	1.0
N966	favors 1.0		opposes 0.49896081859835334 favors 0.462007669293139 __DUMMY__ 0.03903151210850748	true	0.5
N1385	favors 1.0		favors 0.4870522682134403 opposes 0.474140971314138 __DUMMY__ 0.0388067604724219	true	1.0
N2232	opposes 1.0	opposes 1.0	opposes 0.7234677699555622 favors 0.2587081916679661 __DUMMY__ 0.01782403837647164	false	1.0
N2237	opposes 1.0		favors 0.49642283130593184 opposes 0.4661303772699324 __DUMMY__ 0.037446791424135706	true	0.5
N2238	favors 1.0		favors 0.5176907780276443 opposes 0.4443762254693417 __DUMMY__ 0.0379329965030141	true	1.0
N1388	opposes 1.0		favors 0.4978255881254965 opposes 0.4648851955934192 __DUMMY__ 0.037289216281084336	true	0.5
N2235	favors 1.0		favors 0.48783581886480065 opposes 0.47380720175279456 __DUMMY__ 0.03835697938240471	true	1.0
N1389	opposes 1.0	opposes 1.0	opposes 0.7238758687356405 favors 0.2586995424625499 __DUMMY__ 0.017424588801809717	false	1.0
N2236	opposes 1.0		favors 0.48855663125091553 opposes 0.4733191107179322 __DUMMY__ 0.038124258031152325	true	0.5
N2239	favors 1.0		opposes 0.5260847248323978 favors 0.43561558900107406 __DUMMY__ 0.03829968616652816	true	0.5
N950	opposes 1.0		opposes 0.5213606392848213 favors 0.43985511586435416 __DUMMY__ 0.038784244850824504	true	1.0
N951	opposes 1.0	opposes 1.0	opposes 0.7320632416892647 favors 0.250717297174965 __DUMMY__ 0.017219461135770366	false	1.0
N956	favors 1.0		opposes 0.4862527953787254 favors 0.4743345204097632 __DUMMY__ 0.03941268421151133	true	0.5
N1371	opposes 1.0		opposes 0.4813926478730533 favors 0.47980604050852493 __DUMMY__ 0.03880131161842179	true	1.0
N957	opposes 1.0		opposes 0.5051923378691779 favors 0.45592628995574525 __DUMMY__ 0.038881372175076846	true	1.0
N1372	favors 1.0	favors 1.0	favors 0.7151229886549509 opposes 0.26807483406910637 __DUMMY__ 0.016802177275942635	false	1.0
N958	opposes 1.0		favors 0.48251643982271547 opposes 0.47919121726658975 __DUMMY__ 0.03829234291069485	true	0.5
N959	opposes 1.0		opposes 0.5033950939038472 favors 0.457026757068113 __DUMMY__ 0.03957814902803975	true	1.0
N1370	favors 1.0		favors 0.4884769413123239 opposes 0.47331084542186314 __DUMMY__ 0.038212213265813054	true	1.0
N952	opposes 1.0		opposes 0.4897888140025603 favors 0.4725530883235939 __DUMMY__ 0.03765809767384579	true	1.0
N1375	favors 1.0		favors 0.5101983127476113 opposes 0.4499233167975933 __DUMMY__ 0.03987837045479549	true	1.0
N2222	opposes 1.0	opposes 1.0	opposes 0.7298725272854971 favors 0.2541573787681302 __DUMMY__ 0.01597009394637277	false	1.0
N953	favors 1.0		opposes 0.51687944290885 favors 0.4437422670663058 __DUMMY__ 0.03937829002484408	true	0.5
N1376	favors 1.0		favors 0.48393125312521 opposes 0.47593032107702415 __DUMMY__ 0.0401384257977658	true	1.0
N2223	favors 1.0	favors 1.0	favors 0.706909152135001 opposes 0.2760598471317879 __DUMMY__ 0.01703100073321092	false	1.0
N954	favors 1.0		favors 0.4944599840862578 opposes 0.467218165187207 __DUMMY__ 0.03832185072653531	true	1.0
N1373	favors 1.0		favors 0.48768659480648424 opposes 0.47458379480378593 __DUMMY__ 0.03772961038972986	true	1.0
N2220	opposes 1.0	opposes 1.0	opposes 0.7343324279085585 favors 0.2488860455262881 __DUMMY__ 0.01678152656515336	false	1.0
N955	favors 1.0		opposes 0.4814648694756676 favors 0.4781765079016862 __DUMMY__ 0.04035862262264632	true	0.5
N1374	opposes 1.0	opposes 1.0	opposes 0.7330880461198156 favors 0.24976236727630258 __DUMMY__ 0.017149586603881797	false	1.0
N2221	favors 1.0		favors 0.4826472780617447 opposes 0.47878588601709593 __DUMMY__ 0.038566835921159455	true	1.0
N1379	favors 1.0	favors 1.0	favors 0.7298402062535134 opposes 0.25326583481805254 __DUMMY__ 0.016893958928434115	false	1.0
N2226	opposes 1.0		favors 0.4860043814575573 opposes 0.4758380295015532 __DUMMY__ 0.0381575890408896	true	0.5
N2227	favors 1.0		opposes 0.4843734027125359 favors 0.47686217359367505 __DUMMY__ 0.03876442369378907	true	0.5
N1377	opposes 1.0		opposes 0.5033330375807447 favors 0.4573332245279124 __DUMMY__ 0.03933373789134307	true	1.0
N2224	favors 1.0	favors 1.0	favors 0.7330636135496853 opposes 0.25044679281054877 __DUMMY__ 0.016489593639765963	false	1.0
N1378	favors 1.0		opposes 0.4884648488426534 favors 0.47258148549502393 __DUMMY__ 0.03895366566232264	true	0.5
N2225	favors 1.0		favors 0.48054615643274257 opposes 0.47976490005315553 __DUMMY__ 0.03968894351410181	true	1.0
N2228	opposes 1.0		opposes 0.5025479929360949 favors 0.45923981356735105 __DUMMY__ 0.03821219349655412	true	1.0
N2229	opposes 1.0		favors 0.4848981243986173 opposes 0.4774540415523753 __DUMMY__ 0.03764783404900727	true	0.5
N981	favors 1.0		favors 0.5238003603605494 opposes 0.4390172772492282 __DUMMY__ 0.03718236239022246	true	1.0
N982	opposes 1.0	opposes 1.0	opposes 0.7480829797000369 favors 0.23545412583999567 __DUMMY__ 0.016462894459967427	false	1.0
N983	favors 1.0		opposes 0.49373441071300533 favors 0.4685290594298774 __DUMMY__ 0.03773652985711731	true	0.5
N500	favors 1.0		opposes 0.4803471091409528 favors 0.4793200363213237 __DUMMY__ 0.040332854537723534	true	0.5
N984	favors 1.0	favors 1.0	favors 0.7286551018733105 opposes 0.25462287896384733 __DUMMY__ 0.016722019162842203	false	1.0
N980	opposes 1.0		favors 0.4931368321273352 opposes 0.4694269897407638 __DUMMY__ 0.03743617813190103	true	0.5
N505	favors 1.0		favors 0.5184828694508986 opposes 0.4435504753246846 __DUMMY__ 0.03796665522441687	true	1.0
N989	favors 1.0		opposes 0.4834445034521902 favors 0.4782388521065109 __DUMMY__ 0.03831664444129903	true	0.5
N1360	favors 1.0		favors 0.4839684130259926 opposes 0.47742316778804883 __DUMMY__ 0.03860841918595843	true	1.0
N506	opposes 1.0		opposes 0.5305995099166215 favors 0.43104578445976666 __DUMMY__ 0.038354705623611964	true	1.0
N1361	opposes 1.0		favors 0.4850594612144257 opposes 0.4765939206758794 __DUMMY__ 0.03834661810969489	true	0.5
N507	opposes 1.0		opposes 0.49933546904593246 favors 0.4622095692189232 __DUMMY__ 0.038454961735144316	true	1.0
N508	opposes 1.0		favors 0.4825549437951061 opposes 0.4785847295088323 __DUMMY__ 0.03886032669606158	true	0.5
N501	opposes 1.0		opposes 0.511166439913943 favors 0.44939023247878934 __DUMMY__ 0.03944332760726769	true	1.0
N985	favors 1.0	favors 1.0	favors 0.7230997536518267 opposes 0.2611803625892807 __DUMMY__ 0.01571988375889271	false	1.0
N1364	favors 1.0		opposes 0.5005095766443741 favors 0.4608743725536858 __DUMMY__ 0.038616050801940235	true	0.5
N2211	favors 1.0	favors 1.0	favors 0.725608857742607 opposes 0.25801676045552907 __DUMMY__ 0.01637438180186401	false	1.0
N502	opposes 1.0		opposes 0.4939248713430498 favors 0.46705656398354967 __DUMMY__ 0.039018564673400674	true	1.0
N986	opposes 1.0	opposes 1.0	opposes 0.7473498613865547 favors 0.23551289054858457 __DUMMY__ 0.017137248064860746	false	1.0
N1365	favors 1.0		opposes 0.48061692589331007 favors 0.4803636611254405 __DUMMY__ 0.03901941298124939	true	0.5
N2212	favors 1.0	favors 1.0	favors 0.7113171638528872 opposes 0.27160128415099816 __DUMMY__ 0.017081551996114525	false	1.0
N503	favors 1.0	favors 1.0	favors 0.7280140277108159 opposes 0.25522376105630035 __DUMMY__ 0.01676221123288375	false	1.0
N987	opposes 1.0		favors 0.4881555657634639 opposes 0.47398844752561564 __DUMMY__ 0.03785598671092053	true	0.5
N1362	favors 1.0		favors 0.49321116106219315 opposes 0.4691432511176205 __DUMMY__ 0.03764558782018628	true	1.0
N504	favors 1.0		favors 0.4957292363332473 opposes 0.46682285108210275 __DUMMY__ 0.03744791258464995	true	1.0
N988	opposes 1.0		opposes 0.48780004381024855 favors 0.47231369708878146 __DUMMY__ 0.03988625910096994	true	1.0
N1363	opposes 1.0		opposes 0.5307080472775217 favors 0.4307760550583233 __DUMMY__ 0.03851589766415489	true	1.0
N2210	favors 1.0		opposes 0.505596337881282 favors 0.45641778844975694 __DUMMY__ 0.03798587366896104	true	0.5
N1368	favors 1.0		favors 0.4986738057147366 opposes 0.4635553063141683 __DUMMY__ 0.03777088797109504	true	1.0
N2215	opposes 1.0		opposes 0.5108849141615934 favors 0.4499749388995057 __DUMMY__ 0.039140146938900895	true	1.0
N1369	favors 1.0	favors 1.0	favors 0.7264787517507584 opposes 0.25599883164001547 __DUMMY__ 0.0175224166092261	false	1.0
N2216	opposes 1.0	opposes 1.0	opposes 0.7317746488423076 favors 0.25117108479516426 __DUMMY__ 0.0170542663625282	false	1.0
N1366	favors 1.0		opposes 0.4925352714086117 favors 0.4703273921753646 __DUMMY__ 0.03713733641602373	true	0.5
N2213	opposes 1.0		favors 0.5078737224437038 opposes 0.45239793129546874 __DUMMY__ 0.03972834626082764	true	0.5
N1367	opposes 1.0		opposes 0.5101446352971367 favors 0.4510698811665927 __DUMMY__ 0.038785483536270565	true	1.0
N2214	favors 1.0		opposes 0.48051358059905214 favors 0.47945309765464605 __DUMMY__ 0.04003332174630196	true	0.5
N509	opposes 1.0		opposes 0.4910510753927695 favors 0.4720288506354509 __DUMMY__ 0.03692007397177962	true	1.0
N2219	opposes 1.0		opposes 0.5300861796000127 favors 0.4318188041585938 __DUMMY__ 0.03809501624139352	true	1.0
N2217	favors 1.0		favors 0.48734200226492463 opposes 0.47475762355274326 __DUMMY__ 0.037900374182332094	true	1.0
N2218	favors 1.0		favors 0.5180317560297725 opposes 0.44428995307566466 __DUMMY__ 0.03767829089456269	true	1.0
N970	favors 1.0	favors 1.0	favors 0.7355377644561323 opposes 0.24833667463701656 __DUMMY__ 0.016125560906851192	false	1.0
N971	favors 1.0	favors 1.0	favors 0.7268320069048271 opposes 0.25593681778170424 __DUMMY__ 0.017231175313468648	false	1.0
N972	opposes 1.0		favors 0.49007962586905274 opposes 0.4723869320348855 __DUMMY__ 0.03753344209606184	true	0.5
N973	favors 1.0	favors 1.0	favors 0.7246551548994511 opposes 0.25861836393014115 __DUMMY__ 0.016726481170407804	false	1.0
N978	favors 1.0		opposes 0.48861287678077053 favors 0.47308447037038504 __DUMMY__ 0.03830265284884447	true	0.5
N979	favors 1.0	favors 1.0	favors 0.7305204168438899 opposes 0.25297676452286616 __DUMMY__ 0.016502818633243883	false	1.0
N1350	favors 1.0		opposes 0.5182995268522891 favors 0.44272522657295216 __DUMMY__ 0.038975246574758614	true	0.5
N974	opposes 1.0	opposes 1.0	opposes 0.7344023079511414 favors 0.24916667237929052 __DUMMY__ 0.01643101966956813	false	1.0
N1353	favors 1.0		opposes 0.4878530370340668 favors 0.47314987799795966 __DUMMY__ 0.03899708496797361	true	0.5
N2200	favors 1.0		favors 0.4929433858163066 opposes 0.4693871299544703 __DUMMY__ 0.03766948422922314	true	1.0
N975	opposes 1.0	opposes 1.0	opposes 0.7204895033369939 favors 0.263400679759798 __DUMMY__ 0.01610981690320807	false	1.0
N1354	opposes 1.0	opposes 1.0	opposes 0.7382726982484348 favors 0.24479758303818844 __DUMMY__ 0.016929718713376805	false	1.0
N2201	opposes 1.0		opposes 0.5292690802581541 favors 0.4322152223679088 __DUMMY__ 0.03851569737393716	true	1.0
N976	favors 1.0		favors 0.5141105154658039 opposes 0.44671627140582215 __DUMMY__ 0.039173213128374025	true	1.0
N1351	favors 1.0		favors 0.4931524149731953 opposes 0.46894718325302154 __DUMMY__ 0.037900401773783246	true	1.0
N977	favors 1.0		opposes 0.504713446657682 favors 0.45665290946856685 __DUMMY__ 0.03863364387375104	true	0.5
N1352	opposes 1.0		favors 0.4827553153265856 opposes 0.47888409521170927 __DUMMY__ 0.03836058946170501	true	0.5
N1357	favors 1.0	favors 1.0	favors 0.7366739405419531 opposes 0.24540432152967576 __DUMMY__ 0.017921737928371137	false	1.0
N2204	opposes 1.0		opposes 0.4921200627818239 favors 0.4707035224355947 __DUMMY__ 0.037176414782581255	true	1.0
N1358	favors 1.0		opposes 0.5120049401940598 favors 0.44841111536714184 __DUMMY__ 0.03958394443879826	true	0.5
N2205	opposes 1.0		opposes 0.5174342597119234 favors 0.44399524899703435 __DUMMY__ 0.03857049129104231	true	1.0
N1355	opposes 1.0	opposes 1.0	opposes 0.7244305863982503 favors 0.25896216953228934 __DUMMY__ 0.016607244069460313	false	1.0
N2202	opposes 1.0		opposes 0.49988151566404376 favors 0.4615050966781004 __DUMMY__ 0.038613387657855866	true	1.0
N1356	opposes 1.0		opposes 0.5050903101632755 favors 0.45579538166698097 __DUMMY__ 0.03911430816974356	true	1.0
N2203	favors 1.0		opposes 0.4805329198117386 favors 0.4804624778030818 __DUMMY__ 0.03900460238517951	true	0.5
N2208	favors 1.0	favors 1.0	favors 0.727159728260706 opposes 0.25623999118327945 __DUMMY__ 0.01660028055601453	false	1.0
N2209	opposes 1.0		opposes 0.4863200855737418 favors 0.4750997421294331 __DUMMY__ 0.03858017229682505	true	1.0
N1359	favors 1.0		opposes 0.4952489675383386 favors 0.4655951434557321 __DUMMY__ 0.03915588900592931	true	0.5
N2206	opposes 1.0		favors 0.49558583839706943 opposes 0.4669652828683199 __DUMMY__ 0.03744887873461078	true	0.5
N2207	opposes 1.0		opposes 0.4814532725480038 favors 0.478992883238157 __DUMMY__ 0.03955384421383919	true	1.0
N520	opposes 1.0	opposes 1.0	opposes 0.7423237670553836 favors 0.2406033205313625 __DUMMY__ 0.0170729124132539	false	1.0
N521	opposes 1.0		opposes 0.4981111532180095 favors 0.4635447003323126 __DUMMY__ 0.038344146449678054	true	1.0
N522	favors 1.0	favors 1.0	favors 0.7243616606094329 opposes 0.25911312726674796 __DUMMY__ 0.016525212123819293	false	1.0
N2270	opposes 1.0		opposes 0.5040947587474157 favors 0.45691735438366743 __DUMMY__ 0.038987886868916875	true	1.0
N527	favors 1.0		opposes 0.48419504743765746 favors 0.4776791954470243 __DUMMY__ 0.03812575711531827	true	0.5
N2273	favors 1.0	favors 1.0	favors 0.7308041055974819 opposes 0.25265776713454097 __DUMMY__ 0.016538127267977144	false	1.0
N528	opposes 1.0	opposes 1.0	opposes 0.7326157402397282 favors 0.25161760119174803 __DUMMY__ 0.01576665856852382	false	1.0
N2274	favors 1.0	favors 1.0	favors 0.7350027939856467 opposes 0.24882053558876444 __DUMMY__ 0.016176670425588804	false	1.0
N529	opposes 1.0		opposes 0.5139620019846471 favors 0.44700148948560614 __DUMMY__ 0.039036508529746834	true	1.0
N2271	opposes 1.0		opposes 0.4887480647299071 favors 0.4726179249222155 __DUMMY__ 0.03863401034787741	true	1.0
