N1742	opposes 1.0	opposes 1.0	opposes 0.7359731097820247 favors 0.25940035155910274 __DUMMY__ 0.004626538658872624	false	1.0
N1743	favors 1.0		favors 0.5483310872073803 opposes 0.43507333589121205 __DUMMY__ 0.01659557690140776	true	1.0
N1740	opposes 1.0		favors 0.6325891327230173 opposes 0.35205572843333854 __DUMMY__ 0.015355138843644228	true	0.5
N1741	opposes 1.0	opposes 1.0	opposes 0.7598731454518189 favors 0.23549478423318712 __DUMMY__ 0.004632070314993869	false	1.0
N1746	opposes 1.0	opposes 1.0	opposes 0.6914826711007558 favors 0.3034060280071814 __DUMMY__ 0.00511130089206277	false	1.0
N1747	opposes 1.0	opposes 1.0	opposes 0.7224826132630956 favors 0.27239126838161887 __DUMMY__ 0.005126118355285547	false	1.0
N1744	opposes 1.0		favors 0.49493923195277734 opposes 0.4897247630946288 __DUMMY__ 0.015336004952593824	true	0.5
N1745	opposes 1.0	opposes 1.0	opposes 0.745501236709317 favors 0.24991815508780496 __DUMMY__ 0.0045806082028780745	false	1.0
N1748	favors 1.0	favors 1.0	favors 0.7626868056717281 opposes 0.23272475500649076 __DUMMY__ 0.004588439321781239	false	1.0
N1749	opposes 1.0		favors 0.5121088358246977 opposes 0.4710322647215723 __DUMMY__ 0.01685889945373006	true	0.5
N1731	favors 1.0	favors 1.0	favors 0.7361670164844416 opposes 0.25889850990254026 __DUMMY__ 0.00493447361301815	false	1.0
N1732	favors 1.0	favors 1.0	favors 0.7602838059005452 opposes 0.23564577589887065 __DUMMY__ 0.004070418200584082	false	1.0
N1730	opposes 1.0		favors 0.5155287685695121 opposes 0.4675369566005614 __DUMMY__ 0.016934274829926557	true	0.5
N1735	opposes 1.0	opposes 1.0	opposes 0.7393629882256241 favors 0.25502433464176477 __DUMMY__ 0.005612677132611101	false	1.0
N1736	opposes 1.0		favors 0.5079223538665856 opposes 0.4773378771058916 __DUMMY__ 0.01473976902752293	true	0.5
N1733	favors 1.0	favors 1.0	favors 0.7849345587532092 opposes 0.20985500780104582 __DUMMY__ 0.00521043344574508	false	1.0
N1734	favors 1.0	favors 1.0	favors 0.7626485966409231 opposes 0.23231803878520077 __DUMMY__ 0.005033364573876101	false	1.0
N1739	favors 1.0	favors 1.0	favors 0.7786498372670644 opposes 0.21646522651763525 __DUMMY__ 0.004884936215300315	false	1.0
N1737	favors 1.0		favors 0.5556337345090373 opposes 0.42784971135847566 __DUMMY__ 0.01651655413248702	true	1.0
N1738	favors 1.0		favors 0.5274628086962238 opposes 0.4558225825098444 __DUMMY__ 0.01671460879393193	true	1.0
N1720	favors 1.0		favors 0.5803467731049261 opposes 0.4038107119098161 __DUMMY__ 0.01584251498525773	true	1.0
N1721	favors 1.0	favors 1.0	favors 0.8025153666254851 opposes 0.1930260826096821 __DUMMY__ 0.004458550764832783	false	1.0
N1724	favors 1.0	favors 1.0	favors 0.7607123856618597 opposes 0.2342343945763839 __DUMMY__ 0.005053219761756472	false	1.0
N1725	favors 1.0	favors 1.0	favors 0.7339122619839441 opposes 0.26166987445603 __DUMMY__ 0.004417863560025991	false	1.0
N1722	opposes 1.0	opposes 1.0	opposes 0.7566714210410842 favors 0.23881052971865657 __DUMMY__ 0.0045180492402592445	false	1.0
N1723	favors 1.0	favors 1.0	favors 0.726866099435587 opposes 0.2686238810567244 __DUMMY__ 0.0045100195076885315	false	1.0
N1728	opposes 1.0		favors 0.5100450847700837 opposes 0.4733458779057555 __DUMMY__ 0.016609037324160844	true	0.5
N1729	favors 1.0	favors 1.0	favors 0.7660107170761442 opposes 0.22939826815926706 __DUMMY__ 0.004591014764588669	false	1.0
N1726	opposes 1.0	opposes 1.0	opposes 0.7458166676148758 favors 0.2495999618593855 __DUMMY__ 0.004583370525738763	false	1.0
N1727	favors 1.0		favors 0.5743659357903035 opposes 0.4090813045558325 __DUMMY__ 0.01655275965386391	true	1.0
N1710	favors 1.0	favors 1.0	favors 0.7418185172272194 opposes 0.2531362907586378 __DUMMY__ 0.00504519201414276	false	1.0
N1713	opposes 1.0	opposes 1.0	opposes 0.7213283648276749 favors 0.27388398364175487 __DUMMY__ 0.004787651530570195	false	1.0
N1714	opposes 1.0	opposes 1.0	opposes 0.6999487701126597 favors 0.2960676047019187 __DUMMY__ 0.00398362518542177	false	1.0
N1711	opposes 1.0	opposes 1.0	opposes 0.6962734723437927 favors 0.2992398549232263 __DUMMY__ 0.00448667273298111	false	1.0
N1712	favors 1.0	favors 1.0	favors 0.7444154814966492 opposes 0.2503656224390179 __DUMMY__ 0.005218896064333007	false	1.0
N1717	favors 1.0	favors 1.0	favors 0.7208930883488471 opposes 0.2736968158828799 __DUMMY__ 0.005410095768272962	false	1.0
N1718	favors 1.0		favors 0.5107082385852711 opposes 0.47466182364482246 __DUMMY__ 0.014629937769906369	true	1.0
N1715	opposes 1.0		opposes 0.511643241348174 favors 0.47215056000013056 __DUMMY__ 0.016206198651695435	true	1.0
N1716	opposes 1.0	opposes 1.0	opposes 0.6970513611846201 favors 0.2980630816178534 __DUMMY__ 0.004885557197526549	false	1.0
N1719	favors 1.0	favors 1.0	favors 0.7639817425527331 opposes 0.23098724548327323 __DUMMY__ 0.005031011963993606	false	1.0
N1782	favors 1.0	favors 1.0	favors 0.7341031000406074 opposes 0.26137801805910044 __DUMMY__ 0.00451888190029217	false	1.0
N1783	opposes 1.0		opposes 0.5192874354435354 favors 0.465090243252456 __DUMMY__ 0.015622321304008589	true	1.0
N1780	favors 1.0		opposes 0.4986615884549512 favors 0.48577540853732154 __DUMMY__ 0.015563003007727278	true	0.5
N1781	favors 1.0	favors 1.0	favors 0.760083050784964 opposes 0.23477528670257 __DUMMY__ 0.005141662512466029	false	1.0
N1302	opposes 1.0	opposes 1.0	opposes 0.6786951185568691 favors 0.31624534224256706 __DUMMY__ 0.0050595392005637705	false	1.0
N1786	favors 1.0	favors 1.0	favors 0.7637137156119731 opposes 0.23165437471855418 __DUMMY__ 0.004631909669472676	false	1.0
N1303	favors 1.0	favors 1.0	favors 0.7583892291012623 opposes 0.23669591658476746 __DUMMY__ 0.004914854313970311	false	1.0
N1787	opposes 1.0	opposes 1.0	opposes 0.7186164718827059 favors 0.2760191287606558 __DUMMY__ 0.005364399356638293	false	1.0
N1300	favors 1.0		favors 0.49797423709367183 opposes 0.4861570388179664 __DUMMY__ 0.015868724088361763	true	1.0
N1784	opposes 1.0	opposes 1.0	opposes 0.6895444657692852 favors 0.30527695587588094 __DUMMY__ 0.005178578354833774	false	1.0
N1301	favors 1.0	favors 1.0	favors 0.75601616752898 opposes 0.23999339378379395 __DUMMY__ 0.00399043868722605	false	1.0
N1785	opposes 1.0	opposes 1.0	opposes 0.7216990664319212 favors 0.2731103028885244 __DUMMY__ 0.005190630679554532	false	1.0
N1306	opposes 1.0	opposes 1.0	opposes 0.7002110032610411 favors 0.294720361482123 __DUMMY__ 0.005068635256835922	false	1.0
N1307	favors 1.0	favors 1.0	favors 0.7454301129560987 opposes 0.24944469095633753 __DUMMY__ 0.005125196087563711	false	1.0
N1304	opposes 1.0		opposes 0.5181238635961909 favors 0.4648810496780517 __DUMMY__ 0.01699508672575742	true	1.0
N1788	opposes 1.0		favors 0.5032575404424006 opposes 0.48059120518440085 __DUMMY__ 0.016151254373198715	true	0.5
N1305	opposes 1.0	opposes 1.0	opposes 0.7262171800182772 favors 0.2696789001623942 __DUMMY__ 0.0041039198193286	false	1.0
N1789	favors 1.0		favors 0.5441069842585757 opposes 0.44120247325248424 __DUMMY__ 0.014690542488939976	true	1.0
N1308	favors 1.0		favors 0.5723550621004232 opposes 0.4117734789777681 __DUMMY__ 0.015871458921808766	true	1.0
N1309	opposes 1.0	opposes 1.0	opposes 0.6608241317357216 favors 0.3346963541138572 __DUMMY__ 0.004479514150421193	false	1.0
N1771	favors 1.0		favors 0.5480502064059649 opposes 0.43734866129689604 __DUMMY__ 0.014601132297139	true	1.0
N1772	opposes 1.0	opposes 1.0	opposes 0.7400477166506914 favors 0.2548610717023728 __DUMMY__ 0.005091211646935848	false	1.0
N1770	favors 1.0	favors 1.0	favors 0.7387497907876629 opposes 0.25636841812696026 __DUMMY__ 0.004881791085376925	false	1.0
N1775	favors 1.0		opposes 0.5059958546285219 favors 0.47689081908523584 __DUMMY__ 0.01711332628624223	true	0.5
N1776	favors 1.0	favors 1.0	favors 0.7408123264062254 opposes 0.254987325033784 __DUMMY__ 0.004200348559990543	false	1.0
N1773	opposes 1.0		favors 0.5903841454739702 opposes 0.3932008437428596 __DUMMY__ 0.016415010783170144	true	0.5
N2620	favors 1.0	favors 1.0	favors 0.7321320528511294 opposes 0.26344081879378256 __DUMMY__ 0.004427128355088085	false	1.0
N1774	opposes 1.0	opposes 1.0	opposes 0.6980915755292127 favors 0.29693457933088085 __DUMMY__ 0.004973845139906479	false	1.0
N1779	opposes 1.0	opposes 1.0	opposes 0.7559854521676588 favors 0.23940240468839546 __DUMMY__ 0.0046121431439457555	false	1.0
N1777	favors 1.0	favors 1.0	favors 0.7632222169541543 opposes 0.23165253869532293 __DUMMY__ 0.005125244350522855	false	1.0
N1778	favors 1.0		favors 0.6230680926699478 opposes 0.3615051770206988 __DUMMY__ 0.015426730309353614	true	1.0
N901	favors 1.0	favors 1.0	favors 0.7419223486925702 opposes 0.2527913559412344 __DUMMY__ 0.005286295366195302	false	1.0
N902	opposes 1.0		favors 0.5047240115028321 opposes 0.4792239268815858 __DUMMY__ 0.016052061615582237	true	0.5
N903	opposes 1.0	opposes 1.0	opposes 0.7040278963093465 favors 0.2917702721737393 __DUMMY__ 0.0042018315169142645	false	1.0
N904	opposes 1.0	opposes 1.0	opposes 0.7395086018076792 favors 0.2553873641019575 __DUMMY__ 0.005104034090363252	false	1.0
N1760	opposes 1.0	opposes 1.0	opposes 0.6641343536878326 favors 0.33128288625621827 __DUMMY__ 0.004582760055949218	false	1.0
N1761	opposes 1.0	opposes 1.0	opposes 0.7581035282149922 favors 0.23727300813364757 __DUMMY__ 0.004623463651360181	false	1.0
N900	opposes 1.0	opposes 1.0	opposes 0.700390638996142 favors 0.29498396826927326 __DUMMY__ 0.004625392734584741	false	1.0
N909	opposes 1.0		favors 0.5457490886398578 opposes 0.43781247303863596 __DUMMY__ 0.016438438321506172	true	0.5
N1764	opposes 1.0		favors 0.4936341958881575 opposes 0.49093451172371316 __DUMMY__ 0.015431292388129405	true	0.5
N2611	favors 1.0		opposes 0.5101129509410047 favors 0.47295608628229935 __DUMMY__ 0.01693096277669578	true	0.5
N1765	favors 1.0	favors 1.0	favors 0.719008151591892 opposes 0.27642323635160376 __DUMMY__ 0.004568612056504324	false	1.0
N2612	favors 1.0		favors 0.507043732718175 opposes 0.47828529701316824 __DUMMY__ 0.01467097026865663	true	1.0
N1762	opposes 1.0		opposes 0.5032722787036998 favors 0.48113230288306874 __DUMMY__ 0.015595418413231308	true	1.0
N1763	opposes 1.0	opposes 1.0	opposes 0.7039589367577215 favors 0.29089824324074126 __DUMMY__ 0.005142820001537258	false	1.0
N2610	opposes 1.0	opposes 1.0	opposes 0.699857645404674 favors 0.29525860108420565 __DUMMY__ 0.00488375351112038	false	1.0
N905	opposes 1.0		favors 0.5784038627919638 opposes 0.4052129649846021 __DUMMY__ 0.016383172223434297	true	0.5
N1768	opposes 1.0	opposes 1.0	opposes 0.6971943552073298 favors 0.298228727910593 __DUMMY__ 0.0045769168820771755	false	1.0
N2615	opposes 1.0	opposes 1.0	opposes 0.6863788701743925 favors 0.30886906814152004 __DUMMY__ 0.004752061684087351	false	1.0
N906	opposes 1.0		favors 0.5448887776990574 opposes 0.43888390032239327 __DUMMY__ 0.016227321978549324	true	0.5
N1769	favors 1.0	favors 1.0	favors 0.7443000711259344 opposes 0.25040523727058767 __DUMMY__ 0.0052946916034778725	false	1.0
N2616	favors 1.0	favors 1.0	favors 0.7987577606897946 opposes 0.19677474491976996 __DUMMY__ 0.004467494390435272	false	1.0
N907	favors 1.0	favors 1.0	favors 0.720877498372174 opposes 0.27365854268850465 __DUMMY__ 0.005463958939321338	false	1.0
N1766	favors 1.0		favors 0.5709645116473286 opposes 0.4125338468592662 __DUMMY__ 0.01650164149340521	true	1.0
N2613	opposes 1.0	opposes 1.0	opposes 0.6984619866984536 favors 0.29651305342716494 __DUMMY__ 0.0050249598743814065	false	1.0
N908	favors 1.0		favors 0.5072619456180524 opposes 0.47777573030604753 __DUMMY__ 0.014962324075900016	true	1.0
N1767	favors 1.0		favors 0.5122938071711435 opposes 0.4711526226396812 __DUMMY__ 0.016553570189175287	true	1.0
N2614	opposes 1.0	opposes 1.0	opposes 0.7128858095891306 favors 0.2820295206217549 __DUMMY__ 0.0050846697891145315	false	1.0
N2619	opposes 1.0		favors 0.5436929127660539 opposes 0.4399517515986481 __DUMMY__ 0.016355335635298153	true	0.5
N2617	favors 1.0	favors 1.0	favors 0.7037985647007979 opposes 0.2916766927733237 __DUMMY__ 0.004524742525878301	false	1.0
N2618	favors 1.0	favors 1.0	favors 0.7252874913936844 opposes 0.27019555094286296 __DUMMY__ 0.004516957663452581	false	1.0
N1750	favors 1.0	favors 1.0	favors 0.7359753983920371 opposes 0.25913631871620124 __DUMMY__ 0.004888282891761706	false	1.0
N1753	favors 1.0		favors 0.5824106357745367 opposes 0.401153832252685 __DUMMY__ 0.016435531972778347	true	1.0
N2600	opposes 1.0	opposes 1.0	opposes 0.730129520988434 favors 0.2653799807781505 __DUMMY__ 0.004490498233415543	false	1.0
N1754	favors 1.0		favors 0.5457653509377327 opposes 0.4379837360664204 __DUMMY__ 0.016250912995846883	true	1.0
N2601	favors 1.0	favors 1.0	favors 0.717078710425887 opposes 0.27843869246517156 __DUMMY__ 0.0044825971089415845	false	1.0
N1751	favors 1.0		favors 0.5418715544683403 opposes 0.44347322029465175 __DUMMY__ 0.01465522523700786	true	1.0
N1752	favors 1.0		opposes 0.5156082131403527 favors 0.4679672731173514 __DUMMY__ 0.016424513742296	true	0.5
N1757	favors 1.0	favors 1.0	favors 0.7596579042038338 opposes 0.23521540657829634 __DUMMY__ 0.005126689217869772	false	1.0
N2604	opposes 1.0	opposes 1.0	opposes 0.6987856740475368 favors 0.2967204574936528 __DUMMY__ 0.004493868458810434	false	1.0
N1758	favors 1.0		favors 0.5226053694667925 opposes 0.4607377415176763 __DUMMY__ 0.016656889015531175	true	1.0
N2605	favors 1.0	favors 1.0	favors 0.742440018294716 opposes 0.25235033112083904 __DUMMY__ 0.0052096505844451005	false	1.0
N1755	opposes 1.0	opposes 1.0	opposes 0.7400736122907121 favors 0.2544457778269152 __DUMMY__ 0.00548060988237271	false	1.0
N2602	favors 1.0	favors 1.0	favors 0.7713285161595751 opposes 0.22365063003493968 __DUMMY__ 0.005020853805485254	false	1.0
N1756	opposes 1.0		favors 0.5053632526157641 opposes 0.4797501956064228 __DUMMY__ 0.014886551777813214	true	0.5
N2603	favors 1.0	favors 1.0	favors 0.7399308100259064 opposes 0.255029096001317 __DUMMY__ 0.005040093972776517	false	1.0
N2608	opposes 1.0	opposes 1.0	opposes 0.7422391129388326 favors 0.25276733311190863 __DUMMY__ 0.004993553949258784	false	1.0
N2609	opposes 1.0		favors 0.5868206653990161 opposes 0.3969676430406978 __DUMMY__ 0.016211691560286078	true	0.5
N1759	favors 1.0	favors 1.0	favors 0.7736686484580884 opposes 0.22148236190533124 __DUMMY__ 0.0048489896365803776	false	1.0
N2606	opposes 1.0	opposes 1.0	opposes 0.7236392655684432 favors 0.2715726244593587 __DUMMY__ 0.004788109972198162	false	1.0
N2607	opposes 1.0	opposes 1.0	opposes 0.7027568866746234 favors 0.2932393763527337 __DUMMY__ 0.004003736972642828	false	1.0
N923	favors 1.0		opposes 0.5159602882367559 favors 0.4676520832955969 __DUMMY__ 0.01638762846764729	true	0.5
N924	favors 1.0	favors 1.0	favors 0.7796112852383805 opposes 0.21527905560651572 __DUMMY__ 0.005109659155103774	false	1.0
N925	favors 1.0	favors 1.0	favors 0.7600316220593544 opposes 0.23500173696065443 __DUMMY__ 0.0049666409799912405	false	1.0
N926	opposes 1.0	opposes 1.0	opposes 0.7400037376546875 favors 0.25451635608913087 __DUMMY__ 0.005479906256181583	false	1.0
N1342	opposes 1.0	opposes 1.0	opposes 0.7225732156074154 favors 0.27329749195657854 __DUMMY__ 0.00412929243600599	false	1.0
N920	opposes 1.0	opposes 1.0	opposes 0.7190722846708902 favors 0.2756398981296565 __DUMMY__ 0.005287817199453178	false	1.0
N1343	favors 1.0	favors 1.0	favors 0.7624031147230959 opposes 0.23255013613550407 __DUMMY__ 0.005046749141399994	false	1.0
N921	favors 1.0		favors 0.5028630244180579 opposes 0.4811142904728416 __DUMMY__ 0.01602268510910061	true	1.0
N1340	favors 1.0	favors 1.0	favors 0.7619116425293061 opposes 0.2331852634572865 __DUMMY__ 0.004903094013407321	false	1.0
N922	favors 1.0		favors 0.5431264533256905 opposes 0.44228966132852376 __DUMMY__ 0.014583885345785625	true	1.0
N1341	opposes 1.0		opposes 0.5080276118915631 favors 0.4749976740909318 __DUMMY__ 0.016974714017505166	true	1.0
N1346	opposes 1.0	opposes 1.0	opposes 0.7570304467676344 favors 0.238426670578417 __DUMMY__ 0.004542882653948606	false	1.0
N1347	opposes 1.0	opposes 1.0	opposes 0.7351121127091051 favors 0.2603524441595779 __DUMMY__ 0.004535443131316906	false	1.0
N1344	favors 1.0		favors 0.52681632170848 opposes 0.4566713320981073 __DUMMY__ 0.016512346193412627	true	1.0
N1345	favors 1.0	favors 1.0	favors 0.7999997305705978 opposes 0.19551194083441234 __DUMMY__ 0.004488328594989933	false	1.0
N927	opposes 1.0		favors 0.5058106082327387 opposes 0.47936294447660893 __DUMMY__ 0.014826447290652363	true	0.5
N928	favors 1.0		favors 0.5482896030902049 opposes 0.4352593691348948 __DUMMY__ 0.016451027774900186	true	1.0
N929	favors 1.0		favors 0.5234384949162301 opposes 0.45993239854857965 __DUMMY__ 0.01662910653519033	true	1.0
N1348	favors 1.0	favors 1.0	favors 0.7592909990185619 opposes 0.23564119758928526 __DUMMY__ 0.005067803392152869	false	1.0
N1349	opposes 1.0	opposes 1.0	opposes 0.7282015620367231 favors 0.26735246331392404 __DUMMY__ 0.004445974649352876	false	1.0
N912	favors 1.0		favors 0.6085145774860085 opposes 0.37598915925926213 __DUMMY__ 0.01549626325472939	true	1.0
N913	favors 1.0		opposes 0.49961217674012076 favors 0.4847676434587116 __DUMMY__ 0.015620179801167755	true	0.5
N914	opposes 1.0		favors 0.5402727988132783 opposes 0.44322067683766536 __DUMMY__ 0.016506524349056504	true	0.5
N915	favors 1.0	favors 1.0	favors 0.7325372654382557 opposes 0.2628838443275899 __DUMMY__ 0.004578890234154394	false	1.0
N1331	favors 1.0		favors 0.4959240027030857 opposes 0.4887623071937205 __DUMMY__ 0.015313690103193766	true	1.0
N1332	opposes 1.0	opposes 1.0	opposes 0.7441321606380512 favors 0.2513674370804244 __DUMMY__ 0.004500402281524356	false	1.0
N910	opposes 1.0	opposes 1.0	opposes 0.713253333394596 favors 0.2815708488314478 __DUMMY__ 0.0051758177739562195	false	1.0
N911	favors 1.0		favors 0.5687624201594991 opposes 0.4151876957731608 __DUMMY__ 0.016049884067340252	true	1.0
N1330	favors 1.0	favors 1.0	favors 0.7593315345547912 opposes 0.2355256874277061 __DUMMY__ 0.005142778017502669	false	1.0
N1335	favors 1.0	favors 1.0	favors 0.7649699379986952 opposes 0.23051895754572843 __DUMMY__ 0.0045111044555763945	false	1.0
N1336	opposes 1.0	opposes 1.0	opposes 0.717416973983063 favors 0.2773544662483976 __DUMMY__ 0.005228559768539456	false	1.0
N1333	favors 1.0	favors 1.0	favors 0.7724228348695397 opposes 0.22253698651620704 __DUMMY__ 0.0050401786142532925	false	1.0
N1334	favors 1.0	favors 1.0	favors 0.7409512547707878 opposes 0.2539901546678846 __DUMMY__ 0.005058590561327582	false	1.0
N916	opposes 1.0	opposes 1.0	opposes 0.7455781384984946 favors 0.24986010630928243 __DUMMY__ 0.004561755192222989	false	1.0
N1339	favors 1.0		favors 0.5891597667502845 opposes 0.39458153480682 __DUMMY__ 0.01625869844289536	true	1.0
N917	opposes 1.0	opposes 1.0	opposes 0.6904310538990577 favors 0.30446656719331344 __DUMMY__ 0.00510237890762877	false	1.0
N918	opposes 1.0	opposes 1.0	opposes 0.7221007050793845 favors 0.27278147834110117 __DUMMY__ 0.005117816579514309	false	1.0
N1337	favors 1.0	favors 1.0	favors 0.7378299664850361 opposes 0.2573620215532223 __DUMMY__ 0.004808011961741603	false	1.0
N919	favors 1.0	favors 1.0	favors 0.763266988926625 opposes 0.2321627436437098 __DUMMY__ 0.004570267429665155	false	1.0
N1338	favors 1.0		favors 0.5466969992996501 opposes 0.4388511718998928 __DUMMY__ 0.014451828800456997	true	1.0
N940	opposes 1.0		favors 0.5135875333774853 opposes 0.4696151916996695 __DUMMY__ 0.01679727492284524	true	0.5
N945	favors 1.0	favors 1.0	favors 0.7585080458551894 opposes 0.23649735120387969 __DUMMY__ 0.004994602940930977	false	1.0
N946	opposes 1.0		opposes 0.5063406156322193 favors 0.47664221377991467 __DUMMY__ 0.01701717058786596	true	1.0
N947	opposes 1.0	opposes 1.0	opposes 0.7229674406671188 favors 0.2727494436317289 __DUMMY__ 0.004283115701152226	false	1.0
N948	favors 1.0	favors 1.0	favors 0.7473511963469887 opposes 0.2474729858790551 __DUMMY__ 0.0051758177739562195	false	1.0
N941	favors 1.0	favors 1.0	favors 0.7366325418641622 opposes 0.25845520075986 __DUMMY__ 0.004912257375977799	false	1.0
N1320	favors 1.0		opposes 0.5149105347890194 favors 0.46872940311209804 __DUMMY__ 0.01636006209888259	true	0.5
N942	favors 1.0	favors 1.0	favors 0.7564608686916456 opposes 0.2393372997914401 __DUMMY__ 0.004201831516914264	false	1.0
N1321	favors 1.0	favors 1.0	favors 0.7829149625388034 opposes 0.21196556313627352 __DUMMY__ 0.005119474324923029	false	1.0
N943	favors 1.0	favors 1.0	favors 0.7192462366358247 opposes 0.27564972927381215 __DUMMY__ 0.00510403409036325	false	1.0
N944	opposes 1.0	opposes 1.0	opposes 0.6820651398769074 favors 0.31280475470851493 __DUMMY__ 0.00513010541457761	false	1.0
N1324	opposes 1.0	opposes 1.0	opposes 0.7226274400155229 favors 0.27320994737236426 __DUMMY__ 0.00416261261211288	false	1.0
N1325	favors 1.0	favors 1.0	favors 0.7625502840346103 opposes 0.232323520689014 __DUMMY__ 0.005126195276375796	false	1.0
N1322	favors 1.0	favors 1.0	favors 0.7620394033326885 opposes 0.23299281632356955 __DUMMY__ 0.004967780343741855	false	1.0
N1323	opposes 1.0	opposes 1.0	opposes 0.7388787052823993 favors 0.25561510475943594 __DUMMY__ 0.005506189958164731	false	1.0
N949	favors 1.0		favors 0.5687624201594992 opposes 0.4151876957731606 __DUMMY__ 0.01604988406734026	true	1.0
N1328	opposes 1.0	opposes 1.0	opposes 0.7582641181065901 favors 0.23714476198163717 __DUMMY__ 0.004591119911772777	false	1.0
N1329	opposes 1.0		opposes 0.5019025323833106 favors 0.48260692994926707 __DUMMY__ 0.015490537667422349	true	1.0
N1326	favors 1.0	favors 1.0	favors 0.749241779633033 opposes 0.24558235254515537 __DUMMY__ 0.0051758678218116454	false	1.0
N1327	favors 1.0		favors 0.6258188606576759 opposes 0.358846409031505 __DUMMY__ 0.015334730310819101	true	1.0
N934	favors 1.0	favors 1.0	favors 0.757315902921249 opposes 0.2375500343472912 __DUMMY__ 0.0051340627314598675	false	1.0
N935	opposes 1.0		favors 0.4938680885793131 opposes 0.49075350951999713 __DUMMY__ 0.015378401900689731	true	0.5
N1790	opposes 1.0		opposes 0.5159511233920346 favors 0.4675198706059144 __DUMMY__ 0.016529006002051125	true	1.0
N936	opposes 1.0		opposes 0.5143061356625862 favors 0.4701045244216599 __DUMMY__ 0.015589339915753841	true	1.0
N937	opposes 1.0	opposes 1.0	opposes 0.6921066751948927 favors 0.30277588281898965 __DUMMY__ 0.005117441986117667	false	1.0
N930	favors 1.0	favors 1.0	favors 0.7745273024354917 opposes 0.22063816022655108 __DUMMY__ 0.0048345373379571855	false	1.0
N1793	opposes 1.0		opposes 0.5110766668469751 favors 0.4716793092489883 __DUMMY__ 0.017244023904036638	true	1.0
N931	opposes 1.0		favors 0.6178180382839393 opposes 0.36677363399585566 __DUMMY__ 0.015408327720204803	true	0.5
N1310	opposes 1.0	opposes 1.0	opposes 0.7623002277816675 favors 0.23316302619612664 __DUMMY__ 0.004536746022205772	false	1.0
N1794	opposes 1.0		favors 0.5062077212003343 opposes 0.4788642034553419 __DUMMY__ 0.014928075344323858	true	0.5
N932	opposes 1.0	opposes 1.0	opposes 0.758428500620625 favors 0.23696631748998453 __DUMMY__ 0.004605181889390537	false	1.0
N1791	favors 1.0	favors 1.0	favors 0.7804385434348646 opposes 0.21436112894449127 __DUMMY__ 0.005200327620644194	false	1.0
N933	opposes 1.0	opposes 1.0	opposes 0.7366691737392876 favors 0.25873175045073976 __DUMMY__ 0.004599075809972497	false	1.0
N1792	favors 1.0	favors 1.0	favors 0.7604652218251613 opposes 0.23449316440365725 __DUMMY__ 0.005041613771181443	false	1.0
N1313	opposes 1.0		opposes 0.5184883512047395 favors 0.4660534299739023 __DUMMY__ 0.01545821882135822	true	1.0
N1797	favors 1.0		favors 0.574619972201618 opposes 0.4092413809449285 __DUMMY__ 0.016138646853453543	true	1.0
N1314	favors 1.0		favors 0.5712663728781521 opposes 0.41226673901695093 __DUMMY__ 0.016466888104896972	true	1.0
N1798	opposes 1.0	opposes 1.0	opposes 0.6608475282283665 favors 0.33451532180802535 __DUMMY__ 0.004637149963608063	false	1.0
N1311	opposes 1.0	opposes 1.0	opposes 0.7394413197340457 favors 0.25602962569611376 __DUMMY__ 0.004529054569840554	false	1.0
N1795	opposes 1.0		favors 0.5494476898129419 opposes 0.4339547263770615 __DUMMY__ 0.016597583809996663	true	0.5
N1312	opposes 1.0	opposes 1.0	opposes 0.73229610161895 favors 0.26326880763074645 __DUMMY__ 0.00443509075030353	false	1.0
N1796	favors 1.0	favors 1.0	favors 0.7479892594896452 opposes 0.24676602093354424 __DUMMY__ 0.005244719576810641	false	1.0
N938	opposes 1.0		favors 0.509031339180747 opposes 0.4744413966651698 __DUMMY__ 0.016527264154083298	true	0.5
N1317	opposes 1.0	opposes 1.0	opposes 0.7172702025660328 favors 0.27742791190387184 __DUMMY__ 0.005301885530095402	false	1.0
N939	favors 1.0	favors 1.0	favors 0.7617354817419146 opposes 0.23363912552350072 __DUMMY__ 0.004625392734584743	false	1.0
N1318	favors 1.0	favors 1.0	favors 0.7370331799977768 opposes 0.2580951939103124 __DUMMY__ 0.004871626091910654	false	1.0
N1315	opposes 1.0		favors 0.5102468990158235 opposes 0.473229882890248 __DUMMY__ 0.016523218093928326	true	0.5
N1799	opposes 1.0	opposes 1.0	opposes 0.7585295292690818 favors 0.2367994876424265 __DUMMY__ 0.004670983088491733	false	1.0
N1316	favors 1.0	favors 1.0	favors 0.7652294571019831 opposes 0.23021538578864834 __DUMMY__ 0.004555157109368573	false	1.0
N1319	opposes 1.0	opposes 1.0	opposes 0.700920143337403 favors 0.2950236909377003 __DUMMY__ 0.0040561657248966015	false	1.0
N960	favors 1.0		favors 0.5498279285002089 opposes 0.43384320568083573 __DUMMY__ 0.01632886581895532	true	1.0
N961	favors 1.0		opposes 0.5095298943625565 favors 0.4732349601040807 __DUMMY__ 0.017235145533362767	true	0.5
N962	opposes 1.0	opposes 1.0	opposes 0.7230476192706329 favors 0.2727115234569133 __DUMMY__ 0.0042408572724538	false	1.0
N967	opposes 1.0		favors 0.5449272586528038 opposes 0.4384235019593605 __DUMMY__ 0.016649239387835746	true	0.5
N1382	favors 1.0		favors 0.6240398434960048 opposes 0.3604690201805463 __DUMMY__ 0.015491136323448902	true	1.0
N968	favors 1.0	favors 1.0	favors 0.732404942259856 opposes 0.26302743716166893 __DUMMY__ 0.0045676205784750635	false	1.0
N1383	opposes 1.0		opposes 0.5346161090251741 favors 0.4497390700741892 __DUMMY__ 0.015644820900636725	true	1.0
N2230	opposes 1.0	opposes 1.0	opposes 0.7394855145932898 favors 0.2554977130863047 __DUMMY__ 0.0050167723204054705	false	1.0
N969	favors 1.0	favors 1.0	favors 0.7194104397505892 opposes 0.27610577029055705 __DUMMY__ 0.004483789958853794	false	1.0
N1380	favors 1.0		favors 0.5310559873262688 opposes 0.4522652915445662 __DUMMY__ 0.016678721129165158	true	1.0
N1381	favors 1.0	favors 1.0	favors 0.7781310891548139 opposes 0.21700868114726907 __DUMMY__ 0.00486022969791705	false	1.0
N963	opposes 1.0		favors 0.5514170392558309 opposes 0.4319979103212631 __DUMMY__ 0.016585050422906006	true	0.5
N1386	opposes 1.0	opposes 1.0	opposes 0.7256020927890507 favors 0.2698541325938422 __DUMMY__ 0.004543774617106968	false	1.0
N2233	favors 1.0	favors 1.0	favors 0.7220937128257713 opposes 0.27249163146978866 __DUMMY__ 0.005414655704439996	false	1.0
N964	favors 1.0	favors 1.0	favors 0.8000068948349104 opposes 0.1953686737863784 __DUMMY__ 0.004624431378711219	false	1.0
N1387	opposes 1.0	opposes 1.0	opposes 0.7449530780089522 favors 0.2504339544266065 __DUMMY__ 0.004612967564441254	false	1.0
N2234	favors 1.0	favors 1.0	favors 0.7413006949943275 opposes 0.2545632305493376 __DUMMY__ 0.004136074456334969	false	1.0
N965	favors 1.0		opposes 0.5425708139177993 favors 0.44175370174293543 __DUMMY__ 0.015675484339265255	true	0.5
N1384	favors 1.0	favors 1.0	favors 0.7292606803295516 opposes 0.26611050847165896 __DUMMY__ 0.004628811198789423	false	1.0
N2231	favors 1.0		favors 0.5915971022544844 opposes 0.39213972821524945 __DUMMY__ 0.016263169530266356	true	1.0
N966	favors 1.0		opposes 0.5017288248602799 favors 0.48262485814301254 __DUMMY__ 0.015646316996707457	true	0.5
N1385	favors 1.0		favors 0.549722619157575 opposes 0.4337006712865282 __DUMMY__ 0.016576709555896737	true	1.0
N2232	opposes 1.0	opposes 1.0	opposes 0.6975660069839186 favors 0.29752836355071577 __DUMMY__ 0.0049056294653655975	false	1.0
N2237	opposes 1.0	opposes 1.0	opposes 0.684187031243622 favors 0.3110385614729529 __DUMMY__ 0.004774407283424968	false	1.0
N2238	favors 1.0	favors 1.0	favors 0.8011228022097655 opposes 0.19438324135466303 __DUMMY__ 0.004493956435571412	false	1.0
N1388	opposes 1.0		favors 0.5700074079954955 opposes 0.4133955293487655 __DUMMY__ 0.016597062655738886	true	0.5
N2235	favors 1.0	favors 1.0	favors 0.7638094477982978 opposes 0.23114187431611619 __DUMMY__ 0.00504867788558595	false	1.0
N1389	opposes 1.0	opposes 1.0	opposes 0.7207804863976822 favors 0.2740333580144053 __DUMMY__ 0.005186155587912478	false	1.0
N2236	opposes 1.0		favors 0.529301282956155 opposes 0.4541838652882442 __DUMMY__ 0.016514851755600878	true	0.5
N2239	favors 1.0	favors 1.0	favors 0.7063192548234314 opposes 0.2891333848067651 __DUMMY__ 0.004547360369803429	false	1.0
N950	opposes 1.0		opposes 0.5363503206735281 favors 0.44800072474104063 __DUMMY__ 0.015648954585431366	true	1.0
N951	opposes 1.0	opposes 1.0	opposes 0.7343097060558006 favors 0.26103296053167113 __DUMMY__ 0.004657333412528321	false	1.0
N956	favors 1.0		favors 0.514758074363422 opposes 0.4682848022296805 __DUMMY__ 0.016957123406897593	true	1.0
N1371	opposes 1.0		favors 0.5202229843966915 opposes 0.4628972253934675 __DUMMY__ 0.016879790209841095	true	0.5
N957	opposes 1.0	opposes 1.0	opposes 0.7231001374844911 favors 0.27195994141898694 __DUMMY__ 0.00493992109652194	false	1.0
N1372	favors 1.0	favors 1.0	favors 0.7406579460482647 opposes 0.25444201306367453 __DUMMY__ 0.004900040888060588	false	1.0
N958	opposes 1.0		favors 0.5458819528516667 opposes 0.43944674243836107 __DUMMY__ 0.01467130470997209	true	0.5
N959	opposes 1.0	opposes 1.0	opposes 0.741931457096355 favors 0.25291149951938097 __DUMMY__ 0.005157043384263942	false	1.0
N1370	favors 1.0	favors 1.0	favors 0.7667585131070503 opposes 0.22864276125637564 __DUMMY__ 0.004598725636574085	false	1.0
N952	opposes 1.0	opposes 1.0	opposes 0.7280216038019213 favors 0.26739950596392437 __DUMMY__ 0.004578890234154394	false	1.0
N1375	favors 1.0		favors 0.5921684373816898 opposes 0.3913707565826263 __DUMMY__ 0.016460806035683905	true	1.0
N2222	opposes 1.0	opposes 1.0	opposes 0.7321011072095488 favors 0.26345971656662753 __DUMMY__ 0.004439176223823707	false	1.0
N953	favors 1.0		opposes 0.5179709237847306 favors 0.4664215387014574 __DUMMY__ 0.015607537513811873	true	0.5
N1376	favors 1.0	favors 1.0	favors 0.7640015050130282 opposes 0.23100881515259794 __DUMMY__ 0.00498967983437383	false	1.0
N2223	favors 1.0	favors 1.0	favors 0.7194841249730072 opposes 0.27601085809423276 __DUMMY__ 0.004505016932760087	false	1.0
N954	favors 1.0	favors 1.0	favors 0.7721018244745371 opposes 0.22272886424495242 __DUMMY__ 0.005169311280510559	false	1.0
N1373	favors 1.0		favors 0.5504888576388338 opposes 0.43483352525042285 __DUMMY__ 0.014677617110743382	true	1.0
N2220	opposes 1.0	opposes 1.0	opposes 0.7390668902526765 favors 0.2564024557513517 __DUMMY__ 0.0045306539959718796	false	1.0
N955	favors 1.0	favors 1.0	favors 0.7402856330234864 opposes 0.2545324637925924 __DUMMY__ 0.005181903183921198	false	1.0
N1374	opposes 1.0	opposes 1.0	opposes 0.737907152548946 favors 0.25698707996795545 __DUMMY__ 0.0051057674830985505	false	1.0
N2221	favors 1.0		favors 0.5387782153799131 opposes 0.4448293215498267 __DUMMY__ 0.016392463070260342	true	1.0
N1379	favors 1.0	favors 1.0	favors 0.7647350401578007 opposes 0.23012551229855652 __DUMMY__ 0.005139447543642683	false	1.0
N2226	opposes 1.0		favors 0.5569145167092304 opposes 0.42762919916546005 __DUMMY__ 0.015456284125309507	true	0.5
N2227	favors 1.0	favors 1.0	favors 0.7448013880805796 opposes 0.2499695521525189 __DUMMY__ 0.005229059766901514	false	1.0
N1377	opposes 1.0		opposes 0.5019222277482329 favors 0.4809369802371047 __DUMMY__ 0.017140792014662502	true	1.0
N2224	favors 1.0	favors 1.0	favors 0.7736058818152057 opposes 0.22135225810836365 __DUMMY__ 0.005041860076430593	false	1.0
N1378	favors 1.0	favors 1.0	favors 0.7424919994132183 opposes 0.2532778116010779 __DUMMY__ 0.004230188985703799	false	1.0
N2225	favors 1.0	favors 1.0	favors 0.7422638669977949 opposes 0.2526760772248306 __DUMMY__ 0.005060055777374614	false	1.0
N2228	opposes 1.0	opposes 1.0	opposes 0.7211370414187318 favors 0.2740517053842293 __DUMMY__ 0.004811253197038972	false	1.0
N2229	opposes 1.0		favors 0.5491081003651236 opposes 0.43642464571938544 __DUMMY__ 0.014467253915491168	true	0.5
N981	favors 1.0		favors 0.6274898490379806 opposes 0.3572846804312572 __DUMMY__ 0.015225470530762147	true	1.0
N982	opposes 1.0	opposes 1.0	opposes 0.7556975230167138 favors 0.2397759454334245 __DUMMY__ 0.004526531549861705	false	1.0
N983	favors 1.0	favors 1.0	favors 0.7278254711945774 opposes 0.2676558242405579 __DUMMY__ 0.004518704564864683	false	1.0
N500	favors 1.0		favors 0.5482845917538037 opposes 0.43543154650874655 __DUMMY__ 0.016283861737449785	true	1.0
N984	favors 1.0	favors 1.0	favors 0.7614108394692465 opposes 0.23353213688727764 __DUMMY__ 0.005057023643475865	false	1.0
N980	opposes 1.0		favors 0.5304457398690337 opposes 0.4530676132528595 __DUMMY__ 0.016486646878106994	true	0.5
N505	favors 1.0	favors 1.0	favors 0.7996052729101119 opposes 0.19579331301346284 __DUMMY__ 0.0046014140764253034	false	1.0
N989	favors 1.0	favors 1.0	favors 0.7626592802622029 opposes 0.23280471697988073 __DUMMY__ 0.004536002757916485	false	1.0
N1360	favors 1.0	favors 1.0	favors 0.7635734008683148 opposes 0.2312371407518837 __DUMMY__ 0.005189458379801463	false	1.0
N506	opposes 1.0		opposes 0.5457445749141046 favors 0.43863187071573995 __DUMMY__ 0.015623554370155604	true	1.0
N1361	opposes 1.0		favors 0.5286451884052521 opposes 0.45461096890802305 __DUMMY__ 0.016743842686724953	true	0.5
N507	opposes 1.0	opposes 1.0	opposes 0.7369725116755892 favors 0.2583921815657718 __DUMMY__ 0.004635306758638968	false	1.0
N508	opposes 1.0		favors 0.543204736618048 opposes 0.4401879187428525 __DUMMY__ 0.016607344639099565	true	0.5
N501	opposes 1.0		opposes 0.5125438850137909 favors 0.47025536026094195 __DUMMY__ 0.017200754725267227	true	1.0
N985	favors 1.0	favors 1.0	favors 0.7348245774165699 opposes 0.26074776889699125 __DUMMY__ 0.004427653686438859	false	1.0
N1364	favors 1.0		opposes 0.4988745703576969 favors 0.48548475745285186 __DUMMY__ 0.015640672189451095	true	0.5
N2211	favors 1.0	favors 1.0	favors 0.7559410716439647 opposes 0.24005228484168276 __DUMMY__ 0.004006643514352484	false	1.0
N502	opposes 1.0		favors 0.5056093391515459 opposes 0.4795424443754341 __DUMMY__ 0.01484821647302001	true	0.5
N986	opposes 1.0	opposes 1.0	opposes 0.7466035770088315 favors 0.24887018690270518 __DUMMY__ 0.004526236088463258	false	1.0
N1365	favors 1.0	favors 1.0	favors 0.7603684831323326 opposes 0.23442931321992996 __DUMMY__ 0.005202203647737346	false	1.0
N2212	favors 1.0	favors 1.0	favors 0.7135378564458909 opposes 0.2814412362798506 __DUMMY__ 0.005020907274258521	false	1.0
N503	favors 1.0	favors 1.0	favors 0.7477363772737137 opposes 0.24703929404971156 __DUMMY__ 0.005224328676574697	false	1.0
N987	opposes 1.0	opposes 1.0	opposes 0.6908842924210236 favors 0.3040449271781916 __DUMMY__ 0.0050707804007848935	false	1.0
N1362	favors 1.0		favors 0.5791360465157824 opposes 0.4047458179783047 __DUMMY__ 0.016118135505912748	true	1.0
N504	favors 1.0		favors 0.5753451704099324 opposes 0.4085762162615237 __DUMMY__ 0.01607861332854397	true	1.0
N988	opposes 1.0	opposes 1.0	opposes 0.7228845626867562 favors 0.27202763494821536 __DUMMY__ 0.005087802365028495	false	1.0
N1363	opposes 1.0		opposes 0.5396794760461661 favors 0.4446506761764049 __DUMMY__ 0.015669847777428844	true	1.0
N2210	favors 1.0		favors 0.4985260688778325 opposes 0.4855916796701446 __DUMMY__ 0.01588225145202275	true	1.0
N1368	favors 1.0	favors 1.0	favors 0.7742106856456034 opposes 0.2206667130042724 __DUMMY__ 0.005122601350124327	false	1.0
N2215	opposes 1.0	opposes 1.0	opposes 0.7427304089076046 favors 0.25183865629520646 __DUMMY__ 0.0054309347971889434	false	1.0
N1369	favors 1.0	favors 1.0	favors 0.7434508905997663 opposes 0.2514121961477077 __DUMMY__ 0.005136913252525867	false	1.0
N2216	opposes 1.0	opposes 1.0	opposes 0.7261642742887168 favors 0.2697194337241635 __DUMMY__ 0.004116291987119767	false	1.0
N1366	favors 1.0		favors 0.49853632715742063 opposes 0.4859921177490979 __DUMMY__ 0.015471555093481472	true	1.0
N2213	opposes 1.0	opposes 1.0	opposes 0.6802002316744826 favors 0.31475589495090095 __DUMMY__ 0.005043873374616474	false	1.0
N1367	opposes 1.0		opposes 0.5110206194006834 favors 0.4733998381414482 __DUMMY__ 0.01557954245786835	true	1.0
N2214	favors 1.0	favors 1.0	favors 0.7582512119804645 opposes 0.23684264645307013 __DUMMY__ 0.004906141566465383	false	1.0
N509	opposes 1.0	opposes 1.0	opposes 0.729906919845661 favors 0.2655475080448016 __DUMMY__ 0.004545572109537357	false	1.0
N2219	opposes 1.0	opposes 1.0	opposes 0.7613537912203089 favors 0.2341079657015436 __DUMMY__ 0.004538243078147569	false	1.0
N2217	favors 1.0		favors 0.5197853328518502 opposes 0.46370398077484676 __DUMMY__ 0.01651068637330312	true	1.0
N2218	favors 1.0		favors 0.6166356789647167 opposes 0.36812423643021913 __DUMMY__ 0.015240084605064156	true	1.0
N970	favors 1.0	favors 1.0	favors 0.7745813361270432 opposes 0.22038895585374524 __DUMMY__ 0.005029708019211564	false	1.0
N971	favors 1.0	favors 1.0	favors 0.7426111533181343 opposes 0.2523400525157274 __DUMMY__ 0.005048794166138222	false	1.0
N972	opposes 1.0	opposes 1.0	opposes 0.6958758078228312 favors 0.2996290529452955 __DUMMY__ 0.004495139231873245	false	1.0
N973	favors 1.0	favors 1.0	favors 0.7452010035669971 opposes 0.24957815737225275 __DUMMY__ 0.005220839060750051	false	1.0
N978	favors 1.0	favors 1.0	favors 0.7416290695871288 opposes 0.2542630758332066 __DUMMY__ 0.004107854579664523	false	1.0
N979	favors 1.0	favors 1.0	favors 0.7646973870388424 opposes 0.2302675257863077 __DUMMY__ 0.005035087174849953	false	1.0
N1350	favors 1.0	favors 1.0	favors 0.718643667736866 opposes 0.2767434609051391 __DUMMY__ 0.004612871357994819	false	1.0
N974	opposes 1.0	opposes 1.0	opposes 0.7206357516714762 favors 0.27457026325899786 __DUMMY__ 0.004793985069525861	false	1.0
N1353	favors 1.0		favors 0.517531156298435 opposes 0.46552027400213847 __DUMMY__ 0.016948569699426444	true	1.0
N2200	favors 1.0	favors 1.0	favors 0.776480142609763 opposes 0.2185996278130934 __DUMMY__ 0.004920229577143745	false	1.0
N975	opposes 1.0	opposes 1.0	opposes 0.6994769040673086 favors 0.2965249659905924 __DUMMY__ 0.003998129942099051	false	1.0
N1354	opposes 1.0	opposes 1.0	opposes 0.721474809142086 favors 0.2735885647954824 __DUMMY__ 0.004936626062431707	false	1.0
N2201	opposes 1.0		opposes 0.5399411214671263 favors 0.44432215599217995 __DUMMY__ 0.015736722540693898	true	1.0
N976	favors 1.0		favors 0.5943360593065848 opposes 0.38944033835699365 __DUMMY__ 0.01622360233642152	true	1.0
N1351	favors 1.0		favors 0.5720094732145842 opposes 0.4113942813669039 __DUMMY__ 0.01659624541851206	true	1.0
N977	favors 1.0	favors 1.0	favors 0.7220441657218662 opposes 0.27254611821579117 __DUMMY__ 0.0054097160623425835	false	1.0
N1352	opposes 1.0		favors 0.5567161298099816 opposes 0.42763759613763846 __DUMMY__ 0.01564627405237976	true	0.5
N1357	favors 1.0	favors 1.0	favors 0.7833864398435524 opposes 0.21142881755236012 __DUMMY__ 0.005184742604087508	false	1.0
N2204	opposes 1.0		favors 0.4973885050851354 opposes 0.4870669120601368 __DUMMY__ 0.01554458285472763	true	0.5
N1358	favors 1.0	favors 1.0	favors 0.7211483745668804 opposes 0.27329661404520694 __DUMMY__ 0.00555501138791271	false	1.0
N2205	opposes 1.0	opposes 1.0	opposes 0.7481201347189179 favors 0.24738495004578193 __DUMMY__ 0.004494915235300135	false	1.0
N1355	opposes 1.0	opposes 1.0	opposes 0.700388356660789 favors 0.2954690698237269 __DUMMY__ 0.00414257351548413	false	1.0
N2202	opposes 1.0		opposes 0.4997376297426401 favors 0.4845528052206328 __DUMMY__ 0.01570956503672722	true	1.0
N1356	opposes 1.0		opposes 0.5111313059057062 favors 0.4723611668665689 __DUMMY__ 0.016507527227724875	true	1.0
N2203	favors 1.0		favors 0.5458833172958977 opposes 0.4374167359183181 __DUMMY__ 0.01669994678578411	true	1.0
N2208	favors 1.0	favors 1.0	favors 0.7617756601400477 opposes 0.23371847808871088 __DUMMY__ 0.004505861771241407	false	1.0
