N1742	opposes 1.0		opposes 0.5305772195965599 favors 0.41298046987718695 __DUMMY__ 0.05644231052625329	true	1.0
N1743	favors 1.0		opposes 0.520936166348758 favors 0.42295818688836057 __DUMMY__ 0.05610564676288164	true	0.5
N1740	opposes 1.0		opposes 0.49469468933036126 favors 0.4482191548753494 __DUMMY__ 0.05708615579428932	true	1.0
N1741	opposes 1.0		opposes 0.5289923273004606 favors 0.41424215239701634 __DUMMY__ 0.05676552030252312	true	1.0
N1746	opposes 1.0	opposes 1.0	opposes 0.7416150422109113 favors 0.2319149413019267 __DUMMY__ 0.026470016487162056	false	1.0
N1747	opposes 1.0		opposes 0.5101673782998073 favors 0.4325177474925656 __DUMMY__ 0.05731487420762708	true	1.0
N1744	opposes 1.0		opposes 0.4920613168855876 favors 0.4530917014447698 __DUMMY__ 0.054846981669642594	true	1.0
N1745	opposes 1.0		opposes 0.5306584696816792 favors 0.4140510087730802 __DUMMY__ 0.05529052154524059	true	1.0
N1748	favors 1.0		opposes 0.5150462747867227 favors 0.42937835717664274 __DUMMY__ 0.05557536803663457	true	0.5
N1749	opposes 1.0		opposes 0.5144285263623063 favors 0.4285343830789243 __DUMMY__ 0.057037090558769356	true	1.0
N1731	favors 1.0		opposes 0.5658187939523082 favors 0.3799028334791266 __DUMMY__ 0.05427837256856528	true	0.5
N1732	favors 1.0		opposes 0.5098505815663037 favors 0.4338234724125235 __DUMMY__ 0.056325946021172885	true	0.5
N1730	opposes 1.0		opposes 0.513302211026338 favors 0.42950368262869826 __DUMMY__ 0.057194106344963705	true	1.0
N1735	opposes 1.0		opposes 0.5270951736797214 favors 0.41559435280663803 __DUMMY__ 0.05731047351364057	true	1.0
N1736	opposes 1.0		opposes 0.5302592489341635 favors 0.4129912430564551 __DUMMY__ 0.05674950800938145	true	1.0
N1733	favors 1.0		favors 0.4755238049301684 opposes 0.468210044334687 __DUMMY__ 0.056266150735144585	true	1.0
N1734	favors 1.0		opposes 0.49266470457759837 favors 0.44885995803805506 __DUMMY__ 0.058475337384346494	true	0.5
N1739	favors 1.0		opposes 0.4845345362677779 favors 0.4599729735424146 __DUMMY__ 0.05549249018980735	true	0.5
N1737	favors 1.0		opposes 0.5162552998794881 favors 0.4265105187737104 __DUMMY__ 0.05723418134680143	true	0.5
N1738	favors 1.0		opposes 0.5074738357534022 favors 0.43676282999865534 __DUMMY__ 0.055763334247942484	true	0.5
N1720	favors 1.0		opposes 0.48421173046210825 favors 0.46052792396392933 __DUMMY__ 0.05526034557396252	true	0.5
N1721	favors 1.0	favors 1.0	favors 0.7067238849026973 opposes 0.26641322343573925 __DUMMY__ 0.026862891661563363	false	1.0
N1724	favors 1.0		opposes 0.5181398573643651 favors 0.42604160710452893 __DUMMY__ 0.05581853553110591	true	0.5
N1725	favors 1.0		opposes 0.4912641139105077 favors 0.4540780064035613 __DUMMY__ 0.0546578796859311	true	0.5
N1722	opposes 1.0		opposes 0.5260131837078572 favors 0.41751911287357696 __DUMMY__ 0.056467703418565836	true	1.0
N1723	favors 1.0		opposes 0.5274391777217821 favors 0.41640132641362954 __DUMMY__ 0.05615949586458841	true	0.5
N1728	opposes 1.0		opposes 0.5085729933368447 favors 0.4339241216008031 __DUMMY__ 0.05750288506235217	true	1.0
N1729	favors 1.0		opposes 0.5140644339800406 favors 0.43036666308820526 __DUMMY__ 0.05556890293175408	true	0.5
N1726	opposes 1.0		opposes 0.5313927901042832 favors 0.41335867355982303 __DUMMY__ 0.055248536335893696	true	1.0
N1727	favors 1.0		opposes 0.5107996209443072 favors 0.4328561707730986 __DUMMY__ 0.05634420828259432	true	0.5
N1710	favors 1.0		opposes 0.5068211852853399 favors 0.4360187901448795 __DUMMY__ 0.057160024569780706	true	0.5
N1713	opposes 1.0		opposes 0.5601496710220177 favors 0.38572943195631265 __DUMMY__ 0.054120897021669556	true	1.0
N1714	opposes 1.0		opposes 0.5078668052040508 favors 0.436097997009668 __DUMMY__ 0.05603519778628107	true	1.0
N1711	opposes 1.0		opposes 0.5120924504678591 favors 0.43255628459039097 __DUMMY__ 0.055351264941749904	true	1.0
N1712	favors 1.0		opposes 0.5112312477652394 favors 0.4319032078490488 __DUMMY__ 0.056865544385711765	true	0.5
N1717	favors 1.0		opposes 0.5238539951478897 favors 0.4191975465307512 __DUMMY__ 0.0569484583213591	true	0.5
N1718	favors 1.0		opposes 0.5272362769166506 favors 0.4163098409552737 __DUMMY__ 0.05645388212807568	true	0.5
N1715	opposes 1.0		opposes 0.5476384146809612 favors 0.39701948052256125 __DUMMY__ 0.055342104796477665	true	1.0
N1716	opposes 1.0		opposes 0.49181904084521016 favors 0.4501256948196992 __DUMMY__ 0.05805526433509049	true	1.0
N1719	favors 1.0	favors 1.0	favors 0.6959897221907393 opposes 0.2770948288021305 __DUMMY__ 0.02691544900713013	false	1.0
N1782	favors 1.0		opposes 0.4952092468899537 favors 0.4498810850562944 __DUMMY__ 0.05490966805375172	true	0.5
N1783	opposes 1.0		opposes 0.5296326595398206 favors 0.41529534575016713 __DUMMY__ 0.055071994710012305	true	1.0
N1780	favors 1.0		opposes 0.5302989208099413 favors 0.4133367860457845 __DUMMY__ 0.05636429314427405	true	0.5
N1781	favors 1.0		opposes 0.5215509662287896 favors 0.42239610506568825 __DUMMY__ 0.056052928705522205	true	0.5
N1302	opposes 1.0		favors 0.4732425605814857 opposes 0.470466675300567 __DUMMY__ 0.05629076411794738	true	0.5
N1786	favors 1.0	favors 1.0	favors 0.6984845310129489 opposes 0.2755844009721606 __DUMMY__ 0.025931068014890438	false	1.0
N1303	favors 1.0		opposes 0.4935961951749518 favors 0.4480027672204726 __DUMMY__ 0.058401037604575594	true	0.5
N1787	opposes 1.0		opposes 0.5128192893915388 favors 0.4303116060766071 __DUMMY__ 0.05686910453185424	true	1.0
N1300	favors 1.0		opposes 0.5637083580416989 favors 0.38191240427007783 __DUMMY__ 0.054379237688223295	true	0.5
N1784	opposes 1.0		opposes 0.5104929229821561 favors 0.43343263521050573 __DUMMY__ 0.05607444180733818	true	1.0
N1301	favors 1.0		opposes 0.510090866035052 favors 0.43356957541400537 __DUMMY__ 0.05633955855094261	true	0.5
N1785	opposes 1.0		opposes 0.5084432867785339 favors 0.43439732354895705 __DUMMY__ 0.05715938967250913	true	1.0
N1306	opposes 1.0		opposes 0.5162250318719945 favors 0.42656543433275956 __DUMMY__ 0.05720953379524581	true	1.0
N1307	favors 1.0		opposes 0.5078079150680939 favors 0.4363957670036513 __DUMMY__ 0.055796317928254784	true	0.5
N1304	opposes 1.0		opposes 0.526593067739803 favors 0.41611936339211536 __DUMMY__ 0.057287568868081645	true	1.0
N1788	opposes 1.0		opposes 0.561122460374866 favors 0.3847114487724083 __DUMMY__ 0.05416609085272577	true	1.0
N1305	opposes 1.0		opposes 0.5297046891789989 favors 0.4135528460027009 __DUMMY__ 0.05674246481830006	true	1.0
N1789	favors 1.0		opposes 0.5096069552666096 favors 0.434341551713812 __DUMMY__ 0.056051493019578326	true	0.5
N1308	favors 1.0		opposes 0.485781126635455 favors 0.4586831938180845 __DUMMY__ 0.05553567954646067	true	0.5
N1309	opposes 1.0		opposes 0.4956290204635642 favors 0.4473007566257115 __DUMMY__ 0.05707022291072417	true	1.0
N1771	favors 1.0		opposes 0.5114681796525047 favors 0.43227568002479483 __DUMMY__ 0.0562561403227004	true	0.5
N1772	opposes 1.0		opposes 0.5502336027781193 favors 0.3941666372463631 __DUMMY__ 0.055599759975517714	true	1.0
N1770	favors 1.0		opposes 0.5622381121181904 favors 0.3833612857363783 __DUMMY__ 0.054400602145431146	true	0.5
N1775	favors 1.0		opposes 0.5271168037765291 favors 0.41573058690589 __DUMMY__ 0.05715260931758087	true	0.5
N1776	favors 1.0		opposes 0.5300179757589365 favors 0.413338120548855 __DUMMY__ 0.05664390369220857	true	0.5
N1773	opposes 1.0		opposes 0.47440746291876074 favors 0.46938951611797575 __DUMMY__ 0.056203020963263524	true	1.0
N2620	favors 1.0		opposes 0.4957581298804855 favors 0.44943667355930156 __DUMMY__ 0.054805196560212946	true	0.5
N1774	opposes 1.0		opposes 0.4957904709361075 favors 0.4459964827505895 __DUMMY__ 0.058213046313303	true	1.0
N1779	opposes 1.0	opposes 1.0	opposes 0.750613748396637 favors 0.22271691268455945 __DUMMY__ 0.02666933891880358	false	1.0
N1777	favors 1.0		opposes 0.5173772921589086 favors 0.42555369814559946 __DUMMY__ 0.057069009695491967	true	0.5
N1778	favors 1.0		opposes 0.4979193929876682 favors 0.445138653906889 __DUMMY__ 0.056941953105442866	true	0.5
N901	favors 1.0	favors 1.0	favors 0.6972692281413545 opposes 0.2759476965049908 __DUMMY__ 0.026783075353654682	false	1.0
N902	opposes 1.0		opposes 0.5557965522768518 favors 0.3898839865302801 __DUMMY__ 0.05431946119286812	true	1.0
N903	opposes 1.0		opposes 0.5097415647568572 favors 0.4342523732428796 __DUMMY__ 0.05600606200026335	true	1.0
N904	opposes 1.0	opposes 1.0	opposes 0.7579082755009453 favors 0.21593350901568462 __DUMMY__ 0.026158215483369968	false	1.0
N1760	opposes 1.0		opposes 0.49816936292793534 favors 0.4448999729927773 __DUMMY__ 0.056930664079287416	true	1.0
N1761	opposes 1.0		opposes 0.5284904056257039 favors 0.4148551381695123 __DUMMY__ 0.056654456204783786	true	1.0
N900	opposes 1.0		opposes 0.5133093013588711 favors 0.4312867478598274 __DUMMY__ 0.055403950781301455	true	1.0
N909	opposes 1.0		opposes 0.5149152769416425 favors 0.4283711120287531 __DUMMY__ 0.056713611029604434	true	1.0
N1764	opposes 1.0		opposes 0.4954888409467173 favors 0.44957234487544245 __DUMMY__ 0.054938814177840245	true	1.0
N2611	favors 1.0		opposes 0.5278976355614241 favors 0.4150501079026492 __DUMMY__ 0.05705225653592663	true	0.5
N1765	favors 1.0		opposes 0.5310578726664624 favors 0.4136719130301024 __DUMMY__ 0.055270214303435254	true	0.5
N2612	favors 1.0		opposes 0.5307190234918167 favors 0.4127269394549652 __DUMMY__ 0.056554037053218174	true	0.5
N1762	opposes 1.0		opposes 0.5298987005179506 favors 0.4137364947570435 __DUMMY__ 0.05636480472500596	true	1.0
N1763	opposes 1.0		opposes 0.5212971896395934 favors 0.42264271123378894 __DUMMY__ 0.056060099126617746	true	1.0
N2610	opposes 1.0		opposes 0.49634867194883736 favors 0.4455258344235048 __DUMMY__ 0.05812549362765794	true	1.0
N905	opposes 1.0		opposes 0.47629565257730494 favors 0.4677843148366233 __DUMMY__ 0.05592003258607186	true	1.0
N1768	opposes 1.0		opposes 0.5151477001538508 favors 0.4292910728171783 __DUMMY__ 0.05556122702897077	true	1.0
N2615	opposes 1.0		opposes 0.48885701636597706 favors 0.455750062262336 __DUMMY__ 0.05539292137168695	true	1.0
N906	opposes 1.0		opposes 0.49551065701712205 favors 0.44669630622944795 __DUMMY__ 0.05779303675342996	true	1.0
N1769	favors 1.0		opposes 0.5145254458447378 favors 0.42842478803945705 __DUMMY__ 0.057049766115805076	true	0.5
N2616	favors 1.0		opposes 0.4985450369272469 favors 0.4446172048613984 __DUMMY__ 0.05683775821135478	true	0.5
N907	favors 1.0	favors 1.0	favors 0.6899220468205044 opposes 0.2831220623638358 __DUMMY__ 0.026955890815659866	false	1.0
N1766	favors 1.0		opposes 0.5122829449424093 favors 0.4314452359919206 __DUMMY__ 0.056271819065669984	true	0.5
N2613	opposes 1.0		opposes 0.5181378369293268 favors 0.4248987374418042 __DUMMY__ 0.0569634256288691	true	1.0
N908	favors 1.0		opposes 0.5268451587794054 favors 0.41676905817641907 __DUMMY__ 0.05638578304417556	true	0.5
N1767	favors 1.0		opposes 0.5101808649665879 favors 0.4324862392445833 __DUMMY__ 0.05733289578882876	true	0.5
N2614	opposes 1.0		opposes 0.5099129856210344 favors 0.43444820488639213 __DUMMY__ 0.055638809492573375	true	1.0
N2619	opposes 1.0		opposes 0.5222926905691417 favors 0.4217595443149877 __DUMMY__ 0.05594776511587069	true	1.0
N2617	favors 1.0		opposes 0.529557818437106 favors 0.41387332643942093 __DUMMY__ 0.05656885512347298	true	0.5
N2618	favors 1.0		opposes 0.5310229500672765 favors 0.4127071866483876 __DUMMY__ 0.056269863284335926	true	0.5
N1750	favors 1.0		opposes 0.561156841278842 favors 0.3844013985778136 __DUMMY__ 0.054441760143344474	true	0.5
N1753	favors 1.0		opposes 0.4752130575364519 favors 0.46857834862226044 __DUMMY__ 0.056208593841287714	true	0.5
N2600	opposes 1.0		opposes 0.4945479609503715 favors 0.4506181746093444 __DUMMY__ 0.05483386444028404	true	1.0
N1754	favors 1.0		opposes 0.4960612652296693 favors 0.4457617445733819 __DUMMY__ 0.058176990196948795	true	0.5
N2601	favors 1.0		opposes 0.5317584194783214 favors 0.4130676344027061 __DUMMY__ 0.055173946118972486	true	0.5
N1751	favors 1.0		opposes 0.5114271690442953 favors 0.43231372159867226 __DUMMY__ 0.056259109357032384	true	0.5
N1752	favors 1.0		opposes 0.5493525310854505 favors 0.3950301069107759 __DUMMY__ 0.05561736200377367	true	0.5
N1757	favors 1.0		opposes 0.5172011917547631 favors 0.42574436578422653 __DUMMY__ 0.057054442461010275	true	0.5
N2604	opposes 1.0		opposes 0.5157455689407515 favors 0.42878454460131704 __DUMMY__ 0.0554698864579316	true	1.0
N1758	favors 1.0		opposes 0.5092816389863587 favors 0.43496589172050326 __DUMMY__ 0.05575246929313789	true	0.5
N2605	favors 1.0		opposes 0.5151626579343668 favors 0.42787782889196957 __DUMMY__ 0.05695951317366368	true	0.5
N1755	opposes 1.0		opposes 0.526742848354601 favors 0.41611943510843263 __DUMMY__ 0.057137716536966365	true	1.0
N2602	favors 1.0		opposes 0.5129270668228794 favors 0.43089844497617635 __DUMMY__ 0.05617448820094426	true	0.5
N1756	opposes 1.0		opposes 0.5296347048527636 favors 0.413726526314466 __DUMMY__ 0.05663876883277034	true	1.0
N2603	favors 1.0		opposes 0.510784821453397 favors 0.43196947455876983 __DUMMY__ 0.0572457039878332	true	0.5
N2608	opposes 1.0		opposes 0.5511709586633174 favors 0.3933409955839717 __DUMMY__ 0.055488045752710914	true	1.0
N2609	opposes 1.0		opposes 0.47492080698817984 favors 0.4689916430548253 __DUMMY__ 0.0560875499569948	true	1.0
N1759	favors 1.0		opposes 0.48876067863683964 favors 0.4557285767216497 __DUMMY__ 0.05551074464151067	true	0.5
N2606	opposes 1.0	opposes 1.0	opposes 0.7684942581682611 favors 0.20602772479899395 __DUMMY__ 0.025478017032744875	false	1.0
N2607	opposes 1.0	opposes 1.0	opposes 0.7411023170206248 favors 0.23243046501481243 __DUMMY__ 0.0264672179645628	false	1.0
N923	favors 1.0		opposes 0.5493049129017765 favors 0.3951974103062539 __DUMMY__ 0.05549767679196968	true	0.5
N924	favors 1.0		opposes 0.4733968536274441 favors 0.47050882870717525 __DUMMY__ 0.05609431766538058	true	0.5
N925	favors 1.0		opposes 0.49492710109605415 favors 0.44695262836848365 __DUMMY__ 0.05812027053546215	true	0.5
N926	opposes 1.0		opposes 0.5262027553030508 favors 0.41674409304129373 __DUMMY__ 0.05705315165565535	true	1.0
N1342	opposes 1.0		opposes 0.5292569959566712 favors 0.41400491079970597 __DUMMY__ 0.05673809324362292	true	1.0
N920	opposes 1.0		opposes 0.5136973357628399 favors 0.42934244040253006 __DUMMY__ 0.05696022383462995	true	1.0
N1343	favors 1.0		opposes 0.5163768892090632 favors 0.42643847794638595 __DUMMY__ 0.05718463284455079	true	0.5
N921	favors 1.0		opposes 0.5613614245704827 favors 0.38433482331664237 __DUMMY__ 0.05430375211287494	true	0.5
N1340	favors 1.0		opposes 0.49476252497507534 favors 0.44691426029378034 __DUMMY__ 0.05832321473114417	true	0.5
N922	favors 1.0		opposes 0.5105868432139794 favors 0.43325254792073853 __DUMMY__ 0.05616060886528196	true	0.5
N1341	opposes 1.0		opposes 0.5262316800367198 favors 0.41650538053196334 __DUMMY__ 0.057262939431316856	true	1.0
N1346	opposes 1.0		opposes 0.5280800191654851 favors 0.4151650520321415 __DUMMY__ 0.056754928802373455	true	1.0
N1347	opposes 1.0		opposes 0.5295165701997061 favors 0.414023899685594 __DUMMY__ 0.05645953011469986	true	1.0
N1344	favors 1.0		opposes 0.5083310098239275 favors 0.4358339036193464 __DUMMY__ 0.05583508655672626	true	0.5
N1345	favors 1.0		opposes 0.4968061420360638 favors 0.4461398950478711 __DUMMY__ 0.05705396291606521	true	0.5
N927	opposes 1.0		opposes 0.5292141548870565 favors 0.41422924447999354 __DUMMY__ 0.05655660063294999	true	1.0
N928	favors 1.0		opposes 0.5164139004392371 favors 0.42662157214236385 __DUMMY__ 0.05696452741839906	true	0.5
N929	favors 1.0		opposes 0.5084133596829418 favors 0.4359402297636446 __DUMMY__ 0.05564641055341353	true	0.5
N1348	favors 1.0		opposes 0.5206352332072477 favors 0.42320955008456884 __DUMMY__ 0.056155216708183534	true	0.5
N1349	opposes 1.0		opposes 0.49418860939955755 favors 0.4508134923151469 __DUMMY__ 0.05499789828529546	true	1.0
N912	favors 1.0		opposes 0.49741006074929156 favors 0.44598562536338426 __DUMMY__ 0.05660431388732418	true	0.5
N913	favors 1.0		opposes 0.5270161024175928 favors 0.4168637458837967 __DUMMY__ 0.05612015169861054	true	0.5
N914	opposes 1.0		opposes 0.518816745815477 favors 0.4253675607960454 __DUMMY__ 0.055815693388477694	true	1.0
N915	favors 1.0		opposes 0.494983845926021 favors 0.4502263592637771 __DUMMY__ 0.054789794810201874	true	0.5
N1331	favors 1.0		opposes 0.49353966572493685 favors 0.45151829915739794 __DUMMY__ 0.05494203511766537	true	0.5
N1332	opposes 1.0		opposes 0.5303095494734718 favors 0.41433507105919065 __DUMMY__ 0.055355379467337706	true	1.0
N910	opposes 1.0	opposes 1.0	opposes 0.7389578494193922 favors 0.23492754792242726 __DUMMY__ 0.026114602658180545	false	1.0
N911	favors 1.0		opposes 0.4887309264194287 favors 0.4559444966642022 __DUMMY__ 0.05532457691636901	true	0.5
N1330	favors 1.0		opposes 0.5209339892255389 favors 0.4229273383737969 __DUMMY__ 0.056138672400664266	true	0.5
N1335	favors 1.0		opposes 0.5143335253225157 favors 0.43002120135554484 __DUMMY__ 0.05564527332193932	true	0.5
N1336	opposes 1.0		opposes 0.513649620629971 favors 0.42920151376864896 __DUMMY__ 0.05714886560138007	true	1.0
N1333	favors 1.0		opposes 0.5113666959779276 favors 0.43226435424396586 __DUMMY__ 0.056368949778106615	true	0.5
N1334	favors 1.0		opposes 0.5092933054494113 favors 0.43327461443178666 __DUMMY__ 0.057432080118802145	true	0.5
N916	opposes 1.0	opposes 1.0	opposes 0.7514965134951109 favors 0.22264466552930573 __DUMMY__ 0.02585882097558331	false	1.0
N1339	favors 1.0		opposes 0.47305120899978775 favors 0.47063230615397256 __DUMMY__ 0.05631648484623973	true	0.5
N917	opposes 1.0		opposes 0.5114296678340852 favors 0.43239098681898475 __DUMMY__ 0.05617934534693017	true	1.0
N918	opposes 1.0		opposes 0.509365392604469 favors 0.43338969231595936 __DUMMY__ 0.05724491507957165	true	1.0
N1337	favors 1.0		opposes 0.5616123096020124 favors 0.38389838208302435 __DUMMY__ 0.05448930831496338	true	0.5
N919	favors 1.0		opposes 0.5143743155831193 favors 0.430148300430043 __DUMMY__ 0.05547738398683764	true	0.5
N1338	favors 1.0		opposes 0.5105165131063976 favors 0.433127163105386 __DUMMY__ 0.056356323788216256	true	0.5
N940	opposes 1.0		opposes 0.5126253088919477 favors 0.43062682298387883 __DUMMY__ 0.05674786812417346	true	1.0
N945	favors 1.0		opposes 0.495510657017122 favors 0.446696306229448 __DUMMY__ 0.057793036753429956	true	0.5
N946	opposes 1.0		opposes 0.5238372822944365 favors 0.4193625999620687 __DUMMY__ 0.056800117743494756	true	1.0
N947	opposes 1.0	opposes 1.0	opposes 0.7493577302304747 favors 0.22409438658106676 __DUMMY__ 0.026547883188458667	false	1.0
N948	favors 1.0		opposes 0.5077778673082147 favors 0.4366766112354611 __DUMMY__ 0.055545521456324236	true	0.5
N941	favors 1.0		opposes 0.5557965522768519 favors 0.38988398653028 __DUMMY__ 0.05431946119286813	true	0.5
N1320	favors 1.0		opposes 0.5509187724814418 favors 0.39341608609115236 __DUMMY__ 0.05566514142740582	true	0.5
N942	favors 1.0		opposes 0.5097415647568573 favors 0.4342523732428794 __DUMMY__ 0.05600606200026339	true	0.5
N1321	favors 1.0		favors 0.47229272437333186 opposes 0.47140643621044287 __DUMMY__ 0.056300839416225254	true	1.0
N943	favors 1.0		opposes 0.544636826951287 favors 0.3999681612856788 __DUMMY__ 0.05539501176303427	true	0.5
N944	opposes 1.0		opposes 0.4762956525773051 favors 0.4677843148366231 __DUMMY__ 0.05592003258607186	true	1.0
N1324	opposes 1.0		opposes 0.5298060733015394 favors 0.41344936098166385 __DUMMY__ 0.05674456571679679	true	1.0
N1325	favors 1.0		opposes 0.5165247805224065 favors 0.42626846511129424 __DUMMY__ 0.0572067543662992	true	0.5
N1322	favors 1.0		opposes 0.4941272936255708 favors 0.4474885429184875 __DUMMY__ 0.058384163455941766	true	0.5
N1323	opposes 1.0		opposes 0.526747280273541 favors 0.4159683122494175 __DUMMY__ 0.05728440747704143	true	1.0
N949	favors 1.0		opposes 0.4887309264194289 favors 0.4559444966642021 __DUMMY__ 0.05532457691636901	true	0.5
N1328	opposes 1.0		opposes 0.5285957807513948 favors 0.414643009208919 __DUMMY__ 0.0567612100396863	true	1.0
N1329	opposes 1.0		opposes 0.53009259549081 favors 0.4134523091461355 __DUMMY__ 0.05645509536305441	true	1.0
N1326	favors 1.0		opposes 0.5081745112562847 favors 0.4360157460632932 __DUMMY__ 0.05580974268042215	true	0.5
N1327	favors 1.0		opposes 0.4961874328484186 favors 0.44674330737697837 __DUMMY__ 0.057069259774603	true	0.5
N934	favors 1.0		opposes 0.520642621825843 favors 0.42340314051538513 __DUMMY__ 0.05595423765877188	true	0.5
N935	opposes 1.0		opposes 0.4943549424388789 favors 0.45082785289516786 __DUMMY__ 0.05481720466595316	true	1.0
N1790	opposes 1.0		opposes 0.5488643685874033 favors 0.39576500414407256 __DUMMY__ 0.05537062726852419	true	1.0
N936	opposes 1.0		opposes 0.5278214962768297 favors 0.4170485457316927 __DUMMY__ 0.055129957991477505	true	1.0
N937	opposes 1.0		opposes 0.5105317959873511 favors 0.43343772841116074 __DUMMY__ 0.05603047560148805	true	1.0
N930	favors 1.0	favors 1.0	favors 0.7121423157670828 opposes 0.26187452193195154 __DUMMY__ 0.025983162300965767	false	1.0
N1793	opposes 1.0		opposes 0.525420193105726 favors 0.4176279262312369 __DUMMY__ 0.05695188066303712	true	1.0
N931	opposes 1.0		opposes 0.49697305737228975 favors 0.44618719348155117 __DUMMY__ 0.05683974914615919	true	1.0
N1310	opposes 1.0		opposes 0.5284798609753696 favors 0.4147610700053638 __DUMMY__ 0.05675906901926669	true	1.0
N1794	opposes 1.0		opposes 0.528566280904885 favors 0.41497094821214914 __DUMMY__ 0.056462770882965835	true	1.0
N932	opposes 1.0		opposes 0.5280435761227045 favors 0.41538494722530517 __DUMMY__ 0.05657147665199024	true	1.0
N1791	favors 1.0	favors 1.0	favors 0.7187428059214919 opposes 0.25477351208437454 __DUMMY__ 0.026483681994133583	false	1.0
N933	opposes 1.0		opposes 0.5294709334214038 favors 0.41425490458941794 __DUMMY__ 0.0562741619891782	true	1.0
N1792	favors 1.0		opposes 0.4937481298139039 favors 0.448209980077226 __DUMMY__ 0.058041890108870176	true	0.5
N1313	opposes 1.0		opposes 0.5308887377299798 favors 0.4137952248653405 __DUMMY__ 0.055316037404679656	true	1.0
N1797	favors 1.0		opposes 0.48622438361379683 favors 0.45848890900170813 __DUMMY__ 0.0552867073844951	true	0.5
N1314	favors 1.0		opposes 0.5113195668284656 favors 0.4323187919345867 __DUMMY__ 0.05636164123694763	true	0.5
N1798	opposes 1.0	opposes 1.0	opposes 0.7316777239872765 favors 0.24146928925806888 __DUMMY__ 0.026852986754654674	false	1.0
N1311	opposes 1.0		opposes 0.5299913901597236 favors 0.4135592574254704 __DUMMY__ 0.05644935241480601	true	1.0
N1795	opposes 1.0		opposes 0.5154331608173149 favors 0.4277093743029777 __DUMMY__ 0.05685746487970721	true	1.0
N1312	opposes 1.0		opposes 0.49300750460255144 favors 0.45207414450767835 __DUMMY__ 0.05491835088977029	true	1.0
N1796	favors 1.0		opposes 0.507421594571365 favors 0.4370454834300622 __DUMMY__ 0.05553292199857282	true	0.5
N938	opposes 1.0		opposes 0.5086804845606758 favors 0.4343069017735757 __DUMMY__ 0.05701261366574837	true	1.0
N1317	opposes 1.0		opposes 0.5136817748925813 favors 0.42914981632302235 __DUMMY__ 0.0571684087843964	true	1.0
N939	favors 1.0		opposes 0.5133093013588712 favors 0.4312867478598274 __DUMMY__ 0.05540395078130146	true	0.5
N1318	favors 1.0		opposes 0.5634075541824729 favors 0.3821816609506633 __DUMMY__ 0.0544107848668638	true	0.5
N1315	opposes 1.0		opposes 0.5091784986616228 favors 0.43336004415459617 __DUMMY__ 0.05746145718378096	true	1.0
N1799	opposes 1.0		opposes 0.5273734232800493 favors 0.416149952276219 __DUMMY__ 0.05647662444373175	true	1.0
N1316	favors 1.0		opposes 0.5143841856148094 favors 0.4299982231795378 __DUMMY__ 0.0556175912056527	true	0.5
N1319	opposes 1.0		opposes 0.510437503272917 favors 0.43321536172978387 __DUMMY__ 0.05634713499729897	true	1.0
N960	favors 1.0		opposes 0.4948497364769526 favors 0.4468176853062356 __DUMMY__ 0.05833257821681177	true	0.5
N961	favors 1.0		opposes 0.5267255670629185 favors 0.41601545639518595 __DUMMY__ 0.05725897654189544	true	0.5
N962	opposes 1.0		opposes 0.5297241413897995 favors 0.41354651931496783 __DUMMY__ 0.05672933929523269	true	1.0
N967	opposes 1.0		opposes 0.521054268652706 favors 0.4228079207250275 __DUMMY__ 0.05613781062226649	true	1.0
N1382	favors 1.0		opposes 0.49820674251358377 favors 0.4448443015903997 __DUMMY__ 0.05694895589601664	true	0.5
N968	favors 1.0		opposes 0.49426798045401976 favors 0.45076405520012075 __DUMMY__ 0.05496796434585955	true	0.5
N1383	opposes 1.0		opposes 0.5285215627011011 favors 0.41480831636325 __DUMMY__ 0.05667012093564903	true	1.0
N2230	opposes 1.0	opposes 1.0	opposes 0.7602281037929393 favors 0.2136776201978231 __DUMMY__ 0.026094276009237694	false	1.0
N969	favors 1.0		opposes 0.5297178695430594 favors 0.4150484264402369 __DUMMY__ 0.05523370401670363	true	0.5
N1380	favors 1.0		opposes 0.5093155021052744 favors 0.43491537733243546 __DUMMY__ 0.0557691205622902	true	0.5
N1381	favors 1.0		opposes 0.48879494757306446 favors 0.45567796736576416 __DUMMY__ 0.05552708506117138	true	0.5
N963	opposes 1.0		opposes 0.5167643884277314 favors 0.4260557980659434 __DUMMY__ 0.05717981350632503	true	1.0
N1386	opposes 1.0		opposes 0.49552287322306526 favors 0.4495219143832932 __DUMMY__ 0.05495521239364146	true	1.0
N2233	favors 1.0		opposes 0.5250993174309401 favors 0.4179559552761645 __DUMMY__ 0.056944727292895396	true	0.5
N964	favors 1.0		opposes 0.4969287364001393 favors 0.44602383310633414 __DUMMY__ 0.05704743049352639	true	0.5
N1387	opposes 1.0	opposes 1.0	opposes 0.7523608509186969 favors 0.22188826199812572 __DUMMY__ 0.025750887083177364	false	1.0
N2234	favors 1.0		opposes 0.5282431555356443 favors 0.4152954535125539 __DUMMY__ 0.05646139095180181	true	0.5
N965	favors 1.0		opposes 0.5285386941373024 favors 0.41471512528738447 __DUMMY__ 0.056746180575313075	true	0.5
N1384	favors 1.0		opposes 0.5299303815321774 favors 0.4136887880674582 __DUMMY__ 0.05638083040036431	true	0.5
N2231	favors 1.0		opposes 0.472193303179446 favors 0.4718306012860919 __DUMMY__ 0.05597609553446211	true	0.5
N966	favors 1.0		opposes 0.5300011402870095 favors 0.4135517490282158 __DUMMY__ 0.05644711068477461	true	0.5
N1385	favors 1.0		opposes 0.5213322652995797 favors 0.4225901513666245 __DUMMY__ 0.056077583333795714	true	0.5
N2232	opposes 1.0		opposes 0.4938932787260448 favors 0.4480878947447803 __DUMMY__ 0.05801882652917501	true	1.0
N2237	opposes 1.0		opposes 0.48647264317810807 favors 0.4582258018404068 __DUMMY__ 0.055301554981485174	true	1.0
N2238	favors 1.0		opposes 0.4958392391152627 favors 0.44743238152619946 __DUMMY__ 0.05672837935853779	true	0.5
N1388	opposes 1.0		opposes 0.512924820007494 favors 0.43112692587842405 __DUMMY__ 0.05594825411408209	true	1.0
N2235	favors 1.0		opposes 0.5152538627256296 favors 0.42789554128504087 __DUMMY__ 0.05685059598932964	true	0.5
N1389	opposes 1.0	opposes 1.0	opposes 0.7407246784769176 favors 0.23237393937532427 __DUMMY__ 0.02690138214775815	false	1.0
N2236	opposes 1.0		opposes 0.5073747732790472 favors 0.43708070917765174 __DUMMY__ 0.05554451754330117	true	1.0
N2239	favors 1.0		opposes 0.5270628459449911 favors 0.41646188146278473 __DUMMY__ 0.05647527259222412	true	0.5
N950	opposes 1.0		opposes 0.5257539931630157 favors 0.41784925572893783 __DUMMY__ 0.0563967511080466	true	1.0
N951	opposes 1.0		opposes 0.5270161024175929 favors 0.41686374588379654 __DUMMY__ 0.056120151698610496	true	1.0
N956	favors 1.0		opposes 0.5139501941883374 favors 0.4289053959185749 __DUMMY__ 0.05714440989308771	true	0.5
N1371	opposes 1.0		opposes 0.5144608310108332 favors 0.42848620987189434 __DUMMY__ 0.05705295911727245	true	1.0
N957	opposes 1.0		opposes 0.5625258217122017 favors 0.38302259565767666 __DUMMY__ 0.05445158263012173	true	1.0
N1372	favors 1.0		opposes 0.5611890643685573 favors 0.384351953161938 __DUMMY__ 0.05445898246950467	true	0.5
N958	opposes 1.0		opposes 0.5107982635984608 favors 0.4328598713688269 __DUMMY__ 0.05634186503271235	true	1.0
N959	opposes 1.0		opposes 0.550296868878253 favors 0.394025463034694 __DUMMY__ 0.055677668087052885	true	1.0
N1370	favors 1.0		opposes 0.5150764722899719 favors 0.42933328648403285 __DUMMY__ 0.0555902412259952	true	0.5
N952	opposes 1.0		opposes 0.494983845926021 favors 0.4502263592637771 __DUMMY__ 0.054789794810201874	true	1.0
N1375	favors 1.0		opposes 0.4752540553527604 favors 0.4685180989172423 __DUMMY__ 0.0562278457299974	true	0.5
N2222	opposes 1.0		opposes 0.4937593794920966 favors 0.4514839595810125 __DUMMY__ 0.05475666092689084	true	1.0
N953	favors 1.0		opposes 0.5307844390310246 favors 0.4138842351405541 __DUMMY__ 0.05533132582842123	true	0.5
N1376	favors 1.0		opposes 0.496095565824968 favors 0.4457109044383366 __DUMMY__ 0.05819352973669546	true	0.5
N2223	favors 1.0	favors 1.0	favors 0.689917193425112 opposes 0.2842743567258297 __DUMMY__ 0.025808449849058227	false	1.0
N954	favors 1.0		opposes 0.5116493652862922 favors 0.43199542002860186 __DUMMY__ 0.05635521468510606	true	0.5
N1373	favors 1.0		opposes 0.5114615851104607 favors 0.4322623215473703 __DUMMY__ 0.056276093342169015	true	0.5
N2220	opposes 1.0	opposes 1.0	opposes 0.7507524302259482 favors 0.22274495059479937 __DUMMY__ 0.02650261917925245	false	1.0
N955	favors 1.0		opposes 0.5095396571093573 favors 0.4330293060580132 __DUMMY__ 0.05743103683262945	true	0.5
N1374	opposes 1.0	opposes 1.0	opposes 0.7610622672675531 favors 0.21273541385584224 __DUMMY__ 0.02620231887660475	false	1.0
N2221	favors 1.0		opposes 0.520759576238725 favors 0.42331837737867317 __DUMMY__ 0.05592204638260181	true	0.5
N1379	favors 1.0		opposes 0.5172385271279623 favors 0.425688570827713 __DUMMY__ 0.05707290204432482	true	0.5
N2226	opposes 1.0		opposes 0.5134437019122637 favors 0.43117016045932405 __DUMMY__ 0.055386137628412255	true	1.0
N2227	favors 1.0		opposes 0.512700988170073 favors 0.4304365142981393 __DUMMY__ 0.05686249753178763	true	0.5
N1377	opposes 1.0		opposes 0.5267778219760411 favors 0.4160667250561674 __DUMMY__ 0.057155452967791544	true	1.0
N2224	favors 1.0		opposes 0.510403594181718 favors 0.43351773268169996 __DUMMY__ 0.05607867313658202	true	0.5
N1378	favors 1.0		opposes 0.5296655306310422 favors 0.41368023179878016 __DUMMY__ 0.05665423757017773	true	0.5
N2225	favors 1.0		opposes 0.5083853638045877 favors 0.43446582882909135 __DUMMY__ 0.057148807366320796	true	0.5
N2228	opposes 1.0		opposes 0.5602933508315173 favors 0.3855077892046995 __DUMMY__ 0.054198859963783055	true	1.0
N2229	opposes 1.0		opposes 0.5095272560612127 favors 0.4344161446476799 __DUMMY__ 0.056056599291107435	true	1.0
N981	favors 1.0		opposes 0.49562427501806156 favors 0.4474420056148136 __DUMMY__ 0.05693371936712491	true	0.5
N982	opposes 1.0		opposes 0.5274494112201555 favors 0.41590235152924915 __DUMMY__ 0.05664823725059519	true	1.0
N983	favors 1.0		opposes 0.5288914388787539 favors 0.4147618366867981 __DUMMY__ 0.05634672443444795	true	0.5
N500	favors 1.0		opposes 0.49427532586901 favors 0.4475696281599303 __DUMMY__ 0.05815504597105963	true	0.5
N984	favors 1.0		opposes 0.5198261140413999 favors 0.4241465446592855 __DUMMY__ 0.05602734129931469	true	0.5
N980	opposes 1.0		opposes 0.5074018156585695 favors 0.4368881462735879 __DUMMY__ 0.05571003806784266	true	1.0
N505	favors 1.0		opposes 0.4963343071495905 favors 0.4468378152647596 __DUMMY__ 0.056827877585649826	true	0.5
N989	favors 1.0		opposes 0.5143383370631981 favors 0.43000708063694554 __DUMMY__ 0.05565458229985635	true	0.5
N1360	favors 1.0		opposes 0.5165862271449525 favors 0.4264681363516114 __DUMMY__ 0.056945636503436224	true	0.5
N506	opposes 1.0		opposes 0.5285112420343281 favors 0.41493439322222003 __DUMMY__ 0.05655436474345195	true	1.0
N1361	opposes 1.0		opposes 0.5084412264694657 favors 0.4359493208667064 __DUMMY__ 0.05560945266382784	true	1.0
N507	opposes 1.0		opposes 0.5299961949869123 favors 0.41375751418041007 __DUMMY__ 0.05624629083267749	true	1.0
N508	opposes 1.0		opposes 0.520895031450796 favors 0.4231930601931542 __DUMMY__ 0.05591190835604963	true	1.0
N501	opposes 1.0		opposes 0.5266645135508772 favors 0.41628701470381474 __DUMMY__ 0.057048471745308076	true	1.0
N985	favors 1.0		opposes 0.4930903700666889 favors 0.452046097367572 __DUMMY__ 0.054863532565739066	true	0.5
N1364	favors 1.0		opposes 0.5298166536865938 favors 0.4139355813981608 __DUMMY__ 0.05624776491524532	true	0.5
N2211	favors 1.0		opposes 0.5104206198067242 favors 0.43344448692310117 __DUMMY__ 0.056134893270174596	true	0.5
N502	opposes 1.0		opposes 0.5297147087945799 favors 0.4137455684723417 __DUMMY__ 0.05653972273307829	true	1.0
N986	opposes 1.0		opposes 0.5303911465961207 favors 0.41424552136497333 __DUMMY__ 0.05536333203890596	true	1.0
N1365	favors 1.0		opposes 0.5208750653031967 favors 0.4232048813822543 __DUMMY__ 0.05592005331454908	true	0.5
N2212	favors 1.0	favors 1.0	favors 0.6769906875818494 opposes 0.296852689208681 __DUMMY__ 0.026156623209469532	false	1.0
N503	favors 1.0		opposes 0.5082263924201506 favors 0.43617693474587493 __DUMMY__ 0.05559667283397435	true	0.5
N987	opposes 1.0		opposes 0.5113572112728327 favors 0.4322605101877772 __DUMMY__ 0.056382278539389985	true	1.0
N1362	favors 1.0		opposes 0.48719734187426644 favors 0.4574411826493854 __DUMMY__ 0.05536147547634821	true	0.5
N504	favors 1.0		opposes 0.4865948795179957 favors 0.4580606921871173 __DUMMY__ 0.05534442829488695	true	0.5
N988	opposes 1.0		opposes 0.5092740423339667 favors 0.43327576274546403 __DUMMY__ 0.05745019492056927	true	1.0
N1363	opposes 1.0		opposes 0.528361248625205 favors 0.4150886724254619 __DUMMY__ 0.05655007894933317	true	1.0
N2210	favors 1.0		opposes 0.5626173059688478 favors 0.3831573019966113 __DUMMY__ 0.054225392034540944	true	0.5
N1368	favors 1.0		opposes 0.5122607290148709 favors 0.4314488795897443 __DUMMY__ 0.05629039139538493	true	0.5
N2215	opposes 1.0		opposes 0.5264827314602863 favors 0.4164666095195574 __DUMMY__ 0.057050659020156214	true	1.0
N1369	favors 1.0		opposes 0.5101993557647009 favors 0.43247016941191674 __DUMMY__ 0.05733047482338225	true	0.5
N2216	opposes 1.0		opposes 0.5295350043800098 favors 0.41392084892323855 __DUMMY__ 0.05654414669675172	true	1.0
N1366	favors 1.0		opposes 0.49416499174885337 favors 0.45106745670331044 __DUMMY__ 0.05476755154783624	true	0.5
N2213	opposes 1.0		opposes 0.47202999917301636 favors 0.47190858947626557 __DUMMY__ 0.05606141135071794	true	1.0
N1367	opposes 1.0		opposes 0.5306889617047464 favors 0.41400505581662433 __DUMMY__ 0.055305982478629216	true	1.0
N2214	favors 1.0		opposes 0.4943408525124149 favors 0.4475107407223437 __DUMMY__ 0.05814840676524138	true	0.5
N509	opposes 1.0		opposes 0.4936902116652371 favors 0.45157097236530963 __DUMMY__ 0.05473881596945326	true	1.0
N2219	opposes 1.0		opposes 0.5283378615917159 favors 0.41510320604198564 __DUMMY__ 0.0565589323662985	true	1.0
N2217	favors 1.0		opposes 0.5081906861927897 favors 0.43620098858729145 __DUMMY__ 0.05560832521991897	true	0.5
N2218	favors 1.0		opposes 0.4963897691189137 favors 0.446778668456241 __DUMMY__ 0.05683156242484535	true	0.5
N970	favors 1.0		opposes 0.5104886308087813 favors 0.43325925053286096 __DUMMY__ 0.056252118658357664	true	0.5
N971	favors 1.0	favors 1.0	favors 0.6997245578114637 opposes 0.27323874874950127 __DUMMY__ 0.027036693439034955	false	1.0
N972	opposes 1.0		opposes 0.5135733687957227 favors 0.4308952267595683 __DUMMY__ 0.05553140444470908	true	1.0
N973	favors 1.0		opposes 0.5128263397671131 favors 0.4301282946680438 __DUMMY__ 0.057045365564842944	true	0.5
N978	favors 1.0		opposes 0.5286471640451514 favors 0.41472036260681966 __DUMMY__ 0.056632473348028865	true	0.5
N979	favors 1.0		opposes 0.5154557843112335 favors 0.42748032733635816 __DUMMY__ 0.05706388835240842	true	0.5
N1350	favors 1.0		opposes 0.5306050439921934 favors 0.4142526173012639 __DUMMY__ 0.05514233870654259	true	0.5
N974	opposes 1.0		opposes 0.5613799628041244 favors 0.38427844862787436 __DUMMY__ 0.05434158856800118	true	1.0
N1353	favors 1.0		opposes 0.5138038513229762 favors 0.42925177354700383 __DUMMY__ 0.05694437513001979	true	0.5
N2200	favors 1.0		opposes 0.48826674870126857 favors 0.4562501220880767 __DUMMY__ 0.05548312921065471	true	0.5
N975	opposes 1.0		opposes 0.5095978665384259 favors 0.4341669545917165 __DUMMY__ 0.05623517886985763	true	1.0
N1354	opposes 1.0	opposes 1.0	opposes 0.767956639064954 favors 0.2065855263752728 __DUMMY__ 0.025457834559773084	false	1.0
N2201	opposes 1.0		opposes 0.5287995372026549 favors 0.4145502029265369 __DUMMY__ 0.05665025987080817	true	1.0
N976	favors 1.0		favors 0.4723917996550294 opposes 0.4714309644608895 __DUMMY__ 0.05617723588408122	true	1.0
N1351	favors 1.0		opposes 0.5115041884993552 favors 0.43234492156695703 __DUMMY__ 0.05615088993368787	true	0.5
N977	favors 1.0		opposes 0.5254950593020009 favors 0.41735632295642655 __DUMMY__ 0.05714861774157245	true	0.5
N1352	opposes 1.0		opposes 0.5144830780875432 favors 0.43007488881449246 __DUMMY__ 0.055442033097964506	true	1.0
N1357	favors 1.0	favors 1.0	favors 0.7181528434312785 opposes 0.2553229689017808 __DUMMY__ 0.026524187666940775	false	1.0
N2204	opposes 1.0		opposes 0.4951324558427191 favors 0.4499685519055541 __DUMMY__ 0.05489899225172688	true	1.0
N1358	favors 1.0		opposes 0.5265304715787332 favors 0.4164333556709393 __DUMMY__ 0.05703617275032753	true	0.5
N2205	opposes 1.0		opposes 0.5306056839763916 favors 0.41425810908023675 __DUMMY__ 0.055136206943371464	true	1.0
N1355	opposes 1.0		opposes 0.5106504079439953 favors 0.4332188562959858 __DUMMY__ 0.056130735760018785	true	1.0
N2202	opposes 1.0		opposes 0.5302423469985353 favors 0.41340303758920105 __DUMMY__ 0.05635461541226356	true	1.0
N1356	opposes 1.0		opposes 0.5500348539444398 favors 0.3945109571073996 __DUMMY__ 0.055454188948160496	true	1.0
N2203	favors 1.0		opposes 0.5214838738414348 favors 0.4224737702553322 __DUMMY__ 0.05604235590323306	true	0.5
N2208	favors 1.0		opposes 0.5143202152375661 favors 0.4302401872975227 __DUMMY__ 0.05543959746491125	true	0.5
N2209	opposes 1.0		opposes 0.5136221685274 favors 0.42942038645373365 __DUMMY__ 0.05695744501886645	true	1.0
N1359	favors 1.0		opposes 0.5295457180383375 favors 0.4139189007009048 __DUMMY__ 0.05653538126075755	true	0.5
N2206	opposes 1.0		opposes 0.5112911956380826 favors 0.4325532791343739 __DUMMY__ 0.05615552522754355	true	1.0
N2207	opposes 1.0		opposes 0.5091802071800062 favors 0.4335699987717026 __DUMMY__ 0.0572497940482912	true	1.0
N520	opposes 1.0	opposes 1.0	opposes 0.7499760277688335 favors 0.22323356884986975 __DUMMY__ 0.026790403381296745	false	1.0
N521	opposes 1.0		opposes 0.5322099409780935 favors 0.4116179891997588 __DUMMY__ 0.05617206982214775	true	1.0
N522	favors 1.0	favors 1.0	favors 0.6930542272440345 opposes 0.2802521883606508 __DUMMY__ 0.02669358439531464	false	1.0
N2270	opposes 1.0		opposes 0.5252228186243435 favors 0.4178374964230399 __DUMMY__ 0.05693968495261656	true	1.0
N527	favors 1.0		opposes 0.5240105455514007 favors 0.4204695543148147 __DUMMY__ 0.05551990013378443	true	0.5
N2273	favors 1.0	favors 1.0	favors 0.7012562274871457 opposes 0.27268145478023237 __DUMMY__ 0.02606231773262201	false	1.0
N528	opposes 1.0	opposes 1.0	opposes 0.7334606046275001 favors 0.24104286397335423 __DUMMY__ 0.025496531399145737	false	1.0
N2274	favors 1.0	favors 1.0	favors 0.71261061035777 opposes 0.26146263374903633 __DUMMY__ 0.025926755893193713	false	1.0
N529	opposes 1.0		opposes 0.5304814928860738 favors 0.4142111774120001 __DUMMY__ 0.055307329701926033	true	1.0
N2271	opposes 1.0		opposes 0.528336748062701 favors 0.415204569176384 __DUMMY__ 0.05645868276091508	true	1.0
N2272	favors 1.0		opposes 0.5154416710216702 favors 0.4277126898709094 __DUMMY__ 0.05684563910742052	true	0.5
N523	favors 1.0		opposes 0.49059324866348386 favors 0.4544105257509667 __DUMMY__ 0.05499622558554962	true	0.5
N2277	opposes 1.0		opposes 0.5285657700609844 favors 0.4152593646323999 __DUMMY__ 0.05617486530661581	true	1.0
N524	opposes 1.0		opposes 0.5004305493197627 favors 0.4431782444409277 __DUMMY__ 0.056391206239309814	true	1.0
N2278	favors 1.0		opposes 0.5197013689336767 favors 0.4244512329130232 __DUMMY__ 0.055847398153300046	true	0.5
N525	opposes 1.0		opposes 0.5310681542131375 favors 0.4127487010504607 __DUMMY__ 0.05618314473640179	true	1.0
