N1742	opposes 1.0	opposes 1.0	opposes 0.7183815965937808 favors 0.2766472467318261 __DUMMY__ 0.0049711566743930805	false	1.0
N1743	favors 1.0		favors 0.5442310183424541 opposes 0.4392583245699486 __DUMMY__ 0.01651065708759727	true	1.0
N1740	opposes 1.0		favors 0.5845248754821145 opposes 0.3995964290048698 __DUMMY__ 0.015878695513015736	true	0.5
N1741	opposes 1.0	opposes 1.0	opposes 0.7323879100035127 favors 0.2626496941147131 __DUMMY__ 0.004962395881774216	false	1.0
N1746	opposes 1.0	opposes 1.0	opposes 0.7100980149139254 favors 0.2848907359623798 __DUMMY__ 0.0050112491236946905	false	1.0
N1747	opposes 1.0	opposes 1.0	opposes 0.7219595903477636 favors 0.2730214664620207 __DUMMY__ 0.005018943190215699	false	1.0
N1744	opposes 1.0		favors 0.5158645325976411 opposes 0.46829622564893214 __DUMMY__ 0.01583924175342668	true	0.5
N1745	opposes 1.0	opposes 1.0	opposes 0.7316356985223987 favors 0.26357318865162443 __DUMMY__ 0.004791112825976764	false	1.0
N1748	favors 1.0	favors 1.0	favors 0.7500803267276513 opposes 0.2451257653686085 __DUMMY__ 0.00479390790374019	false	1.0
N1749	opposes 1.0		favors 0.5105485824464934 opposes 0.47295504707732344 __DUMMY__ 0.016496370476183273	true	0.5
N1731	favors 1.0	favors 1.0	favors 0.7430784322368459 opposes 0.2517775312977124 __DUMMY__ 0.0051440364654417575	false	1.0
N1732	favors 1.0	favors 1.0	favors 0.7555133221272474 opposes 0.23979931953364653 __DUMMY__ 0.004687358339105992	false	1.0
N1730	opposes 1.0		favors 0.5268733294795812 opposes 0.4564270658425131 __DUMMY__ 0.016699604677905745	true	0.5
N1735	opposes 1.0	opposes 1.0	opposes 0.7170427093238533 favors 0.2774735054577925 __DUMMY__ 0.005483785218354281	false	1.0
N1736	opposes 1.0		favors 0.5217367577740184 opposes 0.4627881425489129 __DUMMY__ 0.01547509967706881	true	0.5
N1733	favors 1.0	favors 1.0	favors 0.765745535481243 opposes 0.2289446168515731 __DUMMY__ 0.005309847667183875	false	1.0
N1734	favors 1.0	favors 1.0	favors 0.7566278935018077 opposes 0.23818056445284896 __DUMMY__ 0.00519154204534342	false	1.0
N1739	favors 1.0	favors 1.0	favors 0.7666014164320711 opposes 0.22828266446331996 __DUMMY__ 0.00511591910460894	false	1.0
N1737	favors 1.0		favors 0.547403295527167 opposes 0.4361390166885005 __DUMMY__ 0.016457687784332473	true	1.0
N1738	favors 1.0		favors 0.5331880506425116 opposes 0.45021789416859465 __DUMMY__ 0.016594055188893814	true	1.0
N1720	favors 1.0		favors 0.5633727787433612 opposes 0.4212485901788894 __DUMMY__ 0.015378631077749434	true	1.0
N1721	favors 1.0	favors 1.0	favors 0.7766602680004864 opposes 0.21895838181266888 __DUMMY__ 0.004381350186844641	false	1.0
N1724	favors 1.0	favors 1.0	favors 0.7603832151070518 opposes 0.23498568338129658 __DUMMY__ 0.0046311015116517135	false	1.0
N1725	favors 1.0	favors 1.0	favors 0.7486123014680471 opposes 0.24702219491050592 __DUMMY__ 0.004365503621446934	false	1.0
N1722	opposes 1.0	opposes 1.0	opposes 0.7259376329725007 favors 0.2696478156322362 __DUMMY__ 0.0044145513952630125	false	1.0
N1723	favors 1.0	favors 1.0	favors 0.7455241081162067 opposes 0.2500628623478118 __DUMMY__ 0.004413029535981465	false	1.0
N1728	opposes 1.0		favors 0.5236670967206402 opposes 0.45980159520629854 __DUMMY__ 0.01653130807306124	true	0.5
N1729	favors 1.0	favors 1.0	favors 0.7601193665338976 opposes 0.2349632439630729 __DUMMY__ 0.004917389503029588	false	1.0
N1726	opposes 1.0	opposes 1.0	opposes 0.7251586608327801 favors 0.26992187329002654 __DUMMY__ 0.004919465877193298	false	1.0
N1727	favors 1.0		favors 0.5577411864931223 opposes 0.4257662541881271 __DUMMY__ 0.016492559318750637	true	1.0
N1710	favors 1.0	favors 1.0	favors 0.751922864921937 opposes 0.24342401678475298 __DUMMY__ 0.004653118293309964	false	1.0
N1713	opposes 1.0	opposes 1.0	opposes 0.7089774108815086 favors 0.2865046623626822 __DUMMY__ 0.004517926755809229	false	1.0
N1714	opposes 1.0	opposes 1.0	opposes 0.7000931464586828 favors 0.29573125680207746 __DUMMY__ 0.004175596739239773	false	1.0
N1711	opposes 1.0	opposes 1.0	opposes 0.6980923296345469 favors 0.2975067302951685 __DUMMY__ 0.004400940070284593	false	1.0
N1712	favors 1.0	favors 1.0	favors 0.7532083336549413 opposes 0.24206594572409487 __DUMMY__ 0.004725720620963915	false	1.0
N1717	favors 1.0	favors 1.0	favors 0.7450712873067519 opposes 0.2501727431300726 __DUMMY__ 0.004755969563175518	false	1.0
N1718	favors 1.0		favors 0.5306665796161278 opposes 0.45452462767759894 __DUMMY__ 0.014808792706273388	true	1.0
N1715	opposes 1.0		favors 0.5182787112619837 opposes 0.4662435602266796 __DUMMY__ 0.015477728511336792	true	0.5
N1716	opposes 1.0	opposes 1.0	opposes 0.6990720197244981 favors 0.2963597592093799 __DUMMY__ 0.004568221066121977	false	1.0
N1719	favors 1.0	favors 1.0	favors 0.7615407452823092 opposes 0.23385174018697907 __DUMMY__ 0.004607514530711764	false	1.0
N1782	favors 1.0	favors 1.0	favors 0.7473168442637076 opposes 0.2479267686273927 __DUMMY__ 0.004756387108899746	false	1.0
N1783	opposes 1.0		favors 0.4933268822921639 opposes 0.49035811789487904 __DUMMY__ 0.016314999812957164	true	0.5
N1780	favors 1.0		favors 0.5177430788259135 opposes 0.46632515438551847 __DUMMY__ 0.015931766788568006	true	1.0
N1781	favors 1.0	favors 1.0	favors 0.7578412476590071 opposes 0.23714836622138155 __DUMMY__ 0.005010386119611273	false	1.0
N1302	opposes 1.0	opposes 1.0	opposes 0.7123482707669931 favors 0.2829732772310685 __DUMMY__ 0.004678452001938333	false	1.0
N1786	favors 1.0	favors 1.0	favors 0.7529601315655193 opposes 0.24202982279579757 __DUMMY__ 0.005010045638683077	false	1.0
N1303	favors 1.0	favors 1.0	favors 0.7391614976443738 opposes 0.25619193572095095 __DUMMY__ 0.004646566634675237	false	1.0
N1787	opposes 1.0	opposes 1.0	opposes 0.7173366253928858 favors 0.2773182625167512 __DUMMY__ 0.005345112090362954	false	1.0
N1300	favors 1.0		opposes 0.4954603520259551 favors 0.4891309272184156 __DUMMY__ 0.015408720755629214	true	0.5
N1784	opposes 1.0	opposes 1.0	opposes 0.7052926332902678 favors 0.28943901976316144 __DUMMY__ 0.005268346946570752	false	1.0
N1301	favors 1.0	favors 1.0	favors 0.737947703613802 opposes 0.257835646823335 __DUMMY__ 0.004216649562862946	false	1.0
N1785	opposes 1.0	opposes 1.0	opposes 0.7187274663183915 favors 0.27600276533777357 __DUMMY__ 0.005269768343835018	false	1.0
N1306	opposes 1.0	opposes 1.0	opposes 0.7202011107144543 favors 0.2751021871724135 __DUMMY__ 0.004696702113132204	false	1.0
N1307	favors 1.0	favors 1.0	favors 0.7333778401629409 opposes 0.2618715944282441 __DUMMY__ 0.004750565408815049	false	1.0
N1304	opposes 1.0		opposes 0.5077952408266914 favors 0.4763383408086823 __DUMMY__ 0.015866418364626246	true	1.0
N1788	opposes 1.0		favors 0.5111839165385706 opposes 0.4722391343799523 __DUMMY__ 0.016576949081477093	true	0.5
N1305	opposes 1.0	opposes 1.0	opposes 0.730868149093647 favors 0.26488190840712283 __DUMMY__ 0.004249942499230175	false	1.0
N1789	favors 1.0		favors 0.5276342066101718 opposes 0.45639190870879937 __DUMMY__ 0.01597388468102882	true	1.0
N1308	favors 1.0		favors 0.5253421329304964 opposes 0.459207800266705 __DUMMY__ 0.015450066802798772	true	1.0
N1309	opposes 1.0	opposes 1.0	opposes 0.7033764735999987 favors 0.2921774586443968 __DUMMY__ 0.004446067755604549	false	1.0
N1771	favors 1.0		favors 0.542980379061744 opposes 0.44147452373417234 __DUMMY__ 0.015545097204083544	true	1.0
N1772	opposes 1.0	opposes 1.0	opposes 0.7176305444492656 favors 0.27738145476009946 __DUMMY__ 0.004988000790634961	false	1.0
N1770	favors 1.0	favors 1.0	favors 0.7495671477965039 opposes 0.24552965372525035 __DUMMY__ 0.004903198478245815	false	1.0
N1775	favors 1.0		favors 0.5176052325022121 opposes 0.4658868238407714 __DUMMY__ 0.016507943657016414	true	1.0
N1776	favors 1.0	favors 1.0	favors 0.7496319770875151 opposes 0.24576489234700488 __DUMMY__ 0.004603130565479999	false	1.0
N1773	opposes 1.0		favors 0.5568955514072139 opposes 0.4268510763248591 __DUMMY__ 0.01625337226792685	true	0.5
N2620	favors 1.0	favors 1.0	favors 0.7399450103735538 opposes 0.25565911833808896 __DUMMY__ 0.004395871288357145	false	1.0
N1774	opposes 1.0	opposes 1.0	opposes 0.7024314944194628 favors 0.2926269646875453 __DUMMY__ 0.0049415408929918666	false	1.0
N1779	opposes 1.0	opposes 1.0	opposes 0.7266271097247138 favors 0.26858142024120873 __DUMMY__ 0.004791470034077528	false	1.0
N1777	favors 1.0	favors 1.0	favors 0.7588064307248211 opposes 0.23619223728975966 __DUMMY__ 0.005001331985419096	false	1.0
N1778	favors 1.0		favors 0.5701228919567626 opposes 0.4139790588430114 __DUMMY__ 0.015898049200225965	true	1.0
N901	favors 1.0	favors 1.0	favors 0.74036141451509 opposes 0.25448423943407006 __DUMMY__ 0.005154346050839973	false	1.0
N902	opposes 1.0		favors 0.5112018307224331 opposes 0.47269439993408996 __DUMMY__ 0.016103769343476928	true	0.5
N903	opposes 1.0	opposes 1.0	opposes 0.7114719693239452 favors 0.28373334264353267 __DUMMY__ 0.004794688032522191	false	1.0
N904	opposes 1.0	opposes 1.0	opposes 0.7221910311061883 favors 0.2727110947711326 __DUMMY__ 0.005097874122679064	false	1.0
N1760	opposes 1.0	opposes 1.0	opposes 0.7016212212363155 favors 0.2935580997415668 __DUMMY__ 0.00482067902211761	false	1.0
N1761	opposes 1.0	opposes 1.0	opposes 0.736487747446153 favors 0.25869547125707243 __DUMMY__ 0.004816781296774579	false	1.0
N900	opposes 1.0	opposes 1.0	opposes 0.7097688031085507 favors 0.28531972653702004 __DUMMY__ 0.004911470354429237	false	1.0
N909	opposes 1.0		favors 0.5235179010006181 opposes 0.4602578239704384 __DUMMY__ 0.01622427502894354	true	0.5
N1764	opposes 1.0		favors 0.5031188567669713 opposes 0.480947902563636 __DUMMY__ 0.01593324066939267	true	0.5
N2611	favors 1.0		favors 0.5036068321952053 opposes 0.48059511321793774 __DUMMY__ 0.015798054586857038	true	1.0
N1765	favors 1.0	favors 1.0	favors 0.7402533530906897 opposes 0.25498235581520917 __DUMMY__ 0.00476429109410121	false	1.0
N2612	favors 1.0		favors 0.5140830214985083 opposes 0.47100108095841176 __DUMMY__ 0.014915897543080097	true	1.0
N1762	opposes 1.0		favors 0.49844492493744796 opposes 0.4855528417738414 __DUMMY__ 0.016002233288710557	true	0.5
N1763	opposes 1.0	opposes 1.0	opposes 0.7151284697541247 favors 0.27984895458168685 __DUMMY__ 0.00502257566418854	false	1.0
N2610	opposes 1.0	opposes 1.0	opposes 0.7095394018098719 favors 0.28587814086718183 __DUMMY__ 0.004582457322946384	false	1.0
N905	opposes 1.0		favors 0.5320833429424365 opposes 0.4517256620488942 __DUMMY__ 0.016190995008669096	true	0.5
N1768	opposes 1.0	opposes 1.0	opposes 0.7013096696124657 favors 0.2939225715328715 __DUMMY__ 0.004767758854662872	false	1.0
N2615	opposes 1.0	opposes 1.0	opposes 0.7030746816152789 favors 0.29238782550039966 __DUMMY__ 0.0045374928843215775	false	1.0
N906	opposes 1.0		favors 0.5240433803646559 opposes 0.4597879656411023 __DUMMY__ 0.01616865399424177	true	0.5
N1769	favors 1.0	favors 1.0	favors 0.7514880666081919 opposes 0.24343572851460366 __DUMMY__ 0.0050762048772044835	false	1.0
N2616	favors 1.0	favors 1.0	favors 0.7650948875816798 opposes 0.23049302030497454 __DUMMY__ 0.0044120921133456665	false	1.0
N907	favors 1.0	favors 1.0	favors 0.7339731818943127 opposes 0.2608263069718158 __DUMMY__ 0.0052005111338714475	false	1.0
N1766	favors 1.0		favors 0.5522123213135363 opposes 0.4314767155896425 __DUMMY__ 0.016310963096821167	true	1.0
N2613	opposes 1.0	opposes 1.0	opposes 0.7093698322938107 favors 0.2860108695920931 __DUMMY__ 0.004619298114096217	false	1.0
N908	favors 1.0		favors 0.511474554221525 opposes 0.4728038282859396 __DUMMY__ 0.015721617492535447	true	1.0
N1767	favors 1.0		favors 0.5283146881114135 opposes 0.45534610632919154 __DUMMY__ 0.016339205559394904	true	1.0
N2614	opposes 1.0	opposes 1.0	opposes 0.7146488721932991 favors 0.28068084081689265 __DUMMY__ 0.0046702869898083465	false	1.0
N2619	opposes 1.0		favors 0.5292808198482624 opposes 0.4551087331606537 __DUMMY__ 0.015610446991083991	true	0.5
N2617	favors 1.0	favors 1.0	favors 0.7275841747808712 opposes 0.2679754142737682 __DUMMY__ 0.004440410945360572	false	1.0
N2618	favors 1.0	favors 1.0	favors 0.7372122241980136 opposes 0.2583485277378807 __DUMMY__ 0.004439248064105803	false	1.0
N1750	favors 1.0	favors 1.0	favors 0.7387505604965499 opposes 0.25632716453369503 __DUMMY__ 0.004922274969755202	false	1.0
N1753	favors 1.0		favors 0.5329898799521757 opposes 0.45070094355209295 __DUMMY__ 0.01630917649573144	true	1.0
N2600	opposes 1.0	opposes 1.0	opposes 0.7235239396569282 favors 0.27181702642369876 __DUMMY__ 0.0046590339193729735	false	1.0
N1754	favors 1.0		favors 0.5229024814859174 opposes 0.46084526246508284 __DUMMY__ 0.016252256048999627	true	1.0
N2601	favors 1.0	favors 1.0	favors 0.7330103398039585 opposes 0.26257305486423577 __DUMMY__ 0.004416605331805714	false	1.0
N1751	favors 1.0		favors 0.5214577228128728 opposes 0.4628994539702038 __DUMMY__ 0.015642823216923403	true	1.0
N1752	favors 1.0		favors 0.4950741423885134 opposes 0.48861007552053104 __DUMMY__ 0.016315782090955494	true	1.0
N1757	favors 1.0	favors 1.0	favors 0.7468916640311859 opposes 0.24809390065667408 __DUMMY__ 0.005014435312140053	false	1.0
N2604	opposes 1.0	opposes 1.0	opposes 0.7079763660954602 favors 0.287596442639431 __DUMMY__ 0.004427191265108782	false	1.0
N1758	favors 1.0		favors 0.5143009530227464 opposes 0.4692810003886449 __DUMMY__ 0.016418046588608726	true	1.0
N2605	favors 1.0	favors 1.0	favors 0.7443106242811591 opposes 0.2509620684628164 __DUMMY__ 0.004727307256024465	false	1.0
N1755	opposes 1.0	opposes 1.0	opposes 0.7274811815274163 favors 0.26739047590035253 __DUMMY__ 0.0051283425722312625	false	1.0
N2602	favors 1.0	favors 1.0	favors 0.755983350929384 opposes 0.2393743753547109 __DUMMY__ 0.004642273715905115	false	1.0
N1756	opposes 1.0		favors 0.5073675816638027 opposes 0.4769509540630152 __DUMMY__ 0.01568146427318205	true	0.5
N2603	favors 1.0	favors 1.0	favors 0.743209161345598 opposes 0.2521304128367503 __DUMMY__ 0.004660425817651738	false	1.0
N2608	opposes 1.0	opposes 1.0	opposes 0.7254093945302083 favors 0.26997897275344745 __DUMMY__ 0.004611632716344261	false	1.0
N2609	opposes 1.0		favors 0.5430245664237147 opposes 0.44147124790664466 __DUMMY__ 0.015504185669640676	true	0.5
N1759	favors 1.0	favors 1.0	favors 0.7538404922912529 opposes 0.2412454554093949 __DUMMY__ 0.004914052299352142	false	1.0
N2606	opposes 1.0	opposes 1.0	opposes 0.7188367128259943 favors 0.2766267692667827 __DUMMY__ 0.004536517907222966	false	1.0
N2607	opposes 1.0	opposes 1.0	opposes 0.7106277595590998 favors 0.28515018879634196 __DUMMY__ 0.004222051644558155	false	1.0
N923	favors 1.0		favors 0.49604686342806054 opposes 0.48776117943326824 __DUMMY__ 0.016191957138671297	true	1.0
N924	favors 1.0	favors 1.0	favors 0.7542581254091838 opposes 0.24078339280309452 __DUMMY__ 0.004958481787721715	false	1.0
N925	favors 1.0	favors 1.0	favors 0.7486728411635594 opposes 0.2464165337546873 __DUMMY__ 0.004910625081753269	false	1.0
N926	opposes 1.0	opposes 1.0	opposes 0.726522855621423 favors 0.26838509114730796 __DUMMY__ 0.0050920532312689	false	1.0
N1342	opposes 1.0	opposes 1.0	opposes 0.7155699449731489 favors 0.28010305441844924 __DUMMY__ 0.00432700060840198	false	1.0
N920	opposes 1.0	opposes 1.0	opposes 0.7194058239944164 favors 0.27554813311142445 __DUMMY__ 0.00504604289415899	false	1.0
N1343	favors 1.0	favors 1.0	favors 0.7556044271147795 opposes 0.23969095414400313 __DUMMY__ 0.0047046187412174015	false	1.0
N921	favors 1.0		favors 0.5085710029241769 opposes 0.47538083614649457 __DUMMY__ 0.016048160929328564	true	1.0
N1340	favors 1.0	favors 1.0	favors 0.7556980527487006 opposes 0.23963957571723946 __DUMMY__ 0.004662371534059916	false	1.0
N922	favors 1.0		favors 0.5242424722488672 opposes 0.460281243158396 __DUMMY__ 0.015476284592736825	true	1.0
N1341	opposes 1.0		favors 0.5113263072711263 opposes 0.472703908291409 __DUMMY__ 0.015969784437464753	true	0.5
N1346	opposes 1.0	opposes 1.0	opposes 0.7301949500991969 favors 0.2652873733035194 __DUMMY__ 0.004517676597283677	false	1.0
N1347	opposes 1.0	opposes 1.0	opposes 0.7203065523086176 favors 0.275176075202388 __DUMMY__ 0.0045173724889943714	false	1.0
N1344	favors 1.0		favors 0.5294088838625931 opposes 0.4547388942758808 __DUMMY__ 0.015852221861525947	true	1.0
N1345	favors 1.0	favors 1.0	favors 0.7695563266316124 opposes 0.22594788763411372 __DUMMY__ 0.004495785734273734	false	1.0
N927	opposes 1.0		favors 0.5090799971424869 opposes 0.47539393310573064 __DUMMY__ 0.015526069751782504	true	0.5
N928	favors 1.0		favors 0.525141397407629 opposes 0.45864413266603254 __DUMMY__ 0.016214469926338446	true	1.0
N929	favors 1.0		favors 0.5165594129939879 opposes 0.4671327838148741 __DUMMY__ 0.016307803191138018	true	1.0
N1348	favors 1.0	favors 1.0	favors 0.754718410936094 opposes 0.24055816449477757 __DUMMY__ 0.004723424569128461	false	1.0
N1349	opposes 1.0	opposes 1.0	opposes 0.7174717549098713 favors 0.27805333039502783 __DUMMY__ 0.0044749146951008735	false	1.0
N912	favors 1.0		favors 0.5424505015508407 opposes 0.44161464745245416 __DUMMY__ 0.015934850996705052	true	1.0
N913	favors 1.0		favors 0.5043556943952673 opposes 0.4796716020178427 __DUMMY__ 0.015972703586889844	true	1.0
N914	opposes 1.0		favors 0.52244203796046 opposes 0.46129966205367456 __DUMMY__ 0.016258299985865598	true	0.5
N915	favors 1.0	favors 1.0	favors 0.7370179115538745 opposes 0.25806818004979176 __DUMMY__ 0.0049139083963337105	false	1.0
N1331	favors 1.0		favors 0.5163634701813766 opposes 0.46803365203797465 __DUMMY__ 0.015602877780648698	true	1.0
N1332	opposes 1.0	opposes 1.0	opposes 0.7249840443361827 favors 0.2705229641853557 __DUMMY__ 0.004492991478461643	false	1.0
N910	opposes 1.0	opposes 1.0	opposes 0.714610265250819 favors 0.28027049349827077 __DUMMY__ 0.005119241250910314	false	1.0
N911	favors 1.0		favors 0.5333019363990055 opposes 0.45057240481114186 __DUMMY__ 0.01612565878985272	true	1.0
N1330	favors 1.0	favors 1.0	favors 0.7548219009284373 opposes 0.2402118987046917 __DUMMY__ 0.004966200366871152	false	1.0
N1335	favors 1.0	favors 1.0	favors 0.7580275274971837 opposes 0.23747035531480906 __DUMMY__ 0.004502117188007176	false	1.0
N1336	opposes 1.0	opposes 1.0	opposes 0.7129768647026642 favors 0.2822172079874299 __DUMMY__ 0.004805927309906002	false	1.0
N1333	favors 1.0	favors 1.0	favors 0.7601644615717602 opposes 0.23511351887330847 __DUMMY__ 0.004722019554931299	false	1.0
N1334	favors 1.0	favors 1.0	favors 0.7472453722334721 opposes 0.24801647281740344 __DUMMY__ 0.004738154949124494	false	1.0
N916	opposes 1.0	opposes 1.0	opposes 0.7310504346505605 favors 0.2642151318845622 __DUMMY__ 0.004734433464877341	false	1.0
N1339	favors 1.0		favors 0.5512414245587021 opposes 0.4330752892468553 __DUMMY__ 0.015683286194442526	true	1.0
N917	opposes 1.0	opposes 1.0	opposes 0.7079770196549833 favors 0.2870550334493346 __DUMMY__ 0.0049679468956821396	false	1.0
N918	opposes 1.0	opposes 1.0	opposes 0.7207060443478944 favors 0.27431670336586417 __DUMMY__ 0.004977252286241499	false	1.0
N1337	favors 1.0	favors 1.0	favors 0.7462974920248981 opposes 0.2490846898413294 __DUMMY__ 0.004617818133772457	false	1.0
N919	favors 1.0	favors 1.0	favors 0.7513842449930844 opposes 0.24387730326424098 __DUMMY__ 0.004738451742674586	false	1.0
N1338	favors 1.0		favors 0.5374028986586473 opposes 0.44759931672046654 __DUMMY__ 0.014997784620886119	true	1.0
N940	opposes 1.0		favors 0.5140828947811754 opposes 0.4695450312372726 __DUMMY__ 0.016372073981551865	true	0.5
N945	favors 1.0	favors 1.0	favors 0.7455452149223205 opposes 0.2493991688709416 __DUMMY__ 0.005055616206737766	false	1.0
N946	opposes 1.0		favors 0.5037032236559141 opposes 0.47991245146323364 __DUMMY__ 0.01638432488085221	true	0.5
N947	opposes 1.0	opposes 1.0	opposes 0.7182217040559844 favors 0.27698761955329504 __DUMMY__ 0.004790676390720465	false	1.0
N948	favors 1.0	favors 1.0	favors 0.742038733600692 opposes 0.25284202514839776 __DUMMY__ 0.005119241250910315	false	1.0
N941	favors 1.0	favors 1.0	favors 0.7383999086868459 opposes 0.2565703230371683 __DUMMY__ 0.005029768275985812	false	1.0
N1320	favors 1.0		favors 0.5071699916161423 opposes 0.4767729065157338 __DUMMY__ 0.016057101868123976	true	1.0
N942	favors 1.0	favors 1.0	favors 0.7448324285358234 opposes 0.25037288343165437 __DUMMY__ 0.004794688032522192	false	1.0
N1321	favors 1.0	favors 1.0	favors 0.763197855536433 opposes 0.23185908290789958 __DUMMY__ 0.004943061555667331	false	1.0
N943	favors 1.0	favors 1.0	favors 0.7331546266167358 opposes 0.2617474992605851 __DUMMY__ 0.005097874122679063	false	1.0
N944	opposes 1.0	opposes 1.0	opposes 0.705491256972461 favors 0.2894026156758197 __DUMMY__ 0.005106127351719286	false	1.0
N1324	opposes 1.0	opposes 1.0	opposes 0.7145744271157448 favors 0.28092704945400027 __DUMMY__ 0.004498523430254839	false	1.0
N1325	favors 1.0	favors 1.0	favors 0.7558196844569155 opposes 0.239226003843413 __DUMMY__ 0.004954311699671475	false	1.0
N1322	favors 1.0	favors 1.0	favors 0.7559229980135888 opposes 0.23918892772063138 __DUMMY__ 0.004888074265779865	false	1.0
N1323	opposes 1.0	opposes 1.0	opposes 0.7192616134029116 favors 0.27563834038726037 __DUMMY__ 0.005100046209827987	false	1.0
N949	favors 1.0		favors 0.5333019363990054 opposes 0.45057240481114186 __DUMMY__ 0.016125658789852705	true	1.0
N1328	opposes 1.0	opposes 1.0	opposes 0.7311028696150483 favors 0.2641812805978947 __DUMMY__ 0.004715849787056998	false	1.0
N1329	opposes 1.0		favors 0.5104191405790207 opposes 0.47388829142175076 __DUMMY__ 0.015692567999228493	true	0.5
N1326	favors 1.0	favors 1.0	favors 0.7504265045247193 opposes 0.2445854128685289 __DUMMY__ 0.004988082606751931	false	1.0
N1327	favors 1.0		favors 0.5709245983907276 opposes 0.4134451870551646 __DUMMY__ 0.015630214554107937	true	1.0
N934	favors 1.0	favors 1.0	favors 0.7474842360894057 opposes 0.2475372677491463 __DUMMY__ 0.004978496161447935	false	1.0
N935	opposes 1.0		favors 0.5045916674656405 opposes 0.47961832821154904 __DUMMY__ 0.0157900043228105	true	0.5
N1790	opposes 1.0		favors 0.49808736895503225 opposes 0.4851676282817939 __DUMMY__ 0.016745002763173786	true	0.5
N936	opposes 1.0		favors 0.49828619594043533 opposes 0.48576457502617554 __DUMMY__ 0.01594922903338906	true	0.5
N937	opposes 1.0	opposes 1.0	opposes 0.7075009923060684 favors 0.28740177937941835 __DUMMY__ 0.005097228314513205	false	1.0
N930	favors 1.0	favors 1.0	favors 0.7554757742100481 opposes 0.2396602585440694 __DUMMY__ 0.004863967245882424	false	1.0
N1793	opposes 1.0		favors 0.500561855405212 opposes 0.4824417858553979 __DUMMY__ 0.01699635873939014	true	0.5
N931	opposes 1.0		favors 0.5506998059670645 opposes 0.4334733957444766 __DUMMY__ 0.01582679828845888	true	0.5
N1310	opposes 1.0	opposes 1.0	opposes 0.7482585583616416 favors 0.24726613671652667 __DUMMY__ 0.0044753049218317935	false	1.0
N1794	opposes 1.0		favors 0.511572995025522 opposes 0.47242526656568407 __DUMMY__ 0.016001738408793865	true	0.5
N932	opposes 1.0	opposes 1.0	opposes 0.7362238163719591 favors 0.2590148935369857 __DUMMY__ 0.004761290091055159	false	1.0
N1791	favors 1.0	favors 1.0	favors 0.7562180706007684 opposes 0.2384937595701057 __DUMMY__ 0.005288169829125827	false	1.0
N933	opposes 1.0	opposes 1.0	opposes 0.7266033180296171 favors 0.26863281375811077 __DUMMY__ 0.004763868212272158	false	1.0
N1792	favors 1.0	favors 1.0	favors 0.7501951916273932 opposes 0.24459513982799275 __DUMMY__ 0.0052096685446140125	false	1.0
N1313	opposes 1.0		favors 0.5010617566272652 opposes 0.48328340522934204 __DUMMY__ 0.015654838143392823	true	0.5
N1797	favors 1.0		favors 0.5420673223989214 opposes 0.4413538507033604 __DUMMY__ 0.016578826897718172	true	1.0
N1314	favors 1.0		favors 0.5501596653657652 opposes 0.43371265691725497 __DUMMY__ 0.016127677716979927	true	1.0
N1798	opposes 1.0	opposes 1.0	opposes 0.6953745830711053 favors 0.29955662101399133 __DUMMY__ 0.005068795914903404	false	1.0
N1311	opposes 1.0	opposes 1.0	opposes 0.7367682395728511 favors 0.25875702707189296 __DUMMY__ 0.004474733355255952	false	1.0
N1795	opposes 1.0		favors 0.528761600580783 opposes 0.4544607713740289 __DUMMY__ 0.016777628045188002	true	0.5
N1312	opposes 1.0	opposes 1.0	opposes 0.7336515773034736 favors 0.26192477764603705 __DUMMY__ 0.004423645050489364	false	1.0
N1796	favors 1.0	favors 1.0	favors 0.7451783736546971 opposes 0.24952017714118402 __DUMMY__ 0.005301449204118859	false	1.0
N938	opposes 1.0		favors 0.5124632942226667 opposes 0.4712512444741 __DUMMY__ 0.016285461303233457	true	0.5
N1317	opposes 1.0	opposes 1.0	opposes 0.711585437401582 favors 0.2833696620363864 __DUMMY__ 0.005044900562031487	false	1.0
N939	favors 1.0	favors 1.0	favors 0.7480444225308226 opposes 0.2470441071147482 __DUMMY__ 0.004911470354429236	false	1.0
N1318	favors 1.0	favors 1.0	favors 0.7451989712144659 opposes 0.2499585212058307 __DUMMY__ 0.004842507579703356	false	1.0
N1315	opposes 1.0		favors 0.5226938130020548 opposes 0.46113961041518636 __DUMMY__ 0.016166576582758913	true	0.5
N1799	opposes 1.0	opposes 1.0	opposes 0.7350088232951008 favors 0.25994783882319555 __DUMMY__ 0.0050433378817038	false	1.0
N1316	favors 1.0	favors 1.0	favors 0.7586002504470204 opposes 0.23670921122390307 __DUMMY__ 0.004690538329076527	false	1.0
N1319	opposes 1.0	opposes 1.0	opposes 0.7042555676394752 favors 0.29126281828325606 __DUMMY__ 0.0044816140772687574	false	1.0
N960	favors 1.0		favors 0.5367276635075025 opposes 0.446683910220864 __DUMMY__ 0.016588426271633587	true	1.0
N961	favors 1.0		favors 0.5080218084602499 opposes 0.4750431941350265 __DUMMY__ 0.016934997404723647	true	1.0
N962	opposes 1.0	opposes 1.0	opposes 0.7164542264191733 favors 0.278754002018028 __DUMMY__ 0.004791771562798644	false	1.0
N967	opposes 1.0		favors 0.5348693299832422 opposes 0.4483976506019949 __DUMMY__ 0.016733019414762997	true	0.5
N1382	favors 1.0		favors 0.5780989188818092 opposes 0.40583662480053384 __DUMMY__ 0.016064456317656926	true	1.0
N968	favors 1.0	favors 1.0	favors 0.7424238856499323 opposes 0.25261496323089727 __DUMMY__ 0.0049611511191703875	false	1.0
N1383	opposes 1.0		favors 0.5115987727400565 opposes 0.47231467174083275 __DUMMY__ 0.016086555519110698	true	0.5
N2230	opposes 1.0	opposes 1.0	opposes 0.7157841424960053 favors 0.27950493749107996 __DUMMY__ 0.004710920012914669	false	1.0
N969	favors 1.0	favors 1.0	favors 0.7432758635657741 opposes 0.2522983012466742 __DUMMY__ 0.004425835187551657	false	1.0
N1380	favors 1.0		favors 0.544966211985574 opposes 0.4385311987264703 __DUMMY__ 0.016502589287955744	true	1.0
N1381	favors 1.0	favors 1.0	favors 0.7701713243243907 opposes 0.22487107015764432 __DUMMY__ 0.00495760551796483	false	1.0
N963	opposes 1.0		favors 0.5368425030085144 opposes 0.44644670318579976 __DUMMY__ 0.016710793805685777	true	0.5
N1386	opposes 1.0	opposes 1.0	opposes 0.7086289853323697 favors 0.28654288844431947 __DUMMY__ 0.004828126223310722	false	1.0
N2233	favors 1.0	favors 1.0	favors 0.7459472439188017 opposes 0.24920254553401025 __DUMMY__ 0.004850210547188062	false	1.0
N964	favors 1.0	favors 1.0	favors 0.7689330693142976 opposes 0.22605302905598879 __DUMMY__ 0.005013901629713563	false	1.0
N1387	opposes 1.0	opposes 1.0	opposes 0.7263538372815539 favors 0.2686811479879731 __DUMMY__ 0.004965014730472877	false	1.0
N2234	favors 1.0	favors 1.0	favors 0.7513591221667905 opposes 0.24429277894587265 __DUMMY__ 0.004348098887336873	false	1.0
N965	favors 1.0		opposes 0.4939176563466144 favors 0.4897848831877352 __DUMMY__ 0.016297460465650292	true	0.5
N1384	favors 1.0	favors 1.0	favors 0.7505900465169212 opposes 0.2445471021405946 __DUMMY__ 0.004862851342484195	false	1.0
N2231	favors 1.0		favors 0.5607546648227243 opposes 0.42353828924250986 __DUMMY__ 0.015707045934765834	true	1.0
N966	favors 1.0		favors 0.5087106803730298 opposes 0.474991205100771 __DUMMY__ 0.01629811452619929	true	1.0
N1385	favors 1.0		favors 0.552371510599926 opposes 0.43117330414324523 __DUMMY__ 0.016455185256828698	true	1.0
N2232	opposes 1.0	opposes 1.0	opposes 0.7006605266792091 favors 0.29466193317126715 __DUMMY__ 0.004677540149523739	false	1.0
N2237	opposes 1.0	opposes 1.0	opposes 0.6943768172413269 favors 0.30099046601882845 __DUMMY__ 0.004632716739844561	false	1.0
N2238	favors 1.0	favors 1.0	favors 0.7743097583614201 opposes 0.22117478240388347 __DUMMY__ 0.004515459234696383	false	1.0
N1388	opposes 1.0		favors 0.5459663787595822 opposes 0.4373537559080574 __DUMMY__ 0.016679865332360377	true	0.5
N2235	favors 1.0	favors 1.0	favors 0.760719254554992 opposes 0.23456075082808414 __DUMMY__ 0.004719994616923747	false	1.0
N1389	opposes 1.0	opposes 1.0	opposes 0.7148451676024694 favors 0.2799183017797538 __DUMMY__ 0.0052365306177767626	false	1.0
N2236	opposes 1.0		favors 0.5386407894921926 opposes 0.445487953827762 __DUMMY__ 0.01587125668004547	true	0.5
N2239	favors 1.0	favors 1.0	favors 0.7367248885618112 opposes 0.258739932766351 __DUMMY__ 0.004535178671837851	false	1.0
N950	opposes 1.0		opposes 0.4930934105434109 favors 0.4909270205186289 __DUMMY__ 0.01597956893796022	true	1.0
N951	opposes 1.0	opposes 1.0	opposes 0.7216515225131824 favors 0.273407640771255 __DUMMY__ 0.004940836715562536	false	1.0
N956	favors 1.0		favors 0.5224130309537445 opposes 0.46072916134139796 __DUMMY__ 0.01685780770485747	true	1.0
N1371	opposes 1.0		favors 0.5405480563064652 opposes 0.44287300993017886 __DUMMY__ 0.01657893376335588	true	0.5
N957	opposes 1.0	opposes 1.0	opposes 0.7157313330042288 favors 0.27914541469578213 __DUMMY__ 0.005123252299989094	false	1.0
N1372	favors 1.0	favors 1.0	favors 0.755499365570904 opposes 0.23953375907692312 __DUMMY__ 0.004966875352172852	false	1.0
N958	opposes 1.0		favors 0.5352860916345583 opposes 0.4488148083314166 __DUMMY__ 0.015899100034025004	true	0.5
N959	opposes 1.0	opposes 1.0	opposes 0.7225153675385577 favors 0.27226355308151184 __DUMMY__ 0.00522107937993036	false	1.0
N1370	favors 1.0	favors 1.0	favors 0.7656074618941214 opposes 0.22955715484603928 __DUMMY__ 0.004835383259839326	false	1.0
N952	opposes 1.0	opposes 1.0	opposes 0.7195352798718948 favors 0.27555081173177143 __DUMMY__ 0.004913908396333709	false	1.0
N1375	favors 1.0		favors 0.566023841929026 opposes 0.4175758888326855 __DUMMY__ 0.01640026923828838	true	1.0
N2222	opposes 1.0	opposes 1.0	opposes 0.7325753731798584 favors 0.26297936865937205 __DUMMY__ 0.004445258160769593	false	1.0
N953	favors 1.0		favors 0.5001110923285355 opposes 0.48364125598614416 __DUMMY__ 0.016247651685320233	true	1.0
N1376	favors 1.0	favors 1.0	favors 0.7639405024912046 opposes 0.23105786914785068 __DUMMY__ 0.005001628360944733	false	1.0
N2223	favors 1.0	favors 1.0	favors 0.741957447650002 opposes 0.25353179067716974 __DUMMY__ 0.004510761672828201	false	1.0
N954	favors 1.0	favors 1.0	favors 0.7591816904830929 opposes 0.2355987780978236 __DUMMY__ 0.005219531419083539	false	1.0
N1373	favors 1.0		favors 0.5524440571263933 opposes 0.43182754996093325 __DUMMY__ 0.015728392912673524	true	1.0
N2220	opposes 1.0	opposes 1.0	opposes 0.735415140830442 favors 0.26009353829436455 __DUMMY__ 0.004491320875193409	false	1.0
N955	favors 1.0	favors 1.0	favors 0.7457610505235088 opposes 0.24901649263633982 __DUMMY__ 0.005222456840151328	false	1.0
N1374	opposes 1.0	opposes 1.0	opposes 0.7116472405077554 favors 0.2833050325585371 __DUMMY__ 0.005047726933707471	false	1.0
N2221	favors 1.0		favors 0.5085017573714647 opposes 0.4757856927972503 __DUMMY__ 0.015712549831284922	true	1.0
N1379	favors 1.0	favors 1.0	favors 0.7643579790905531 opposes 0.2305810362227869 __DUMMY__ 0.005060984686660005	false	1.0
N2226	opposes 1.0		favors 0.5507911222449468 opposes 0.43376848895240766 __DUMMY__ 0.015440388802645522	true	0.5
N2227	favors 1.0	favors 1.0	favors 0.7532410029633559 opposes 0.24194113823396313 __DUMMY__ 0.004817858802680923	false	1.0
N1377	opposes 1.0		favors 0.5289469150478794 opposes 0.45442098882966736 __DUMMY__ 0.016632096122453158	true	0.5
N2224	favors 1.0	favors 1.0	favors 0.7648550313388365 opposes 0.2304090709630286 __DUMMY__ 0.004735897698134972	false	1.0
N1378	favors 1.0	favors 1.0	favors 0.7552535680771211 opposes 0.24006383749355378 __DUMMY__ 0.004682594429325111	false	1.0
N2225	favors 1.0	favors 1.0	favors 0.7520717548167488 opposes 0.24317697554093973 __DUMMY__ 0.004751269642311471	false	1.0
N2228	opposes 1.0	opposes 1.0	opposes 0.7096187369935959 favors 0.28574701798384583 __DUMMY__ 0.004634245022558326	false	1.0
N2229	opposes 1.0		favors 0.5465723182533074 opposes 0.4383930061714252 __DUMMY__ 0.015034675575267494	true	0.5
N981	favors 1.0		favors 0.5812520663802054 opposes 0.4035696495879507 __DUMMY__ 0.01517828403184384	true	1.0
N982	opposes 1.0	opposes 1.0	opposes 0.7237573050516979 favors 0.2717918154781467 __DUMMY__ 0.004450879470155459	false	1.0
N983	favors 1.0	favors 1.0	favors 0.7479333331672676 opposes 0.24761687973757268 __DUMMY__ 0.004449787095159692	false	1.0
N500	favors 1.0		favors 0.528425597657612 opposes 0.4551524342920685 __DUMMY__ 0.01642196805031944	true	1.0
N984	favors 1.0	favors 1.0	favors 0.7623930241472942 opposes 0.23294491453204835 __DUMMY__ 0.004662061320657375	false	1.0
N980	opposes 1.0		favors 0.5432354277163667 opposes 0.4410390726108341 __DUMMY__ 0.015725499672799268	true	0.5
N505	favors 1.0	favors 1.0	favors 0.764534089351669 opposes 0.23052324048425776 __DUMMY__ 0.00494267016407317	false	1.0
N989	favors 1.0	favors 1.0	favors 0.7482133755021939 opposes 0.24718691056496725 __DUMMY__ 0.0045997139328389156	false	1.0
N1360	favors 1.0	favors 1.0	favors 0.7606261819842881 opposes 0.2341478269264994 __DUMMY__ 0.005225991089212419	false	1.0
N506	opposes 1.0		opposes 0.5048233921213452 favors 0.4790557396905951 __DUMMY__ 0.016120868188059568	true	1.0
N1361	opposes 1.0		favors 0.5381657152213897 opposes 0.44508717328481967 __DUMMY__ 0.016747111493790726	true	0.5
N507	opposes 1.0	opposes 1.0	opposes 0.726173176207986 favors 0.2688951511561976 __DUMMY__ 0.004931672635816288	false	1.0
N508	opposes 1.0		favors 0.5261482179523386 opposes 0.4572818896222049 __DUMMY__ 0.016569892425456676	true	0.5
N501	opposes 1.0		favors 0.49759520713778665 opposes 0.48562360427417395 __DUMMY__ 0.016781188588039477	true	0.5
N985	favors 1.0	favors 1.0	favors 0.7509479122800131 opposes 0.24464768700148826 __DUMMY__ 0.004404400718498694	false	1.0
N1364	favors 1.0		favors 0.5198006384263704 opposes 0.46392850065513447 __DUMMY__ 0.016270860918495323	true	1.0
N2211	favors 1.0	favors 1.0	favors 0.7394045319873817 opposes 0.25633692999502816 __DUMMY__ 0.004258538017590138	false	1.0
N502	opposes 1.0		favors 0.5096155853649861 opposes 0.4746502364933807 __DUMMY__ 0.015734178141633318	true	0.5
N986	opposes 1.0	opposes 1.0	opposes 0.7347729652446419 favors 0.26063436888928165 __DUMMY__ 0.0045926658660765925	false	1.0
N1365	favors 1.0	favors 1.0	favors 0.7595511204004322 opposes 0.23522091289876626 __DUMMY__ 0.005227966700801567	false	1.0
N2212	favors 1.0	favors 1.0	favors 0.7221088722222582 opposes 0.27320887113196823 __DUMMY__ 0.004682256645773677	false	1.0
N503	favors 1.0	favors 1.0	favors 0.7441169412930331 opposes 0.25068365562229533 __DUMMY__ 0.005199403084671594	false	1.0
N987	opposes 1.0	opposes 1.0	opposes 0.7109183902196895 favors 0.28425156533808527 __DUMMY__ 0.004830044442225209	false	1.0
N1362	favors 1.0		favors 0.5606174463324487 opposes 0.4228991274285972 __DUMMY__ 0.01648342623895415	true	1.0
N504	favors 1.0		favors 0.5422744393530191 opposes 0.4413806320779517 __DUMMY__ 0.016344928569029124	true	1.0
N988	opposes 1.0	opposes 1.0	opposes 0.7240638837036255 favors 0.27109267831093686 __DUMMY__ 0.004843437985437635	false	1.0
N1363	opposes 1.0		favors 0.5008988849996697 opposes 0.48283054944784765 __DUMMY__ 0.016270565552482685	true	0.5
N2210	favors 1.0		opposes 0.49235746782689127 favors 0.4921454500492927 __DUMMY__ 0.01549708212381606	true	0.5
N1368	favors 1.0	favors 1.0	favors 0.7679887871905995 opposes 0.22695628476720087 __DUMMY__ 0.005054928042199708	false	1.0
N2215	opposes 1.0	opposes 1.0	opposes 0.7358642740681072 favors 0.25929916702971983 __DUMMY__ 0.004836558902173032	false	1.0
N1369	favors 1.0	favors 1.0	favors 0.7559441882990018 opposes 0.2389942573295827 __DUMMY__ 0.005061554371415584	false	1.0
N2216	opposes 1.0	opposes 1.0	opposes 0.7300529799426189 favors 0.2656598674457193 __DUMMY__ 0.004287152611661803	false	1.0
N1366	favors 1.0		favors 0.5253508053560816 opposes 0.4584526418712763 __DUMMY__ 0.016196552772642057	true	1.0
N2213	opposes 1.0	opposes 1.0	opposes 0.7134442257996931 favors 0.2818810521772746 __DUMMY__ 0.0046747220230324155	false	1.0
N1367	opposes 1.0		favors 0.5205083714483023 opposes 0.46344709388350525 __DUMMY__ 0.01604453466819245	true	0.5
N2214	favors 1.0	favors 1.0	favors 0.7404762172976685 opposes 0.2548767633004341 __DUMMY__ 0.00464701940189734	false	1.0
N509	opposes 1.0	opposes 1.0	opposes 0.7231244607924134 favors 0.2719848821221568 __DUMMY__ 0.004890657085429743	false	1.0
N2219	opposes 1.0	opposes 1.0	opposes 0.7458542778997693 favors 0.24965386866258504 __DUMMY__ 0.004491853437645623	false	1.0
N2217	favors 1.0		favors 0.5011960636454549 opposes 0.483010958835827 __DUMMY__ 0.015792977518718002	true	1.0
N2218	favors 1.0		favors 0.5380242959999975 opposes 0.44674322090631235 __DUMMY__ 0.015232483093690205	true	1.0
N970	favors 1.0	favors 1.0	favors 0.7677991789906375 opposes 0.22753785177126065 __DUMMY__ 0.004662969238101893	false	1.0
N971	favors 1.0	favors 1.0	favors 0.7540780744334945 opposes 0.24124046054241513 __DUMMY__ 0.0046814650240904745	false	1.0
N972	opposes 1.0	opposes 1.0	opposes 0.6968747504573022 favors 0.29868851583574224 __DUMMY__ 0.004436733706955582	false	1.0
N973	favors 1.0	favors 1.0	favors 0.7553475559114661 opposes 0.23990064154017798 __DUMMY__ 0.004751802548355919	false	1.0
N978	favors 1.0	favors 1.0	favors 0.7533086609080073 opposes 0.2424394123863285 __DUMMY__ 0.00425192670566423	false	1.0
N979	favors 1.0	favors 1.0	favors 0.7635890258812664 opposes 0.23177076842858377 __DUMMY__ 0.004640205690149919	false	1.0
N1350	favors 1.0	favors 1.0	favors 0.7408865110127932 opposes 0.25416121935379044 __DUMMY__ 0.004952269633416463	false	1.0
N974	opposes 1.0	opposes 1.0	opposes 0.7072928862961203 favors 0.2881547516044304 __DUMMY__ 0.004552362099449237	false	1.0
N1353	favors 1.0		favors 0.5333624295635573 opposes 0.4498115163923751 __DUMMY__ 0.016826054044067562	true	1.0
N2200	favors 1.0	favors 1.0	favors 0.7636124559590869 opposes 0.2311933779909953 __DUMMY__ 0.005194166049917878	false	1.0
N975	opposes 1.0	opposes 1.0	opposes 0.6987283220194924 favors 0.2970496898090449 __DUMMY__ 0.004221988171462812	false	1.0
N1354	opposes 1.0	opposes 1.0	opposes 0.7094943417170431 favors 0.2853939895054047 __DUMMY__ 0.005111668777552244	false	1.0
N2201	opposes 1.0		favors 0.49620903241982717 opposes 0.48729649408167386 __DUMMY__ 0.01649447349849887	true	0.5
N976	favors 1.0		favors 0.5674102513759217 opposes 0.4170538298526219 __DUMMY__ 0.015535918771456268	true	1.0
N1351	favors 1.0		favors 0.5562084442293819 opposes 0.42711534365593 __DUMMY__ 0.016676212114688206	true	1.0
N977	favors 1.0	favors 1.0	favors 0.747665784741723 opposes 0.24755199374947537 __DUMMY__ 0.004782221508801609	false	1.0
N1352	opposes 1.0		favors 0.5509710632149825 opposes 0.43279129257982324 __DUMMY__ 0.016237644205194402	true	0.5
N1357	favors 1.0	favors 1.0	favors 0.7674090677561564 opposes 0.22736994634946617 __DUMMY__ 0.005220985894377456	false	1.0
N2204	opposes 1.0		favors 0.5193101871696058 opposes 0.4642597957068373 __DUMMY__ 0.01643001712355687	true	0.5
N1358	favors 1.0	favors 1.0	favors 0.7450033900743709 opposes 0.24964695068358775 __DUMMY__ 0.0053496592420414135	false	1.0
N2205	opposes 1.0	opposes 1.0	opposes 0.740078774693975 favors 0.25545563744367494 __DUMMY__ 0.004465587862350039	false	1.0
N1355	opposes 1.0	opposes 1.0	opposes 0.701028919589345 favors 0.29418823599763766 __DUMMY__ 0.004782844413017323	false	1.0
N2202	opposes 1.0		favors 0.514112708985027 opposes 0.46938970451059053 __DUMMY__ 0.016497586504382558	true	0.5
N1356	opposes 1.0		favors 0.5175350414248788 opposes 0.4658194358164727 __DUMMY__ 0.016645522758648452	true	0.5
N2203	favors 1.0		favors 0.5389590249979173 opposes 0.4441247460383181 __DUMMY__ 0.016916228963764646	true	1.0
N2208	favors 1.0	favors 1.0	favors 0.74399912905566 opposes 0.2515251026750888 __DUMMY__ 0.004475768269251271	false	1.0
