N1742	opposes 1.0	opposes 1.0	opposes 0.7295114883087324 favors 0.26574534952097856 __DUMMY__ 0.004743162170289052	false	1.0
N1743	favors 1.0		favors 0.5456520954998669 opposes 0.4378023014222895 __DUMMY__ 0.016545603077843703	true	1.0
N1740	opposes 1.0		favors 0.6103021191902224 opposes 0.3741315456399098 __DUMMY__ 0.015566335169867844	true	0.5
N1741	opposes 1.0	opposes 1.0	opposes 0.7495075476398493 favors 0.24575074212839254 __DUMMY__ 0.004741710231758193	false	1.0
N1746	opposes 1.0	opposes 1.0	opposes 0.6997623683742841 favors 0.29517549501544016 __DUMMY__ 0.005062136610275745	false	1.0
N1747	opposes 1.0	opposes 1.0	opposes 0.7220037969500965 favors 0.2729210978459746 __DUMMY__ 0.005075105203928847	false	1.0
N1744	opposes 1.0		favors 0.5028580137044804 opposes 0.4816122979479242 __DUMMY__ 0.015529688347595376	true	0.5
N1745	opposes 1.0	opposes 1.0	opposes 0.7392178253256871 favors 0.2561136739836071 __DUMMY__ 0.004668500690705724	false	1.0
N1748	favors 1.0	favors 1.0	favors 0.7577015336946094 opposes 0.23762481174152691 __DUMMY__ 0.004673654563863728	false	1.0
N1749	opposes 1.0		favors 0.5121483787930781 opposes 0.47115229412317683 __DUMMY__ 0.016699327083745174	true	0.5
N1731	favors 1.0	favors 1.0	favors 0.7390949930476242 opposes 0.2559117399517512 __DUMMY__ 0.004993267000624649	false	1.0
N1732	favors 1.0	favors 1.0	favors 0.7582008894216999 opposes 0.23750024052963348 __DUMMY__ 0.004298870048666551	false	1.0
N1730	opposes 1.0		favors 0.5195026849022272 opposes 0.46367203232089943 __DUMMY__ 0.01682528277687331	true	0.5
N1735	opposes 1.0	opposes 1.0	opposes 0.7302561476472635 favors 0.2642217362764206 __DUMMY__ 0.005522116076315909	false	1.0
N1736	opposes 1.0		favors 0.5127163206889386 opposes 0.47226448206037913 __DUMMY__ 0.015019197250682343	true	0.5
N1733	favors 1.0	favors 1.0	favors 0.7759774041080503 opposes 0.21880327237834857 __DUMMY__ 0.005219323513601166	false	1.0
N1734	favors 1.0	favors 1.0	favors 0.7599865327215627 opposes 0.23494116867860448 __DUMMY__ 0.005072298599832814	false	1.0
N1739	favors 1.0	favors 1.0	favors 0.7737688129990934 opposes 0.22127628690613838 __DUMMY__ 0.004954900094768128	false	1.0
N1737	favors 1.0		favors 0.5509400323310238 opposes 0.4325846519676375 __DUMMY__ 0.016475315701338675	true	1.0
N1738	favors 1.0		favors 0.5290458711440806 opposes 0.45429866410256153 __DUMMY__ 0.016655464753357833	true	1.0
N1720	favors 1.0		favors 0.5720617506523122 opposes 0.4122333320146928 __DUMMY__ 0.015704917332995054	true	1.0
N1721	favors 1.0	favors 1.0	favors 0.7898087440281629 opposes 0.2057357803048382 __DUMMY__ 0.004455475666998898	false	1.0
N1724	favors 1.0	favors 1.0	favors 0.7599315662743722 opposes 0.23517398510624402 __DUMMY__ 0.004894448619383725	false	1.0
N1725	favors 1.0	favors 1.0	favors 0.7397815230573557 opposes 0.25579727165175414 __DUMMY__ 0.004421205290890225	false	1.0
N1722	opposes 1.0	opposes 1.0	opposes 0.7443074500987955 favors 0.2511936127236474 __DUMMY__ 0.004498937177557053	false	1.0
N1723	favors 1.0	favors 1.0	favors 0.7344503360386171 opposes 0.26105462557794545 __DUMMY__ 0.004495038383437375	false	1.0
N1728	opposes 1.0		favors 0.5148694960859455 opposes 0.46856382511709593 __DUMMY__ 0.016566678796958598	true	0.5
N1729	favors 1.0	favors 1.0	favors 0.763682750663048 opposes 0.23161948835652357 __DUMMY__ 0.004697760980428352	false	1.0
N1726	opposes 1.0	opposes 1.0	opposes 0.7383196797631001 favors 0.2569864267537298 __DUMMY__ 0.0046938934831700346	false	1.0
N1727	favors 1.0		favors 0.5664969468640078 opposes 0.4169877232846618 __DUMMY__ 0.01651532985133043	true	1.0
N1710	favors 1.0	favors 1.0	favors 0.7456374337743455 opposes 0.24945914316566148 __DUMMY__ 0.004903423059993028	false	1.0
N1713	opposes 1.0	opposes 1.0	opposes 0.7166018815103877 favors 0.2787023824039138 __DUMMY__ 0.0046957360856984785	false	1.0
N1714	opposes 1.0	opposes 1.0	opposes 0.7008421220114053 favors 0.295063594834709 __DUMMY__ 0.004094283153885634	false	1.0
N1711	opposes 1.0	opposes 1.0	opposes 0.6976486421771884 favors 0.29787805751440855 __DUMMY__ 0.004473300308403096	false	1.0
N1712	favors 1.0	favors 1.0	favors 0.7477174820026915 opposes 0.24725022302360206 __DUMMY__ 0.00503229497370648	false	1.0
N1717	favors 1.0	favors 1.0	favors 0.7316641366676291 opposes 0.2631952623836836 __DUMMY__ 0.005140600948687299	false	1.0
N1718	favors 1.0		favors 0.5179585292839114 opposes 0.4672846236436866 __DUMMY__ 0.01475684707240201	true	1.0
N1715	opposes 1.0		favors 0.4921113171205037 opposes 0.49194278176178835 __DUMMY__ 0.01594590111770796	true	0.5
N1716	opposes 1.0	opposes 1.0	opposes 0.6988170543973788 favors 0.2964086852547424 __DUMMY__ 0.004774260347878711	false	1.0
N1719	favors 1.0	favors 1.0	favors 0.7621240309431117 opposes 0.2330064837749466 __DUMMY__ 0.004869485281941688	false	1.0
N1782	favors 1.0	favors 1.0	favors 0.7396827270827318 opposes 0.25569726053987185 __DUMMY__ 0.004620012377396331	false	1.0
N1783	opposes 1.0		opposes 0.506738656316459 favors 0.4773761530579887 __DUMMY__ 0.01588519062555225	true	1.0
N1780	favors 1.0		favors 0.499210315963312 opposes 0.4850590793548806 __DUMMY__ 0.01573060468180739	true	1.0
N1781	favors 1.0	favors 1.0	favors 0.7586614711124743 opposes 0.23626083900057113 __DUMMY__ 0.005077689886954629	false	1.0
N1302	opposes 1.0	opposes 1.0	opposes 0.6930231434741951 favors 0.30205988038889686 __DUMMY__ 0.004916976136908008	false	1.0
N1786	favors 1.0	favors 1.0	favors 0.7595225712180751 opposes 0.2357088271990684 __DUMMY__ 0.004768601582856402	false	1.0
N1303	favors 1.0	favors 1.0	favors 0.7514920989380687 opposes 0.2436820915992072 __DUMMY__ 0.004825809462724137	false	1.0
N1787	opposes 1.0	opposes 1.0	opposes 0.7180011690012835 favors 0.27666787755855127 __DUMMY__ 0.005330953440165135	false	1.0
N1300	favors 1.0		favors 0.49671796165044374 opposes 0.4875489917146631 __DUMMY__ 0.015733046634893076	true	1.0
N1784	opposes 1.0	opposes 1.0	opposes 0.6965600236492514 favors 0.29824731711737335 __DUMMY__ 0.0051926592333751565	false	1.0
N1301	favors 1.0	favors 1.0	favors 0.7496662590436696 opposes 0.2462211813873861 __DUMMY__ 0.004112559568944269	false	1.0
N1785	opposes 1.0	opposes 1.0	opposes 0.7203895804901462 favors 0.2744092721689116 __DUMMY__ 0.005201147340942172	false	1.0
N1306	opposes 1.0	opposes 1.0	opposes 0.7079566266452447 favors 0.2871108208573789 __DUMMY__ 0.0049325524973764245	false	1.0
N1307	favors 1.0	favors 1.0	favors 0.7417013110015528 opposes 0.2533062392974731 __DUMMY__ 0.004992449700974181	false	1.0
N1304	opposes 1.0		opposes 0.5100054473433749 favors 0.4734379438953731 __DUMMY__ 0.016556608761251968	true	1.0
N1788	opposes 1.0		favors 0.5073197579417794 opposes 0.47637772345205076 __DUMMY__ 0.01630251860616968	true	0.5
N1305	opposes 1.0	opposes 1.0	opposes 0.7272144520950728 favors 0.26860118561581936 __DUMMY__ 0.00418436228910775	false	1.0
N1789	favors 1.0		favors 0.5370956761090967 opposes 0.4476822945341952 __DUMMY__ 0.015222029356708156	true	1.0
N1308	favors 1.0		favors 0.5549278682317066 opposes 0.4293154738902947 __DUMMY__ 0.01575665787799866	true	1.0
N1309	opposes 1.0	opposes 1.0	opposes 0.6788191232266018 favors 0.31668583643586373 __DUMMY__ 0.004495040337534434	false	1.0
N1771	favors 1.0		favors 0.5448962838479595 opposes 0.4400772516163489 __DUMMY__ 0.015026464535691604	true	1.0
N1772	opposes 1.0	opposes 1.0	opposes 0.7300072740175532 favors 0.26495395931804616 __DUMMY__ 0.00503876666440069	false	1.0
N1770	favors 1.0	favors 1.0	favors 0.7433904508423033 opposes 0.2517232845210201 __DUMMY__ 0.0048862646366766745	false	1.0
N1775	favors 1.0		favors 0.49562924033737055 opposes 0.4875422944078831 __DUMMY__ 0.016828465254746395	true	1.0
N1776	favors 1.0	favors 1.0	favors 0.7443092618003107 opposes 0.2513222032625966 __DUMMY__ 0.004368534937092749	false	1.0
N1773	opposes 1.0		favors 0.5728154528531724 opposes 0.4108453980851272 __DUMMY__ 0.016339149061700448	true	0.5
N2620	favors 1.0	favors 1.0	favors 0.7358572656132937 opposes 0.2597052867375502 __DUMMY__ 0.00443744764915618	false	1.0
N1774	opposes 1.0	opposes 1.0	opposes 0.7006917044304068 favors 0.29435294034652393 __DUMMY__ 0.004955355223069275	false	1.0
N1779	opposes 1.0	opposes 1.0	opposes 0.7436917695316149 favors 0.2516214782243217 __DUMMY__ 0.004686752244063463	false	1.0
N1777	favors 1.0	favors 1.0	favors 0.7606735929459745 opposes 0.23426334593473783 __DUMMY__ 0.005063061119287684	false	1.0
N1778	favors 1.0		favors 0.5969701228436933 opposes 0.3873796665920571 __DUMMY__ 0.015650210564249683	true	1.0
N901	favors 1.0	favors 1.0	favors 0.7419732910169723 opposes 0.2528187974836501 __DUMMY__ 0.0052079114993775774	false	1.0
N902	opposes 1.0		favors 0.508799890372002 opposes 0.47511967559409735 __DUMMY__ 0.016080434033900554	true	0.5
N903	opposes 1.0	opposes 1.0	opposes 0.7076206070122407 favors 0.2879087441316556 __DUMMY__ 0.004470648856103674	false	1.0
N904	opposes 1.0	opposes 1.0	opposes 0.730635381629931 favors 0.26428126726481554 __DUMMY__ 0.0050833511052534456	false	1.0
N1760	opposes 1.0	opposes 1.0	opposes 0.6818731097724432 favors 0.3134352788396104 __DUMMY__ 0.00469161138794648	false	1.0
N1761	opposes 1.0	opposes 1.0	opposes 0.748270487054373 favors 0.2470238892969017 __DUMMY__ 0.004705623648725229	false	1.0
N900	opposes 1.0	opposes 1.0	opposes 0.7046332340206737 favors 0.2906251677706403 __DUMMY__ 0.0047415982086859996	false	1.0
N909	opposes 1.0		favors 0.5353096675519629 opposes 0.44835396765874497 __DUMMY__ 0.016336364789292145	true	0.5
N1764	opposes 1.0		favors 0.49864764618791535 opposes 0.48569223838551284 __DUMMY__ 0.015660115426571763	true	0.5
N2611	favors 1.0		opposes 0.4953789414540751 favors 0.48815525565707535 __DUMMY__ 0.016465802888849655	true	0.5
N1765	favors 1.0	favors 1.0	favors 0.727870744368338 opposes 0.26748076233968004 __DUMMY__ 0.004648493291981911	false	1.0
N2612	favors 1.0		favors 0.5102165509927248 opposes 0.47495910519490525 __DUMMY__ 0.01482434381236998	true	1.0
N1762	opposes 1.0		opposes 0.49453371973899485 favors 0.4896837777121223 __DUMMY__ 0.015782502548882846	true	1.0
N1763	opposes 1.0	opposes 1.0	opposes 0.7089039853822134 favors 0.2860130609915487 __DUMMY__ 0.005082953626237784	false	1.0
N2610	opposes 1.0	opposes 1.0	opposes 0.7042409031228034 favors 0.29098428661359815 __DUMMY__ 0.0047748102635983905	false	1.0
N905	opposes 1.0		favors 0.5551170149607845 opposes 0.4285954225166084 __DUMMY__ 0.01628756252260697	true	0.5
N1768	opposes 1.0	opposes 1.0	opposes 0.6993809738504216 favors 0.2959646970436375 __DUMMY__ 0.004654329105940786	false	1.0
N2615	opposes 1.0	opposes 1.0	opposes 0.6935923630618137 favors 0.3017248363259167 __DUMMY__ 0.0046828006122696325	false	1.0
N906	opposes 1.0		favors 0.5355027120961645 opposes 0.44829286116288475 __DUMMY__ 0.01620442674095064	true	0.5
N1769	favors 1.0	favors 1.0	favors 0.7471935098794628 opposes 0.24761228253394915 __DUMMY__ 0.005194207586588117	false	1.0
N2616	favors 1.0	favors 1.0	favors 0.7831131879463623 opposes 0.21241551351937124 __DUMMY__ 0.004471298534266419	false	1.0
N907	favors 1.0	favors 1.0	favors 0.7285812942598439 opposes 0.2661064731649858 __DUMMY__ 0.005312232575170298	false	1.0
N1766	favors 1.0		favors 0.5616182782445962 opposes 0.4219612893622337 __DUMMY__ 0.01642043239317012	true	1.0
N2613	opposes 1.0	opposes 1.0	opposes 0.703602559350412 favors 0.29153214658178056 __DUMMY__ 0.0048652940678073735	false	1.0
N908	favors 1.0		favors 0.5098761704362395 opposes 0.4748059895440454 __DUMMY__ 0.015317840019715102	true	1.0
N1767	favors 1.0		favors 0.5185510648898156 opposes 0.4649846520389161 __DUMMY__ 0.01646428307126831	true	1.0
N2614	opposes 1.0	opposes 1.0	opposes 0.7136532809505829 favors 0.28141951568287954 __DUMMY__ 0.004927203366537561	false	1.0
N2619	opposes 1.0		favors 0.5373169399095346 opposes 0.44660403262609927 __DUMMY__ 0.01607902746436638	true	0.5
N2617	favors 1.0	favors 1.0	favors 0.7143720010338354 opposes 0.2811166395054688 __DUMMY__ 0.004511359460695944	false	1.0
N2618	favors 1.0	favors 1.0	favors 0.7308319305098814 opposes 0.2646603113287794 __DUMMY__ 0.004507758161339301	false	1.0
N1750	favors 1.0	favors 1.0	favors 0.7378406543544708 opposes 0.2572606474152727 __DUMMY__ 0.004898698230256497	false	1.0
N1753	favors 1.0		favors 0.5587305504382521 opposes 0.4248943275171244 __DUMMY__ 0.016375122044623294	true	1.0
N2600	opposes 1.0	opposes 1.0	opposes 0.7271895510175487 favors 0.2682434554679326 __DUMMY__ 0.004566993514518769	false	1.0
N1754	favors 1.0		favors 0.5359198846944606 opposes 0.44782542087376737 __DUMMY__ 0.016254694431772035	true	1.0
N2601	favors 1.0	favors 1.0	favors 0.7241235921524762 opposes 0.2714009078560958 __DUMMY__ 0.004475499991427995	false	1.0
N1751	favors 1.0		favors 0.5332069309905322 opposes 0.4516856799034194 __DUMMY__ 0.015107389106048348	true	1.0
N1752	favors 1.0		opposes 0.5016415140706032 favors 0.4819828158922095 __DUMMY__ 0.01637567003718724	true	0.5
N1757	favors 1.0	favors 1.0	favors 0.7540388703950913 opposes 0.2408920859722388 __DUMMY__ 0.005069043632669971	false	1.0
N2604	opposes 1.0	opposes 1.0	opposes 0.7026199920187203 favors 0.29289358350913297 __DUMMY__ 0.004486424472146747	false	1.0
N1758	favors 1.0		favors 0.5195261490714022 opposes 0.46391906148686535 __DUMMY__ 0.01655478944173237	true	1.0
N2605	favors 1.0	favors 1.0	favors 0.7435350156268188 opposes 0.251443232469403 __DUMMY__ 0.005021751903778246	false	1.0
N1755	opposes 1.0	opposes 1.0	opposes 0.7334200813212012 favors 0.26127400739088263 __DUMMY__ 0.005305911287916087	false	1.0
N2602	favors 1.0	favors 1.0	favors 0.7646589938867264 opposes 0.23046301866247795 __DUMMY__ 0.004877987450795588	false	1.0
N1756	opposes 1.0		favors 0.5068075229772365 opposes 0.47795741433459055 __DUMMY__ 0.015235062688173115	true	0.5
N2603	favors 1.0	favors 1.0	favors 0.7415991069177159 opposes 0.2535022594224789 __DUMMY__ 0.0048986336598051735	false	1.0
N2608	opposes 1.0	opposes 1.0	opposes 0.7341693782017131 favors 0.26098526146904977 __DUMMY__ 0.004845360329237105	false	1.0
N2609	opposes 1.0		favors 0.5656982069244471 opposes 0.4183579356649483 __DUMMY__ 0.01594385741060469	true	0.5
N1759	favors 1.0	favors 1.0	favors 0.7653367970328926 opposes 0.229787763869011 __DUMMY__ 0.0048754390980963735	false	1.0
N2606	opposes 1.0	opposes 1.0	opposes 0.7213675673113832 favors 0.27393259404786346 __DUMMY__ 0.004699838640753256	false	1.0
N2607	opposes 1.0	opposes 1.0	opposes 0.7062898505782802 favors 0.28958425396775733 __DUMMY__ 0.004125895453962532	false	1.0
N923	favors 1.0		opposes 0.5017040107456918 favors 0.4819892221974826 __DUMMY__ 0.016306767056825586	true	0.5
N924	favors 1.0	favors 1.0	favors 0.7677094633062826 opposes 0.22725462380113398 __DUMMY__ 0.005035912892583342	false	1.0
N925	favors 1.0	favors 1.0	favors 0.755316857265852 opposes 0.2397423664910867 __DUMMY__ 0.0049407762430613185	false	1.0
N926	opposes 1.0	opposes 1.0	opposes 0.7330708089528067 favors 0.2616341723079396 __DUMMY__ 0.005295018739253677	false	1.0
N1342	opposes 1.0	opposes 1.0	opposes 0.7198558868016468 favors 0.27591624084130406 __DUMMY__ 0.0042278723570491105	false	1.0
N920	opposes 1.0	opposes 1.0	opposes 0.7189806046154201 favors 0.2758392134979917 __DUMMY__ 0.005180181886588231	false	1.0
N1343	favors 1.0	favors 1.0	favors 0.7590481102230875 opposes 0.2360433481571819 __DUMMY__ 0.004908541619730729	false	1.0
N921	favors 1.0		favors 0.5062502696847704 opposes 0.47770755282700295 __DUMMY__ 0.016042177488226717	true	1.0
N1340	favors 1.0	favors 1.0	favors 0.7589828625303665 opposes 0.23620314742159007 __DUMMY__ 0.00481399004804339	false	1.0
N922	favors 1.0		favors 0.5352282645435169 opposes 0.4497792973910074 __DUMMY__ 0.014992438065475799	true	1.0
N1341	opposes 1.0		favors 0.49215980407437315 opposes 0.4912872011978366 __DUMMY__ 0.01655299472779024	true	0.5
N1346	opposes 1.0	opposes 1.0	opposes 0.7456412107778275 favors 0.24981022857370366 __DUMMY__ 0.00454856064846887	false	1.0
N1347	opposes 1.0	opposes 1.0	opposes 0.7288202823696399 favors 0.2666341588785736 __DUMMY__ 0.004545558751786489	false	1.0
N1344	favors 1.0		favors 0.5276225392638898 opposes 0.45611110423928547 __DUMMY__ 0.01626635649682465	true	1.0
N1345	favors 1.0	favors 1.0	favors 0.7854944188400743 opposes 0.2099924516742528 __DUMMY__ 0.00451312948567289	false	1.0
N927	opposes 1.0		favors 0.5077203134725466 opposes 0.4771459598547347 __DUMMY__ 0.01513372667271868	true	0.5
N928	favors 1.0		favors 0.5380184913346373 opposes 0.4456302976797786 __DUMMY__ 0.0163512109855841	true	1.0
N929	favors 1.0		favors 0.5209840288147193 opposes 0.46251715080139827 __DUMMY__ 0.016498820383882475	true	1.0
N1348	favors 1.0	favors 1.0	favors 0.7570883068578436 opposes 0.23798089070513706 __DUMMY__ 0.00493080243701945	false	1.0
N1349	opposes 1.0	opposes 1.0	opposes 0.7237116848330892 favors 0.27181243168384195 __DUMMY__ 0.004475883483068772	false	1.0
N912	favors 1.0		favors 0.5759315704024415 opposes 0.40834780789841124 __DUMMY__ 0.01572062169914725	true	1.0
N913	favors 1.0		favors 0.4949081105150313 opposes 0.4892977010433825 __DUMMY__ 0.0157941884415861	true	1.0
N914	opposes 1.0		favors 0.5322809651476464 opposes 0.45132831013824665 __DUMMY__ 0.01639072471410702	true	0.5
N915	favors 1.0	favors 1.0	favors 0.7354661101831305 opposes 0.2598116138739661 __DUMMY__ 0.004722275942903424	false	1.0
N1331	favors 1.0		favors 0.504195570502116 opposes 0.48034654153507766 __DUMMY__ 0.015457887962806512	true	1.0
N1332	opposes 1.0	opposes 1.0	opposes 0.7361963284645017 favors 0.25929157142909137 __DUMMY__ 0.004512100106406949	false	1.0
N910	opposes 1.0	opposes 1.0	opposes 0.7138936877718227 favors 0.2809724359800047 __DUMMY__ 0.005133876248172658	false	1.0
N911	favors 1.0		favors 0.552852890473242 opposes 0.43105321740717845 __DUMMY__ 0.01609389211957956	true	1.0
N1330	favors 1.0	favors 1.0	favors 0.7571348816528788 opposes 0.23779618078901446 __DUMMY__ 0.005068937558106815	false	1.0
N1335	favors 1.0	favors 1.0	favors 0.7620329392201757 opposes 0.23344503483060172 __DUMMY__ 0.004522025949222647	false	1.0
N1336	opposes 1.0	opposes 1.0	opposes 0.7157078002261095 favors 0.27923209711439256 __DUMMY__ 0.0050601026594980355	false	1.0
N1333	favors 1.0	favors 1.0	favors 0.7668106379125601 opposes 0.2282722659844732 __DUMMY__ 0.004917096102966637	false	1.0
N1334	favors 1.0	favors 1.0	favors 0.743634479435588 opposes 0.2514292063778368 __DUMMY__ 0.0049363141865752524	false	1.0
N916	opposes 1.0	opposes 1.0	opposes 0.7391532608857169 favors 0.25621216819022213 __DUMMY__ 0.004634570924061077	false	1.0
N1339	favors 1.0		favors 0.5701418736305399 opposes 0.4138215467745589 __DUMMY__ 0.016036579594901113	true	1.0
N917	opposes 1.0	opposes 1.0	opposes 0.6981417127130845 favors 0.2968164349725321 __DUMMY__ 0.005041852314383422	false	1.0
N918	opposes 1.0	opposes 1.0	opposes 0.7212876054267375 favors 0.2736563842664065 __DUMMY__ 0.00505601030685591	false	1.0
N1337	favors 1.0	favors 1.0	favors 0.7416529440994227 opposes 0.25360705940074313 __DUMMY__ 0.004739996499834207	false	1.0
N919	favors 1.0	favors 1.0	favors 0.7586572872437876 opposes 0.23670194327788208 __DUMMY__ 0.00464076947833042	false	1.0
N1338	favors 1.0		favors 0.5421490161096721 opposes 0.443112854814256 __DUMMY__ 0.014738129076071851	true	1.0
N940	opposes 1.0		favors 0.514627506211731 opposes 0.46877131101920394 __DUMMY__ 0.016601182769065033	true	0.5
N945	favors 1.0	favors 1.0	favors 0.7529859547116586 opposes 0.2420063892693258 __DUMMY__ 0.005007656019015569	false	1.0
N946	opposes 1.0		opposes 0.4916836899057619 favors 0.4916161262339123 __DUMMY__ 0.0167001838603257	true	1.0
N947	opposes 1.0	opposes 1.0	opposes 0.7207835627929864 favors 0.2747144355890834 __DUMMY__ 0.004502001617930158	false	1.0
N948	favors 1.0	favors 1.0	favors 0.7455861366483802 opposes 0.2492799871034471 __DUMMY__ 0.0051338762481726525	false	1.0
N941	favors 1.0	favors 1.0	favors 0.7383597244930392 opposes 0.256688511942474 __DUMMY__ 0.004951763564486761	false	1.0
N1320	favors 1.0		opposes 0.4979331107619677 favors 0.4858196961632746 __DUMMY__ 0.01624719307475771	true	0.5
N942	favors 1.0	favors 1.0	favors 0.7516095678749936 opposes 0.24391978326890268 __DUMMY__ 0.004470648856103671	false	1.0
N1321	favors 1.0	favors 1.0	favors 0.773259582254677 opposes 0.2216984528171773 __DUMMY__ 0.005041964928145823	false	1.0
N943	favors 1.0	favors 1.0	favors 0.7272182584789445 opposes 0.2676983904158021 __DUMMY__ 0.005083351105253445	false	1.0
N944	opposes 1.0	opposes 1.0	opposes 0.6942527982213305 favors 0.3006485257592864 __DUMMY__ 0.005098676019383034	false	1.0
N1324	opposes 1.0	opposes 1.0	opposes 0.7197281114578556 favors 0.27596844645864826 __DUMMY__ 0.0043034420834960315	false	1.0
N1325	favors 1.0	favors 1.0	favors 0.7592245677556231 opposes 0.23572238236257823 __DUMMY__ 0.005053049881798772	false	1.0
N1322	favors 1.0	favors 1.0	favors 0.7591533963456673 opposes 0.23590967239357918 __DUMMY__ 0.004936931260753487	false	1.0
N1323	opposes 1.0	opposes 1.0	opposes 0.7301410624258822 favors 0.2645349267017351 __DUMMY__ 0.005324010872382798	false	1.0
N949	favors 1.0		favors 0.5528528904732422 opposes 0.4310532174071784 __DUMMY__ 0.01609389211957956	true	1.0
N1328	opposes 1.0	opposes 1.0	opposes 0.7472481749529913 favors 0.24810484078262135 __DUMMY__ 0.004646984264387299	false	1.0
N1329	opposes 1.0		favors 0.49404753128952283 opposes 0.4903534977852916 __DUMMY__ 0.015598970925185484	true	0.5
N1326	favors 1.0	favors 1.0	favors 0.7496058792617074 opposes 0.24529399353773387 __DUMMY__ 0.0051001272005586525	false	1.0
N1327	favors 1.0		favors 0.5999258028754298 opposes 0.3845820801162298 __DUMMY__ 0.015492117008340215	true	1.0
N934	favors 1.0	favors 1.0	favors 0.7532640645725074 opposes 0.24167350011747946 __DUMMY__ 0.005062435310013109	false	1.0
N935	opposes 1.0		favors 0.4992898211848554 opposes 0.4851403303454044 __DUMMY__ 0.015569848469740187	true	0.5
N1790	opposes 1.0		opposes 0.501014682430943 favors 0.4823982589718923 __DUMMY__ 0.01658705859716465	true	1.0
N936	opposes 1.0		opposes 0.5003830462689255 favors 0.4838560355198823 __DUMMY__ 0.015760918211192194	true	1.0
N937	opposes 1.0	opposes 1.0	opposes 0.6995383372965199 favors 0.29536989290557386 __DUMMY__ 0.005091769797906144	false	1.0
N930	favors 1.0	favors 1.0	favors 0.7666628559714742 opposes 0.22848933461312343 __DUMMY__ 0.004847809415402465	false	1.0
N1793	opposes 1.0		opposes 0.49680449532204896 favors 0.4861133987958113 __DUMMY__ 0.017082105882139886	true	1.0
N931	opposes 1.0		favors 0.5867682560630193 opposes 0.3976173914200731 __DUMMY__ 0.01561435251690753	true	0.5
N1310	opposes 1.0	opposes 1.0	opposes 0.7554322155107188 favors 0.2400331600632098 __DUMMY__ 0.004534624426071431	false	1.0
N1794	opposes 1.0		favors 0.5087427040205107 opposes 0.47590604819444426 __DUMMY__ 0.01535124778504499	true	0.5
N932	opposes 1.0	opposes 1.0	opposes 0.7485414121159596 favors 0.24678596171953332 __DUMMY__ 0.004672626164507128	false	1.0
N1791	favors 1.0	favors 1.0	favors 0.7690380804987034 opposes 0.22575234072351574 __DUMMY__ 0.005209578777780916	false	1.0
N933	opposes 1.0	opposes 1.0	opposes 0.7319579756693161 favors 0.2633702023746123 __DUMMY__ 0.0046718219560715896	false	1.0
N1792	favors 1.0	favors 1.0	favors 0.7561515899868 opposes 0.23875843706372105 __DUMMY__ 0.005089972949478977	false	1.0
N1313	opposes 1.0		opposes 0.5043519552794077 favors 0.48008979711188476 __DUMMY__ 0.015558247608707608	true	1.0
N1797	favors 1.0		favors 0.5609671383692073 opposes 0.42273350581029573 __DUMMY__ 0.016299355820497005	true	1.0
N1314	favors 1.0		favors 0.5614307108915034 opposes 0.42222660760567515 __DUMMY__ 0.016342681502821605	true	1.0
N1798	opposes 1.0	opposes 1.0	opposes 0.6770029980190226 favors 0.31818974289115376 __DUMMY__ 0.004807259089823604	false	1.0
N1311	opposes 1.0	opposes 1.0	opposes 0.7371948911801023 favors 0.25827369237990094 __DUMMY__ 0.0045314164399967855	false	1.0
N1795	opposes 1.0		favors 0.5401195037712855 opposes 0.44324081201734533 __DUMMY__ 0.016639684211369216	true	0.5
N1312	opposes 1.0	opposes 1.0	opposes 0.7317687848872491 favors 0.2637764540643872 __DUMMY__ 0.004454761048363666	false	1.0
N1796	favors 1.0	favors 1.0	favors 0.7470613011810943 opposes 0.24769296654259645 __DUMMY__ 0.005245732276309202	false	1.0
N938	opposes 1.0		favors 0.5113890322762508 opposes 0.47219071847960664 __DUMMY__ 0.01642024924414262	true	0.5
N1317	opposes 1.0	opposes 1.0	opposes 0.7152608624645932 favors 0.27954362940016764 __DUMMY__ 0.005195508135239191	false	1.0
N939	favors 1.0	favors 1.0	favors 0.7562197879476424 opposes 0.23903861384367156 __DUMMY__ 0.004741598208685995	false	1.0
N1318	favors 1.0	favors 1.0	favors 0.7405337554424344 opposes 0.25460468847975043 __DUMMY__ 0.004861556077815114	false	1.0
N1315	opposes 1.0		favors 0.5149978152264199 opposes 0.4686081193621599 __DUMMY__ 0.01639406541142017	true	0.5
N1799	opposes 1.0	opposes 1.0	opposes 0.7483668973583553 favors 0.24682539262054634 __DUMMY__ 0.004807710021098372	false	1.0
N1316	favors 1.0	favors 1.0	favors 0.7624472658761418 opposes 0.23293943879107196 __DUMMY__ 0.004613295332786297	false	1.0
N1319	opposes 1.0	opposes 1.0	opposes 0.7028719477509231 favors 0.2928847562973495 __DUMMY__ 0.004243295951727321	false	1.0
N960	favors 1.0		favors 0.5435133560465051 opposes 0.44007008160611977 __DUMMY__ 0.016416562347375326	true	1.0
N961	favors 1.0		opposes 0.4934273075369975 favors 0.4895132462793705 __DUMMY__ 0.017059446183631987	true	0.5
N962	opposes 1.0	opposes 1.0	opposes 0.7205909356928113 favors 0.27495382106611277 __DUMMY__ 0.0044552432410759745	false	1.0
N967	opposes 1.0		favors 0.5399276528652385 opposes 0.4434138797227809 __DUMMY__ 0.01665846741198062	true	0.5
N1382	favors 1.0		favors 0.6000897794821918 opposes 0.3841524891559771 __DUMMY__ 0.015757731361831118	true	1.0
N968	favors 1.0	favors 1.0	favors 0.7367265458564325 opposes 0.2585536947959507 __DUMMY__ 0.004719759347616826	false	1.0
N1383	opposes 1.0		opposes 0.5083822416700803 favors 0.47578025194284995 __DUMMY__ 0.015837506387069808	true	1.0
N2230	opposes 1.0	opposes 1.0	opposes 0.728950822423869 favors 0.2661555139968416 __DUMMY__ 0.004893663579289357	false	1.0
N969	favors 1.0	favors 1.0	favors 0.7289967356359333 opposes 0.2665241771378738 __DUMMY__ 0.004479087226192948	false	1.0
N1380	favors 1.0		favors 0.535862041486923 opposes 0.4475402381961087 __DUMMY__ 0.016597720316968403	true	1.0
N1381	favors 1.0	favors 1.0	favors 0.7739883717074848 opposes 0.2211141404419408 __DUMMY__ 0.004897487850574477	false	1.0
N963	opposes 1.0		favors 0.544101113750404 opposes 0.4392869984660441 __DUMMY__ 0.016611887783551965	true	0.5
N1386	opposes 1.0	opposes 1.0	opposes 0.7188249401457132 favors 0.27651099317677963 __DUMMY__ 0.004664066677507148	false	1.0
N2233	favors 1.0	favors 1.0	favors 0.7331031867859199 opposes 0.2617290285912064 __DUMMY__ 0.00516778462287365	false	1.0
N964	favors 1.0	favors 1.0	favors 0.7853243077377494 opposes 0.20989458499179633 __DUMMY__ 0.004781107270454234	false	1.0
N1387	opposes 1.0	opposes 1.0	opposes 0.7374279899515277 favors 0.25783058048257285 __DUMMY__ 0.004741429565899493	false	1.0
N2234	favors 1.0	favors 1.0	favors 0.745249729064724 opposes 0.25051002923912014 __DUMMY__ 0.004240241696155935	false	1.0
N965	favors 1.0		opposes 0.5220425713833706 favors 0.46203844695323854 __DUMMY__ 0.01591898166339071	true	0.5
N1384	favors 1.0	favors 1.0	favors 0.7382211130051161 opposes 0.25705185598494085 __DUMMY__ 0.004727031009943085	false	1.0
N2231	favors 1.0		favors 0.5750600503521424 opposes 0.40889311256434063 __DUMMY__ 0.016046837083517135	true	1.0
N966	favors 1.0		favors 0.4937135697137466 opposes 0.49038072027883184 __DUMMY__ 0.015905710007421584	true	1.0
N1385	favors 1.0		favors 0.5492777278433503 opposes 0.4342065278408535 __DUMMY__ 0.01651574431579644	true	1.0
N2232	opposes 1.0	opposes 1.0	opposes 0.6996956460105942 favors 0.2954839296140564 __DUMMY__ 0.004820424375349324	false	1.0
N2237	opposes 1.0	opposes 1.0	opposes 0.6892021100503468 favors 0.3060690000542517 __DUMMY__ 0.004728889895401451	false	1.0
N2238	favors 1.0	favors 1.0	favors 0.7878400048122022 opposes 0.20763608762428848 __DUMMY__ 0.004523907563509257	false	1.0
N1388	opposes 1.0		favors 0.5591282226639441 opposes 0.4242638240144242 __DUMMY__ 0.016607953321631622	true	0.5
N2235	favors 1.0	favors 1.0	favors 0.7617703705613148 opposes 0.23331508422163805 __DUMMY__ 0.00491454521704717	false	1.0
N1389	opposes 1.0	opposes 1.0	opposes 0.718524426053173 favors 0.2762871743951817 __DUMMY__ 0.005188399551645316	false	1.0
N2236	opposes 1.0		favors 0.5324667356435807 opposes 0.4512600135040325 __DUMMY__ 0.016273250852386862	true	0.5
N2239	favors 1.0	favors 1.0	favors 0.719210910818931 opposes 0.2762315204144535 __DUMMY__ 0.004557568766615558	false	1.0
N950	opposes 1.0		opposes 0.5153169216813664 favors 0.4688728896947972 __DUMMY__ 0.015810188623836246	true	1.0
N951	opposes 1.0	opposes 1.0	opposes 0.7282344676367627 favors 0.2669888933033962 __DUMMY__ 0.004776639059841092	false	1.0
N956	favors 1.0		favors 0.5177860891769571 opposes 0.4653255318726983 __DUMMY__ 0.016888378950344587	true	1.0
N1371	opposes 1.0		favors 0.527946023041549 opposes 0.45531323685655645 __DUMMY__ 0.016740740101894497	true	0.5
N957	opposes 1.0	opposes 1.0	opposes 0.7200817584831786 favors 0.2749184808019492 __DUMMY__ 0.004999760714872216	false	1.0
N1372	favors 1.0	favors 1.0	favors 0.7468383205594133 opposes 0.24824011107762098 __DUMMY__ 0.004921568362965711	false	1.0
N958	opposes 1.0		favors 0.5407575084801663 opposes 0.44405718844409026 __DUMMY__ 0.015185303075743329	true	0.5
N959	opposes 1.0	opposes 1.0	opposes 0.7331609600777172 favors 0.2616753870542382 __DUMMY__ 0.005163652868044496	false	1.0
N1370	favors 1.0	favors 1.0	favors 0.7657194914618942 opposes 0.22958636812449865 __DUMMY__ 0.004694140413607096	false	1.0
N952	opposes 1.0	opposes 1.0	opposes 0.7239304057832041 favors 0.2713473182738924 __DUMMY__ 0.004722275942903425	false	1.0
N1375	favors 1.0		favors 0.5770871008464623 opposes 0.4064894443513144 __DUMMY__ 0.0164234548022234	true	1.0
N2222	opposes 1.0	opposes 1.0	opposes 0.7313903902097542 favors 0.26414691337333146 __DUMMY__ 0.004462696416914482	false	1.0
N953	favors 1.0		opposes 0.5038064901566097 favors 0.4803385518291147 __DUMMY__ 0.015854958014275614	true	0.5
N1376	favors 1.0	favors 1.0	favors 0.7631765431157037 opposes 0.23183628929209074 __DUMMY__ 0.0049871675922055275	false	1.0
N2223	favors 1.0	favors 1.0	favors 0.7287917539081893 opposes 0.2666869154805603 __DUMMY__ 0.004521330611250275	false	1.0
N954	favors 1.0	favors 1.0	favors 0.7662294569704702 opposes 0.22859885252419546 __DUMMY__ 0.005171690505334406	false	1.0
N1373	favors 1.0		favors 0.5498067499110243 opposes 0.43504205898528553 __DUMMY__ 0.015151191103690275	true	1.0
N2220	opposes 1.0	opposes 1.0	opposes 0.7365540720532254 favors 0.2589105075735958 __DUMMY__ 0.004535420373178773	false	1.0
N955	favors 1.0	favors 1.0	favors 0.7425672548606688 opposes 0.2522515702854938 __DUMMY__ 0.005181174853837386	false	1.0
N1374	opposes 1.0	opposes 1.0	opposes 0.7263035732271776 favors 0.2686269435023832 __DUMMY__ 0.005069483270439074	false	1.0
N2221	favors 1.0		favors 0.5272157224037577 opposes 0.45663894635925223 __DUMMY__ 0.016145331236990083	true	1.0
N1379	favors 1.0	favors 1.0	favors 0.7636465882899287 opposes 0.23125992724698421 __DUMMY__ 0.005093484463087115	false	1.0
N2226	opposes 1.0		favors 0.5535699302335355 opposes 0.4309443461820733 __DUMMY__ 0.015485723584391247	true	0.5
N2227	favors 1.0	favors 1.0	favors 0.7481548014628313 opposes 0.24678163379078685 __DUMMY__ 0.005063564746381873	false	1.0
N1377	opposes 1.0		favors 0.5026109315539741 opposes 0.4805005138337106 __DUMMY__ 0.01688855461231542	true	0.5
N2224	favors 1.0	favors 1.0	favors 0.7691822681510522 opposes 0.22589542736431478 __DUMMY__ 0.004922304484633074	false	1.0
N1378	favors 1.0	favors 1.0	favors 0.74744894075256 opposes 0.24813123729180853 __DUMMY__ 0.0044198219556314455	false	1.0
N2225	favors 1.0	favors 1.0	favors 0.7461705824446921 opposes 0.24888836503680914 __DUMMY__ 0.004941052518498744	false	1.0
N2228	opposes 1.0	opposes 1.0	opposes 0.7165152031434147 favors 0.2787372773705348 __DUMMY__ 0.0047475194860506055	false	1.0
N2229	opposes 1.0		favors 0.5469048949969647 opposes 0.4383321610759068 __DUMMY__ 0.014762943927128562	true	0.5
N981	favors 1.0		favors 0.604242040273005 opposes 0.38049105599405925 __DUMMY__ 0.01526690373293578	true	1.0
N982	opposes 1.0	opposes 1.0	opposes 0.7427348632731118 favors 0.2527492064889874 __DUMMY__ 0.004515930237900697	false	1.0
N983	favors 1.0	favors 1.0	favors 0.7360509940499309 opposes 0.2594366726069551 __DUMMY__ 0.004512333343114144	false	1.0
N500	favors 1.0		favors 0.5399950135754086 opposes 0.44367619584815376 __DUMMY__ 0.016328790576437612	true	1.0
N984	favors 1.0	favors 1.0	favors 0.7611580071223761 opposes 0.23393678300845105 __DUMMY__ 0.004905209869172849	false	1.0
N980	opposes 1.0		favors 0.5347360412901628 opposes 0.4490533881533806 __DUMMY__ 0.016210570556456683	true	0.5
N505	favors 1.0	favors 1.0	favors 0.7838740207022123 opposes 0.21138667714122342 __DUMMY__ 0.004739302156564197	false	1.0
N989	favors 1.0	favors 1.0	favors 0.7572876578100706 opposes 0.23814060904076775 __DUMMY__ 0.00457173314916166	false	1.0
N1360	favors 1.0	favors 1.0	favors 0.761472156471442 opposes 0.2333435987081413 __DUMMY__ 0.005184244820416772	false	1.0
N506	opposes 1.0		opposes 0.5279445348776175 favors 0.45623414066271595 __DUMMY__ 0.01582132445966655	true	1.0
N1361	opposes 1.0		favors 0.5316026945999047 opposes 0.4516732055970589 __DUMMY__ 0.0167240998030364	true	0.5
N507	opposes 1.0	opposes 1.0	opposes 0.732166463284129 favors 0.2630849188665694 __DUMMY__ 0.004748617849301622	false	1.0
N508	opposes 1.0		favors 0.5361055694289365 opposes 0.4473198336539758 __DUMMY__ 0.01657459691708756	true	0.5
N501	opposes 1.0		opposes 0.4990311244242315 favors 0.4839832996689149 __DUMMY__ 0.016985575906853765	true	1.0
N985	favors 1.0	favors 1.0	favors 0.7413137739733212 opposes 0.2542460034891984 __DUMMY__ 0.004440222537480386	false	1.0
N1364	favors 1.0		favors 0.4993580810282621 opposes 0.4847490162123413 __DUMMY__ 0.015892902759396667	true	1.0
N2211	favors 1.0	favors 1.0	favors 0.7498130684560526 opposes 0.24604851897811653 __DUMMY__ 0.004138412565830852	false	1.0
N502	opposes 1.0		favors 0.5076756592959019 opposes 0.47712124865257116 __DUMMY__ 0.015203092051526966	true	0.5
N986	opposes 1.0	opposes 1.0	opposes 0.7411185181963804 favors 0.25431810322999276 __DUMMY__ 0.004563378573626895	false	1.0
N1365	favors 1.0	favors 1.0	favors 0.7593645443818504 opposes 0.23544225376164404 __DUMMY__ 0.005193201856505485	false	1.0
N2212	favors 1.0	favors 1.0	favors 0.7189863431953537 opposes 0.2761217525024018 __DUMMY__ 0.00489190430224456	false	1.0
N503	favors 1.0	favors 1.0	favors 0.7465738701118303 opposes 0.2482260354229744 __DUMMY__ 0.0052000944651954045	false	1.0
N987	opposes 1.0	opposes 1.0	opposes 0.6993142497260275 favors 0.295710132957807 __DUMMY__ 0.004975617316165446	false	1.0
N1362	favors 1.0		favors 0.5701002906562455 opposes 0.41364365949553045 __DUMMY__ 0.016256049848224204	true	1.0
N504	favors 1.0		favors 0.5618636896291285 opposes 0.42195520840715267 __DUMMY__ 0.016181101963719	true	1.0
N988	opposes 1.0	opposes 1.0	opposes 0.7229046321918602 favors 0.2721027386221271 __DUMMY__ 0.004992629186012734	false	1.0
N1363	opposes 1.0		opposes 0.5163666573040732 favors 0.46772701311486314 __DUMMY__ 0.015906329581063562	true	1.0
N2210	favors 1.0		favors 0.49783353874181707 opposes 0.48640217819958015 __DUMMY__ 0.01576428305860281	true	1.0
N1368	favors 1.0	favors 1.0	favors 0.7705878744357715 opposes 0.2243278457196988 __DUMMY__ 0.00508427984452975	false	1.0
N2215	opposes 1.0	opposes 1.0	opposes 0.7381222000507368 favors 0.25669585783814436 __DUMMY__ 0.005181942111118814	false	1.0
N1369	favors 1.0	favors 1.0	favors 0.7483573944261525 opposes 0.2465461752782239 __DUMMY__ 0.005096430295623576	false	1.0
N2216	opposes 1.0	opposes 1.0	opposes 0.7270463816757828 favors 0.2687482525991127 __DUMMY__ 0.004205365725104458	false	1.0
N1366	favors 1.0		favors 0.5091265810902738 opposes 0.4751093355423928 __DUMMY__ 0.015764083367333395	true	1.0
N2213	opposes 1.0	opposes 1.0	opposes 0.6949253515376626 favors 0.300176729237136 __DUMMY__ 0.004897919225201383	false	1.0
N1367	opposes 1.0		favors 0.4926756648981971 opposes 0.49154567022106593 __DUMMY__ 0.015778664880737075	true	0.5
N2214	favors 1.0	favors 1.0	favors 0.7515394541711412 opposes 0.24364579574238984 __DUMMY__ 0.004814750086468898	false	1.0
N509	opposes 1.0	opposes 1.0	opposes 0.7268408947067662 favors 0.26847998214110513 __DUMMY__ 0.0046791231521286876	false	1.0
N2219	opposes 1.0	opposes 1.0	opposes 0.7539059063623637 favors 0.2415555027143964 __DUMMY__ 0.004538590923239944	false	1.0
N2217	favors 1.0		favors 0.5135460323193625 opposes 0.47020054989149973 __DUMMY__ 0.016253417789137737	true	1.0
N2218	favors 1.0		favors 0.58246791372063 opposes 0.40223527511872353 __DUMMY__ 0.01529681116064648	true	1.0
N970	favors 1.0	favors 1.0	favors 0.770903311878477 opposes 0.224204122321189 __DUMMY__ 0.004892565800333929	false	1.0
N971	favors 1.0	favors 1.0	favors 0.7469989527947589 opposes 0.24808786194188182 __DUMMY__ 0.00491318526335927	false	1.0
N972	opposes 1.0	opposes 1.0	opposes 0.6969363506055776 favors 0.29857348668217504 __DUMMY__ 0.004490162712247371	false	1.0
N973	favors 1.0	favors 1.0	favors 0.7490664563303615 opposes 0.2458937910532654 __DUMMY__ 0.00503975261637303	false	1.0
N978	favors 1.0	favors 1.0	favors 0.7460409712306096 opposes 0.2497713311387094 __DUMMY__ 0.004187697630680876	false	1.0
N979	favors 1.0	favors 1.0	favors 0.7633807888197734 opposes 0.2317381349418575 __DUMMY__ 0.00488107623836902	false	1.0
N1350	favors 1.0	favors 1.0	favors 0.7276101540439194 opposes 0.2676506934233622 __DUMMY__ 0.004739152532718414	false	1.0
N974	opposes 1.0	opposes 1.0	opposes 0.7154573343341513 favors 0.2798326442684233 __DUMMY__ 0.004710021397425447	false	1.0
N1353	favors 1.0		favors 0.5233029403456043 opposes 0.4598257248889876 __DUMMY__ 0.016871334765407923	true	1.0
N2200	favors 1.0	favors 1.0	favors 0.7706635632989408 opposes 0.22431964159596693 __DUMMY__ 0.0050167951050923525	false	1.0
N975	opposes 1.0	opposes 1.0	opposes 0.7000075215683809 favors 0.29587232806465935 __DUMMY__ 0.004120150366959795	false	1.0
N1354	opposes 1.0	opposes 1.0	opposes 0.7168789771480965 favors 0.2781275518851728 __DUMMY__ 0.0049934709667307535	false	1.0
N2201	opposes 1.0		opposes 0.5176411436935482 favors 0.46632737760318216 __DUMMY__ 0.01603147870326967	true	1.0
N976	favors 1.0		favors 0.5794343349684224 opposes 0.4046002669365652 __DUMMY__ 0.015965398095012382	true	1.0
N1351	favors 1.0		favors 0.5636496042875759 opposes 0.4197431995055801 __DUMMY__ 0.0166071962068439	true	1.0
N977	favors 1.0	favors 1.0	favors 0.7334929130420378 opposes 0.2613610469600702 __DUMMY__ 0.005146039997892097	false	1.0
N1352	opposes 1.0		favors 0.5533600171017434 opposes 0.4307659147923875 __DUMMY__ 0.015874068105869145	true	0.5
N1357	favors 1.0	favors 1.0	favors 0.7748220384218099 opposes 0.2200006939277732 __DUMMY__ 0.0051772676504168585	false	1.0
N2204	opposes 1.0		favors 0.5065098915227373 opposes 0.4775919542361819 __DUMMY__ 0.015898154241080906	true	0.5
N1358	favors 1.0	favors 1.0	favors 0.7318900560727116 opposes 0.2626752389189554 __DUMMY__ 0.005434705008332969	false	1.0
N2205	opposes 1.0	opposes 1.0	opposes 0.74396335421643 favors 0.25153586176417964 __DUMMY__ 0.004500784019390366	false	1.0
N1355	opposes 1.0	opposes 1.0	opposes 0.7015287206718169 favors 0.2940654926074947 __DUMMY__ 0.004405786720688391	false	1.0
N2202	opposes 1.0		favors 0.4970597921138874 opposes 0.4869193584694229 __DUMMY__ 0.01602084941668974	true	0.5
N1356	opposes 1.0		favors 0.4921314363965572 opposes 0.49132703318727805 __DUMMY__ 0.016541530416164844	true	0.5
N2203	favors 1.0		favors 0.5419396675672704 opposes 0.44130374362380287 __DUMMY__ 0.01675658880892665	true	1.0
N2208	favors 1.0	favors 1.0	favors 0.7554120722667228 opposes 0.24007670427039804 __DUMMY__ 0.004511223462879167	false	1.0
