N1742	opposes 1.0		opposes 0.4880805423711669 favors 0.47199010457657514 __DUMMY__ 0.03992935305225797	true	1.0
N1743	favors 1.0		favors 0.4858063872829333 opposes 0.4738980044761627 __DUMMY__ 0.040295608240903905	true	1.0
N1740	opposes 1.0		favors 0.5085021271537185 opposes 0.4517808518898549 __DUMMY__ 0.03971702095642661	true	0.5
N1741	opposes 1.0		opposes 0.5100300860083226 favors 0.45012763008069184 __DUMMY__ 0.039842283910985536	true	1.0
N1746	opposes 1.0	opposes 1.0	opposes 0.7215666929383886 favors 0.2617979808817628 __DUMMY__ 0.016635326179848534	false	1.0
N1747	opposes 1.0		opposes 0.4809446548730748 favors 0.48004769589779905 __DUMMY__ 0.03900764922912617	true	1.0
N1744	opposes 1.0		opposes 0.4826671779541093 favors 0.47846240448730276 __DUMMY__ 0.03887041755858788	true	1.0
N1745	opposes 1.0		opposes 0.49782131842293953 favors 0.4636476101819361 __DUMMY__ 0.03853107139512431	true	1.0
N1748	favors 1.0	favors 1.0	favors 0.7263360644680373 opposes 0.2569368588230903 __DUMMY__ 0.01672707670887229	false	1.0
N1749	opposes 1.0		opposes 0.4832248270390175 favors 0.47823285744550553 __DUMMY__ 0.03854231551547703	true	1.0
N1731	favors 1.0		opposes 0.4917474859659758 favors 0.4683989862566919 __DUMMY__ 0.039853527777332295	true	0.5
N1732	favors 1.0		favors 0.48622194186344425 opposes 0.47434221335935256 __DUMMY__ 0.03943584477720317	true	1.0
N1730	opposes 1.0		favors 0.48041764312376556 opposes 0.47938803710472105 __DUMMY__ 0.040194319771513366	true	0.5
N1735	opposes 1.0		opposes 0.4937350142410838 favors 0.4655989461664064 __DUMMY__ 0.04066603959250962	true	1.0
N1736	opposes 1.0		opposes 0.4849789435817497 favors 0.47472177585688025 __DUMMY__ 0.04029928056137006	true	1.0
N1733	favors 1.0	favors 1.0	favors 0.7305594037328427 opposes 0.25059463151885414 __DUMMY__ 0.018845964748303187	false	1.0
N1734	favors 1.0		favors 0.483461518477197 opposes 0.4753112141759682 __DUMMY__ 0.04122726734683499	true	1.0
N1739	favors 1.0		favors 0.49542474195830133 opposes 0.46535361792612046 __DUMMY__ 0.039221640115578334	true	1.0
N1737	favors 1.0		favors 0.4883185986322067 opposes 0.4716120421283515 __DUMMY__ 0.0400693592394417	true	1.0
N1738	favors 1.0		favors 0.4892031070909975 opposes 0.47103532063142983 __DUMMY__ 0.03976157227757264	true	1.0
N1720	favors 1.0		favors 0.49471337439224916 opposes 0.4678773969568555 __DUMMY__ 0.03740922865089529	true	1.0
N1721	favors 1.0	favors 1.0	favors 0.7364461331482642 opposes 0.24697898421475128 __DUMMY__ 0.01657488263698452	false	1.0
N1724	favors 1.0		favors 0.4873445204419743 opposes 0.47449916404836756 __DUMMY__ 0.03815631550965816	true	1.0
N1725	favors 1.0		favors 0.48161127970320355 opposes 0.48124606980516765 __DUMMY__ 0.037142650491628786	true	1.0
N1722	opposes 1.0	opposes 1.0	opposes 0.735936727339534 favors 0.24740292973538391 __DUMMY__ 0.016660342925082103	false	1.0
N1723	favors 1.0		opposes 0.4854628106515665 favors 0.47655056332063656 __DUMMY__ 0.037986626027797066	true	0.5
N1728	opposes 1.0		favors 0.48312804912738866 opposes 0.4759914000776634 __DUMMY__ 0.040880550794947866	true	0.5
N1729	favors 1.0		favors 0.4871575437395851 opposes 0.4731786208223492 __DUMMY__ 0.039663835438065655	true	1.0
N1726	opposes 1.0		opposes 0.5014379354898019 favors 0.4584227583223529 __DUMMY__ 0.040139306187845246	true	1.0
N1727	favors 1.0		favors 0.4945884007234974 opposes 0.46598720649634723 __DUMMY__ 0.039424392780155304	true	1.0
N1710	favors 1.0		favors 0.48516169547264554 opposes 0.4760917791721635 __DUMMY__ 0.03874652535519101	true	1.0
N1713	opposes 1.0	opposes 1.0	opposes 0.7278127034909104 favors 0.25553991917299007 __DUMMY__ 0.016647377336099427	false	1.0
N1714	opposes 1.0		favors 0.48763164504824186 opposes 0.4748268704750675 __DUMMY__ 0.03754148447669067	true	0.5
N1711	opposes 1.0		favors 0.48826359399290964 opposes 0.4738826119785088 __DUMMY__ 0.037853794028581626	true	0.5
N1712	favors 1.0		favors 0.4830784546256118 opposes 0.4787264119703678 __DUMMY__ 0.03819513340402052	true	1.0
N1717	favors 1.0		opposes 0.489594337424204 favors 0.4719609918989761 __DUMMY__ 0.03844467067681986	true	0.5
N1718	favors 1.0		opposes 0.4830975934794449 favors 0.47859829434968704 __DUMMY__ 0.03830411217086811	true	0.5
N1715	opposes 1.0		opposes 0.48671153327765304 favors 0.47510149731148704 __DUMMY__ 0.03818696941085997	true	1.0
N1716	opposes 1.0		favors 0.48548374883494466 opposes 0.475566897481364 __DUMMY__ 0.03894935368369129	true	0.5
N1719	favors 1.0	favors 1.0	favors 0.7282304090186222 opposes 0.2550709460760362 __DUMMY__ 0.016698644905341467	false	1.0
N1782	favors 1.0	favors 1.0	favors 0.7231304994652286 opposes 0.26007716608085507 __DUMMY__ 0.016792334453916334	false	1.0
N1783	opposes 1.0		opposes 0.5092745060608846 favors 0.45238933444932655 __DUMMY__ 0.03833615948978882	true	1.0
N1780	favors 1.0		opposes 0.48754773366207244 favors 0.4734441240868373 __DUMMY__ 0.03900814225109033	true	0.5
N1781	favors 1.0		favors 0.48300633268442955 opposes 0.4777802504111955 __DUMMY__ 0.03921341690437485	true	1.0
N1302	opposes 1.0	opposes 1.0	opposes 0.7236231994681144 favors 0.258996193600381 __DUMMY__ 0.017380606931504665	false	1.0
N1786	favors 1.0	favors 1.0	favors 0.7210024461151209 opposes 0.26233724262996044 __DUMMY__ 0.016660311254918566	false	1.0
N1303	favors 1.0	favors 1.0	favors 0.7148546170119487 opposes 0.26768885051782293 __DUMMY__ 0.017456532470228336	false	1.0
N1787	opposes 1.0	opposes 1.0	opposes 0.7309534706571048 favors 0.25217554372372364 __DUMMY__ 0.01687098561917151	false	1.0
N1300	favors 1.0		opposes 0.5096623828545843 favors 0.452285361384425 __DUMMY__ 0.03805225576099081	true	0.5
N1784	opposes 1.0	opposes 1.0	opposes 0.7257445923502291 favors 0.2577007244338684 __DUMMY__ 0.01655468321590252	false	1.0
N1301	favors 1.0		opposes 0.49493865211626115 favors 0.4673524640149004 __DUMMY__ 0.03770888386883846	true	0.5
N1785	opposes 1.0	opposes 1.0	opposes 0.7296303806248199 favors 0.2532269694187555 __DUMMY__ 0.01714264995642469	false	1.0
N1306	opposes 1.0		opposes 0.4939452495343893 favors 0.46792147454875177 __DUMMY__ 0.03813327591685893	true	1.0
N1307	favors 1.0		opposes 0.49187970919088825 favors 0.47012264303461093 __DUMMY__ 0.03799764777450091	true	0.5
N1304	opposes 1.0		opposes 0.5117117825747117 favors 0.44958574857996075 __DUMMY__ 0.03870246884532756	true	1.0
N1788	opposes 1.0		opposes 0.5027260721199943 favors 0.45924695789867476 __DUMMY__ 0.03802696998133107	true	1.0
N1305	opposes 1.0		opposes 0.5027881008170313 favors 0.4586790558757156 __DUMMY__ 0.03853284330725295	true	1.0
N1789	favors 1.0		opposes 0.4900072617411145 favors 0.4722635189067961 __DUMMY__ 0.03772921935208953	true	0.5
N1308	favors 1.0		opposes 0.4868326694850467 favors 0.4756048015610033 __DUMMY__ 0.037562528953949924	true	0.5
N1309	opposes 1.0	opposes 1.0	opposes 0.7207328015276834 favors 0.2625112772721802 __DUMMY__ 0.016755921200136335	false	1.0
N1771	favors 1.0		favors 0.4833427981135334 opposes 0.4780169697538195 __DUMMY__ 0.038640232132646966	true	1.0
N1772	opposes 1.0		opposes 0.48881370065231644 favors 0.47192684361725884 __DUMMY__ 0.039259455730424775	true	1.0
N1770	favors 1.0		opposes 0.4900578954281613 favors 0.47101425810375763 __DUMMY__ 0.03892784646808109	true	0.5
N1775	favors 1.0		opposes 0.491383830997525 favors 0.4691366942418661 __DUMMY__ 0.03947947476060878	true	0.5
N1776	favors 1.0		opposes 0.48536717034621923 favors 0.4753548411433328 __DUMMY__ 0.039277988510447906	true	0.5
N1773	opposes 1.0		favors 0.4931872030051728 opposes 0.46707133135012574 __DUMMY__ 0.039741465644701345	true	0.5
N2620	favors 1.0		opposes 0.4921782131237771 favors 0.47134419647188236 __DUMMY__ 0.03647759040434066	true	0.5
N1774	opposes 1.0		favors 0.48146011528365346 opposes 0.4786422545302798 __DUMMY__ 0.03989763018606662	true	0.5
N1779	opposes 1.0	opposes 1.0	opposes 0.7367357480981779 favors 0.24611068365965347 __DUMMY__ 0.017153568242168668	false	1.0
N1777	favors 1.0	favors 1.0	favors 0.7264067427839641 opposes 0.25635744184098674 __DUMMY__ 0.017235815375049087	false	1.0
N1778	favors 1.0		favors 0.49839600147469904 opposes 0.462793497625046 __DUMMY__ 0.038810500900255084	true	1.0
N901	favors 1.0	favors 1.0	favors 0.719377039253289 opposes 0.262925429663951 __DUMMY__ 0.01769753108276003	false	1.0
N902	opposes 1.0		opposes 0.4916653366351129 favors 0.4690087947417767 __DUMMY__ 0.03932586862311041	true	1.0
N903	opposes 1.0		opposes 0.4826549222680988 favors 0.4782332086708274 __DUMMY__ 0.03911186906107366	true	1.0
N904	opposes 1.0	opposes 1.0	opposes 0.7270699600761448 favors 0.2551421708045998 __DUMMY__ 0.017787869119255385	false	1.0
N1760	opposes 1.0	opposes 1.0	opposes 0.716651955683879 favors 0.2666183820764042 __DUMMY__ 0.016729662239716902	false	1.0
N1761	opposes 1.0		opposes 0.5034686292608893 favors 0.4582095054561483 __DUMMY__ 0.03832186528296242	true	1.0
N900	opposes 1.0		opposes 0.48156655404360393 favors 0.47917360233064604 __DUMMY__ 0.03925984362575009	true	1.0
N909	opposes 1.0		opposes 0.48160202373292843 favors 0.4789842569904359 __DUMMY__ 0.039413719276635575	true	1.0
N1764	opposes 1.0		opposes 0.48542183360616953 favors 0.47692218302931466 __DUMMY__ 0.037655983364515845	true	1.0
N2611	favors 1.0		opposes 0.5003206130346108 favors 0.46203501780622885 __DUMMY__ 0.037644369159160425	true	0.5
N1765	favors 1.0		opposes 0.4970273322115451 favors 0.46380246709248313 __DUMMY__ 0.03917020069597191	true	0.5
N2612	favors 1.0		opposes 0.4935643105902239 favors 0.4688660166928961 __DUMMY__ 0.03756967271688004	true	0.5
N1762	opposes 1.0		opposes 0.48895245035000934 favors 0.4726811978125153 __DUMMY__ 0.038366351837475325	true	1.0
N1763	opposes 1.0		favors 0.48157799480996905 opposes 0.4798949209828466 __DUMMY__ 0.03852708420718441	true	0.5
N2610	opposes 1.0		opposes 0.48701598317449907 favors 0.47484685010611055 __DUMMY__ 0.03813716671939039	true	1.0
N905	opposes 1.0		favors 0.48520562839708 opposes 0.4748635745241044 __DUMMY__ 0.03993079707881554	true	0.5
N1768	opposes 1.0		favors 0.4842247548766217 opposes 0.47693109272076306 __DUMMY__ 0.03884415240261533	true	0.5
N2615	opposes 1.0	opposes 1.0	opposes 0.7240635560077588 favors 0.25996267708549275 __DUMMY__ 0.015973766906748295	false	1.0
N906	opposes 1.0		opposes 0.48307568449647786 favors 0.47687215931928395 __DUMMY__ 0.04005215618423818	true	1.0
N1769	favors 1.0		opposes 0.48144100470907125 favors 0.47936461272729947 __DUMMY__ 0.039194382563629324	true	0.5
N2616	favors 1.0	favors 1.0	favors 0.7299827762122467 opposes 0.2538854580591944 __DUMMY__ 0.016131765728558973	false	1.0
N907	favors 1.0	favors 1.0	favors 0.7143491036801118 opposes 0.267766992721706 __DUMMY__ 0.01788390359818211	false	1.0
N1766	favors 1.0		favors 0.4892349509433868 opposes 0.47212413339210246 __DUMMY__ 0.038640915664510764	true	1.0
N2613	opposes 1.0	opposes 1.0	opposes 0.7264871383821173 favors 0.2572732453549607 __DUMMY__ 0.016239616262922012	false	1.0
N908	favors 1.0		opposes 0.4880432630934526 favors 0.47236686551698304 __DUMMY__ 0.03958987138956421	true	0.5
N1767	favors 1.0		favors 0.48128869905945326 opposes 0.479026753939136 __DUMMY__ 0.03968454700141073	true	1.0
N2614	opposes 1.0		opposes 0.4840204806540597 favors 0.47889862450546766 __DUMMY__ 0.037080894840472674	true	1.0
N2619	opposes 1.0		opposes 0.4864131456408357 favors 0.47620489321616744 __DUMMY__ 0.0373819611429968	true	1.0
N2617	favors 1.0		opposes 0.5116079209645061 favors 0.4511629171219238 __DUMMY__ 0.03722916191357016	true	0.5
N2618	favors 1.0	favors 1.0	favors 0.7169350751341552 opposes 0.2667897407803499 __DUMMY__ 0.016275184085494842	false	1.0
N1750	favors 1.0	favors 1.0	favors 0.7191828527452258 opposes 0.2640307897386013 __DUMMY__ 0.016786357516172933	false	1.0
N1753	favors 1.0		favors 0.49098802883357157 opposes 0.4700258974513028 __DUMMY__ 0.03898607371512573	true	1.0
N2600	opposes 1.0	opposes 1.0	opposes 0.7325357507481008 favors 0.25091831849045376 __DUMMY__ 0.016545930761445362	false	1.0
N1754	favors 1.0		opposes 0.4806398998263273 favors 0.4801723445165158 __DUMMY__ 0.039187755657156924	true	0.5
N2601	favors 1.0		opposes 0.5053946666292144 favors 0.4571372300113709 __DUMMY__ 0.037468103359414626	true	0.5
N1751	favors 1.0		favors 0.48191654896226144 opposes 0.48008085835380593 __DUMMY__ 0.038002592683932586	true	1.0
N1752	favors 1.0		opposes 0.49022424525486846 favors 0.47121614580134163 __DUMMY__ 0.03855960894378992	true	0.5
N1757	favors 1.0		favors 0.4830343170450372 opposes 0.4786261182211252 __DUMMY__ 0.03833956473383775	true	1.0
N2604	opposes 1.0		opposes 0.4847750714940239 favors 0.4780541838562544 __DUMMY__ 0.037170744649721754	true	1.0
N1758	favors 1.0		favors 0.483908157464318 opposes 0.4778729166469741 __DUMMY__ 0.03821892588870791	true	1.0
N2605	favors 1.0	favors 1.0	favors 0.7202222240562279 opposes 0.26340145992053415 __DUMMY__ 0.01637631602323791	false	1.0
N1755	opposes 1.0		opposes 0.49260880978636906 favors 0.46861772752704484 __DUMMY__ 0.03877346268658612	true	1.0
N2602	favors 1.0		favors 0.4827955545642965 opposes 0.48033983622229887 __DUMMY__ 0.036864609213404585	true	1.0
N1756	opposes 1.0		opposes 0.48688429746378464 favors 0.4744862208148883 __DUMMY__ 0.03862948172132699	true	1.0
N2603	favors 1.0	favors 1.0	favors 0.7214059558343148 opposes 0.2619490545953226 __DUMMY__ 0.016644989570362603	false	1.0
N2608	opposes 1.0	opposes 1.0	opposes 0.7332752796777107 favors 0.25034714802343144 __DUMMY__ 0.016377572298857956	false	1.0
N2609	opposes 1.0		favors 0.48623443436237895 opposes 0.4759424017087719 __DUMMY__ 0.03782316392884904	true	0.5
N1759	favors 1.0	favors 1.0	favors 0.7289206875271993 opposes 0.25452557244758206 __DUMMY__ 0.016553740025218682	false	1.0
N2606	opposes 1.0	opposes 1.0	opposes 0.7339506181488322 favors 0.24983611080430906 __DUMMY__ 0.016213271046858702	false	1.0
N2607	opposes 1.0	opposes 1.0	opposes 0.7273769171864406 favors 0.2565677702286078 __DUMMY__ 0.016055312584951537	false	1.0
N923	favors 1.0		opposes 0.49680396165895163 favors 0.4639445124863917 __DUMMY__ 0.03925152585465674	true	0.5
N924	favors 1.0		favors 0.4849430551179957 opposes 0.4753230918099851 __DUMMY__ 0.03973385307201919	true	1.0
N925	favors 1.0		opposes 0.48624950983551013 favors 0.47385973483450333 __DUMMY__ 0.03989075532998658	true	0.5
N926	opposes 1.0		opposes 0.49928114414950514 favors 0.4612468726297937 __DUMMY__ 0.03947198322070112	true	1.0
N1342	opposes 1.0	opposes 1.0	opposes 0.7298956143291991 favors 0.25328268311935814 __DUMMY__ 0.016821702551442715	false	1.0
N920	opposes 1.0		opposes 0.48889309567850564 favors 0.4719196332866852 __DUMMY__ 0.03918727103480918	true	1.0
N1343	favors 1.0		opposes 0.4815948196622973 favors 0.4804168058967837 __DUMMY__ 0.037988374440918994	true	0.5
N921	favors 1.0		opposes 0.49781452485005545 favors 0.46326549454224486 __DUMMY__ 0.03891998060769971	true	0.5
N1340	favors 1.0		opposes 0.4836073045222113 favors 0.4774566887865935 __DUMMY__ 0.03893600669119531	true	0.5
N922	favors 1.0		opposes 0.48572928681482175 favors 0.47563837411206383 __DUMMY__ 0.0386323390731144	true	0.5
N1341	opposes 1.0		opposes 0.49682304007357664 favors 0.4647046272928563 __DUMMY__ 0.03847233263356705	true	1.0
N1346	opposes 1.0	opposes 1.0	opposes 0.7395377808383692 favors 0.24381463530944608 __DUMMY__ 0.01664758385218473	false	1.0
N1347	opposes 1.0		opposes 0.49260952147995957 favors 0.4693448656066571 __DUMMY__ 0.03804561291338324	true	1.0
N1344	favors 1.0		favors 0.48152725551717784 opposes 0.48059433568035864 __DUMMY__ 0.03787840880246346	true	1.0
N1345	favors 1.0	favors 1.0	favors 0.7316687215611277 opposes 0.2517650031130637 __DUMMY__ 0.016566275325808524	false	1.0
N927	opposes 1.0		opposes 0.49271287253111784 favors 0.4680160086949481 __DUMMY__ 0.039271118773933994	true	1.0
N928	favors 1.0		opposes 0.48445322369992405 favors 0.4765209385246274 __DUMMY__ 0.03902583777544844	true	0.5
N929	favors 1.0		opposes 0.4833054520875586 favors 0.47783710444009947 __DUMMY__ 0.03885744347234181	true	0.5
N1348	favors 1.0	favors 1.0	favors 0.72344669473691 opposes 0.2597737291766503 __DUMMY__ 0.016779576086439603	false	1.0
N1349	opposes 1.0	opposes 1.0	opposes 0.728881663625685 favors 0.25485270767301116 __DUMMY__ 0.016265628701303887	false	1.0
N912	favors 1.0		favors 0.48924519435167635 opposes 0.4715123513396541 __DUMMY__ 0.03924245430866959	true	1.0
N913	favors 1.0		opposes 0.4897252346927331 favors 0.4708912412613483 __DUMMY__ 0.03938352404591868	true	0.5
N914	opposes 1.0		opposes 0.48254115501117234 favors 0.4779129656466653 __DUMMY__ 0.039545879342162436	true	1.0
N915	favors 1.0	favors 1.0	favors 0.7186463953798321 opposes 0.2640240440052853 __DUMMY__ 0.017329560614882618	false	1.0
N1331	favors 1.0		opposes 0.4837931846464593 favors 0.47810113542699634 __DUMMY__ 0.03810567992654444	true	0.5
N1332	opposes 1.0		opposes 0.5021749192305042 favors 0.459592886662798 __DUMMY__ 0.03823219410669779	true	1.0
N910	opposes 1.0	opposes 1.0	opposes 0.7223736659968832 favors 0.2600603544476316 __DUMMY__ 0.017565979555485098	false	1.0
N911	favors 1.0		favors 0.4831917905544114 opposes 0.4778019339715512 __DUMMY__ 0.039006275474037504	true	1.0
N1330	favors 1.0		favors 0.48395042404780914 opposes 0.4768388021096006 __DUMMY__ 0.03921077384259016	true	1.0
N1335	favors 1.0	favors 1.0	favors 0.7248134169599235 opposes 0.25860576837482385 __DUMMY__ 0.016580814665252557	false	1.0
N1336	opposes 1.0		opposes 0.4863609192806097 favors 0.4754009751901246 __DUMMY__ 0.03823810552926557	true	1.0
N1333	favors 1.0		favors 0.48541701535361226 opposes 0.4769268008339426 __DUMMY__ 0.03765618381244502	true	1.0
N1334	favors 1.0		opposes 0.48384850256796325 favors 0.4774037482432359 __DUMMY__ 0.038747749188800786	true	0.5
N916	opposes 1.0	opposes 1.0	opposes 0.7374218557956732 favors 0.24531036941774034 __DUMMY__ 0.017267774786586393	false	1.0
N1339	favors 1.0		favors 0.48910901444021165 opposes 0.4721991509149871 __DUMMY__ 0.03869183464480114	true	1.0
N917	opposes 1.0		favors 0.4816723326870158 opposes 0.47969453584020905 __DUMMY__ 0.03863313147277503	true	0.5
N918	opposes 1.0		opposes 0.48640685163969716 favors 0.4739152723910816 __DUMMY__ 0.03967787596922132	true	1.0
N1337	favors 1.0		opposes 0.49536955370124275 favors 0.46670394918642194 __DUMMY__ 0.03792649711233516	true	0.5
N919	favors 1.0		opposes 0.48409121229410634 favors 0.47707167196576855 __DUMMY__ 0.038837115740125175	true	0.5
N1338	favors 1.0		opposes 0.48303859080308026 favors 0.4793241469270202 __DUMMY__ 0.03763726226989961	true	0.5
N940	opposes 1.0		opposes 0.4851147000992494 favors 0.47536026654109703 __DUMMY__ 0.03952503335965358	true	1.0
N945	favors 1.0		opposes 0.48307568449647786 favors 0.476872159319284 __DUMMY__ 0.04005215618423818	true	0.5
N946	opposes 1.0		opposes 0.49267775129683483 favors 0.4675906809578063 __DUMMY__ 0.03973156774535891	true	1.0
N947	opposes 1.0	opposes 1.0	opposes 0.7264773036288665 favors 0.2558114689544612 __DUMMY__ 0.017711227416672252	false	1.0
N948	favors 1.0		opposes 0.48086000856235855 favors 0.47985471098803023 __DUMMY__ 0.039285280449611305	true	0.5
N941	favors 1.0		opposes 0.4916653366351128 favors 0.4690087947417767 __DUMMY__ 0.03932586862311041	true	0.5
N1320	favors 1.0		opposes 0.4896901660121415 favors 0.47104785785191816 __DUMMY__ 0.03926197613594048	true	0.5
N942	favors 1.0		opposes 0.482654922268099 favors 0.4782332086708274 __DUMMY__ 0.039111869061073674	true	0.5
N1321	favors 1.0	favors 1.0	favors 0.7310170451522796 opposes 0.2511770174370319 __DUMMY__ 0.017805937410688356	false	1.0
N943	favors 1.0		opposes 0.49078173277822223 favors 0.4696428494865587 __DUMMY__ 0.03957541773521898	true	0.5
N944	opposes 1.0		favors 0.48520562839708 opposes 0.4748635745241044 __DUMMY__ 0.03993079707881554	true	0.5
N1324	opposes 1.0		opposes 0.4856403137176193 favors 0.47507225100345263 __DUMMY__ 0.039287435278928064	true	1.0
N1325	favors 1.0		favors 0.485865510471725 opposes 0.4751350788344407 __DUMMY__ 0.038999410693834245	true	1.0
N1322	favors 1.0		favors 0.48212720270413434 opposes 0.4778708656378469 __DUMMY__ 0.040001931658018755	true	1.0
N1323	opposes 1.0		opposes 0.4926705712624105 favors 0.46781321594758407 __DUMMY__ 0.0395162127900055	true	1.0
N949	favors 1.0		favors 0.4831917905544114 opposes 0.4778019339715512 __DUMMY__ 0.0390062754740375	true	1.0
N1328	opposes 1.0		opposes 0.506000288841922 favors 0.45508696374763036 __DUMMY__ 0.03891274741044767	true	1.0
N1329	opposes 1.0		opposes 0.48816308689855786 favors 0.4728629870540471 __DUMMY__ 0.038973926047395024	true	1.0
N1326	favors 1.0		favors 0.4867518588569575 opposes 0.47443838544683153 __DUMMY__ 0.03880975569621094	true	1.0
N1327	favors 1.0		favors 0.5019298550064233 opposes 0.4593326235076312 __DUMMY__ 0.03873752148594559	true	1.0
N934	favors 1.0		opposes 0.4856329936139294 favors 0.47516106408856656 __DUMMY__ 0.03920594229750392	true	0.5
N935	opposes 1.0		opposes 0.49132547132958077 favors 0.47042483719071826 __DUMMY__ 0.038249691479701024	true	1.0
N1790	opposes 1.0		opposes 0.5018189743362098 favors 0.4598336843019472 __DUMMY__ 0.03834734136184306	true	1.0
N936	opposes 1.0		opposes 0.49687002761825394 favors 0.4636229143391557 __DUMMY__ 0.039507058042590276	true	1.0
N937	opposes 1.0		favors 0.4827245367734433 opposes 0.4781637141842299 __DUMMY__ 0.039111749042326824	true	0.5
N930	favors 1.0	favors 1.0	favors 0.7255034419404623 opposes 0.2575849245423319 __DUMMY__ 0.016911633517205843	false	1.0
N1793	opposes 1.0		opposes 0.5043619563635974 favors 0.45704828153043353 __DUMMY__ 0.038589762105969046	true	1.0
N931	opposes 1.0		favors 0.49041299168376223 opposes 0.47078468311761396 __DUMMY__ 0.03880232519862372	true	0.5
N1310	opposes 1.0		opposes 0.5241676345772308 favors 0.4376962248828165 __DUMMY__ 0.03813614053995278	true	1.0
N1794	opposes 1.0		opposes 0.4971090134133932 favors 0.46444585254667603 __DUMMY__ 0.038445134039930724	true	1.0
N932	opposes 1.0	opposes 1.0	opposes 0.7406201997024282 favors 0.24222085177011574 __DUMMY__ 0.017158948527456024	false	1.0
N1791	favors 1.0	favors 1.0	favors 0.7242058705719989 opposes 0.25860777696716536 __DUMMY__ 0.017186352460835864	false	1.0
N933	opposes 1.0		opposes 0.49502157614009357 favors 0.4659776153151559 __DUMMY__ 0.039000808544750534	true	1.0
N1792	favors 1.0		opposes 0.4904918584473821 favors 0.4704448011646952 __DUMMY__ 0.03906334038792267	true	0.5
N1313	opposes 1.0		opposes 0.49904914530312455 favors 0.46178804803189294 __DUMMY__ 0.03916280666498244	true	1.0
N1797	favors 1.0		opposes 0.4830725002471716 favors 0.47932829534056215 __DUMMY__ 0.03759920441226626	true	0.5
N1314	favors 1.0		favors 0.491114920288203 opposes 0.4703359257688711 __DUMMY__ 0.038549153942925796	true	1.0
N1798	opposes 1.0	opposes 1.0	opposes 0.7204085377556237 favors 0.2629332699425455 __DUMMY__ 0.01665819230183079	false	1.0
N1311	opposes 1.0	opposes 1.0	opposes 0.7368522382237628 favors 0.24627597958747255 __DUMMY__ 0.016871782188764686	false	1.0
N1795	opposes 1.0		opposes 0.4888911881308759 favors 0.47301346580404074 __DUMMY__ 0.03809534606508339	true	1.0
N1312	opposes 1.0		opposes 0.5014793320548901 favors 0.46125120932105806 __DUMMY__ 0.03726945862405167	true	1.0
N1796	favors 1.0		opposes 0.4874120077435547 favors 0.474610871228349 __DUMMY__ 0.037977121028096424	true	0.5
N938	opposes 1.0		opposes 0.4832618055357956 favors 0.47684175142446183 __DUMMY__ 0.03989644303974252	true	1.0
N1317	opposes 1.0	opposes 1.0	opposes 0.7238352525787772 favors 0.2587807980266842 __DUMMY__ 0.017383949394538547	false	1.0
N939	favors 1.0		opposes 0.48156655404360393 favors 0.47917360233064604 __DUMMY__ 0.03925984362575009	true	0.5
N1318	favors 1.0	favors 1.0	favors 0.7174964666641848 opposes 0.26525625117816304 __DUMMY__ 0.017247282157652123	false	1.0
N1315	opposes 1.0		favors 0.48190574695971344 opposes 0.4783392242236356 __DUMMY__ 0.039755028816650974	true	0.5
N1799	opposes 1.0		opposes 0.5157189104594294 favors 0.4461816031520992 __DUMMY__ 0.03809948638847142	true	1.0
N1316	favors 1.0		favors 0.4852505813257283 opposes 0.4759585037887458 __DUMMY__ 0.03879091488552602	true	1.0
N1319	opposes 1.0		favors 0.48432151311343286 opposes 0.47713334710337085 __DUMMY__ 0.0385451397831962	true	0.5
N960	favors 1.0		opposes 0.4827968448875907 favors 0.47652016218312276 __DUMMY__ 0.04068299292928664	true	0.5
N961	favors 1.0		opposes 0.4965569227350692 favors 0.46317551832490594 __DUMMY__ 0.04026755894002474	true	0.5
N962	opposes 1.0		opposes 0.4897856571002372 favors 0.4702187396243805 __DUMMY__ 0.039995603275382305	true	1.0
N967	opposes 1.0		opposes 0.48202040886988456 favors 0.47799908416590026 __DUMMY__ 0.039980506964215255	true	1.0
N1382	favors 1.0		favors 0.5025436038634132 opposes 0.45917389109695633 __DUMMY__ 0.038282505039630384	true	1.0
N968	favors 1.0		opposes 0.4882167725402503 favors 0.47285057931686486 __DUMMY__ 0.03893264814288482	true	0.5
N1383	opposes 1.0		opposes 0.4971807302794195 favors 0.46436481744216435 __DUMMY__ 0.03845445227841613	true	1.0
N2230	opposes 1.0	opposes 1.0	opposes 0.7292257358765979 favors 0.2537563294087089 __DUMMY__ 0.017017934714693202	false	1.0
N969	favors 1.0		opposes 0.4923552754221761 favors 0.47033205726318106 __DUMMY__ 0.0373126673146428	true	0.5
N1380	favors 1.0		favors 0.4902495351664848 opposes 0.47139471318467757 __DUMMY__ 0.038355751648837824	true	1.0
N1381	favors 1.0	favors 1.0	favors 0.732318877630369 opposes 0.2510571086966906 __DUMMY__ 0.016624013672940367	false	1.0
N963	opposes 1.0		opposes 0.48063761608682487 favors 0.47954786711565295 __DUMMY__ 0.039814516797522036	true	1.0
N1386	opposes 1.0		favors 0.48321359653010104 opposes 0.4789946927920304 __DUMMY__ 0.037791710677868615	true	0.5
N2233	favors 1.0		opposes 0.4926259838566452 favors 0.46853853210579194 __DUMMY__ 0.038835484037562935	true	0.5
N964	favors 1.0		favors 0.4943360272114336 opposes 0.46609829834328576 __DUMMY__ 0.039565674445280606	true	1.0
N1387	opposes 1.0	opposes 1.0	opposes 0.7342248821987659 favors 0.24915114034145916 __DUMMY__ 0.016623977459774973	false	1.0
N2234	favors 1.0		opposes 0.4865184478479388 favors 0.47480239374121935 __DUMMY__ 0.03867915841084185	true	0.5
N965	favors 1.0		opposes 0.5085914998397874 favors 0.45175324639846626 __DUMMY__ 0.039655253761746306	true	0.5
N1384	favors 1.0		opposes 0.4825996791182356 favors 0.47889986589790484 __DUMMY__ 0.03850045498385973	true	0.5
N2231	favors 1.0		favors 0.4925807701538565 opposes 0.46835203245927914 __DUMMY__ 0.03906719738686448	true	1.0
N966	favors 1.0		opposes 0.492185201963908 favors 0.4680931185238352 __DUMMY__ 0.03972167951225685	true	0.5
N1385	favors 1.0		favors 0.48809550788754863 opposes 0.4732369191740091 __DUMMY__ 0.03866757293844217	true	1.0
N2232	opposes 1.0	opposes 1.0	opposes 0.723955285769302 favors 0.25868853588375185 __DUMMY__ 0.017356178346946086	false	1.0
N2237	opposes 1.0		favors 0.48928178311611364 opposes 0.47283863161951817 __DUMMY__ 0.03787958526436806	true	0.5
N2238	favors 1.0		favors 0.49781272004213944 opposes 0.46403084138392525 __DUMMY__ 0.03815643857393535	true	1.0
N1388	opposes 1.0		favors 0.49086126275631925 opposes 0.47190972793553 __DUMMY__ 0.037229009308150735	true	0.5
N2235	favors 1.0		favors 0.4840118984373913 opposes 0.4776160843865663 __DUMMY__ 0.03837201717604243	true	1.0
N1389	opposes 1.0	opposes 1.0	opposes 0.7234523839003187 favors 0.2596189498590045 __DUMMY__ 0.016928666240676755	false	1.0
N2236	opposes 1.0		favors 0.48488822980600466 opposes 0.47686951905885555 __DUMMY__ 0.03824225113513983	true	0.5
N2239	favors 1.0		opposes 0.5042111392732676 favors 0.457437925750336 __DUMMY__ 0.03835093497639641	true	0.5
N950	opposes 1.0		opposes 0.5014149399275121 favors 0.4592414470206788 __DUMMY__ 0.039343613051809105	true	1.0
N951	opposes 1.0	opposes 1.0	opposes 0.7271042735220197 favors 0.25526931583630785 __DUMMY__ 0.01762641064167253	false	1.0
N956	favors 1.0		opposes 0.4856813080320871 favors 0.474400759131921 __DUMMY__ 0.039917932835991855	true	0.5
N1371	opposes 1.0		favors 0.48443734911663705 opposes 0.4768866614421798 __DUMMY__ 0.03867598944118322	true	0.5
N957	opposes 1.0		opposes 0.4950462359534694 favors 0.4652891047397087 __DUMMY__ 0.03966465930682173	true	1.0
N1372	favors 1.0	favors 1.0	favors 0.7226719126656987 opposes 0.2604699086047435 __DUMMY__ 0.016858178729557735	false	1.0
N958	opposes 1.0		opposes 0.48219193197737614 favors 0.47845325842832787 __DUMMY__ 0.03935480959429593	true	1.0
N959	opposes 1.0		opposes 0.4938783620197026 favors 0.4660789231223269 __DUMMY__ 0.04004271485797046	true	1.0
N1370	favors 1.0		favors 0.4888195694661662 opposes 0.47281530942980804 __DUMMY__ 0.03836512110402564	true	1.0
N952	opposes 1.0		opposes 0.48690028551841835 favors 0.4742778637090947 __DUMMY__ 0.038821850772486836	true	1.0
N1375	favors 1.0		favors 0.49781870024794733 opposes 0.4630479453317423 __DUMMY__ 0.039133354420310316	true	1.0
N2222	opposes 1.0	opposes 1.0	opposes 0.7284797784192139 favors 0.2552817197493558 __DUMMY__ 0.016238501831430302	false	1.0
N953	favors 1.0		opposes 0.502144682517382 favors 0.4579781257529451 __DUMMY__ 0.039877191729672926	true	0.5
N1376	favors 1.0		favors 0.4864988365158048 opposes 0.47417694431116186 __DUMMY__ 0.039324219173033456	true	1.0
N2223	favors 1.0	favors 1.0	favors 0.7153148427213997 opposes 0.2677320666886112 __DUMMY__ 0.016953090589989197	false	1.0
N954	favors 1.0		favors 0.48481708853899763 opposes 0.47584099557260523 __DUMMY__ 0.039341915888397076	true	1.0
N1373	favors 1.0		favors 0.4883248601659438 opposes 0.47353423210549034 __DUMMY__ 0.03814090772856598	true	1.0
N2220	opposes 1.0	opposes 1.0	opposes 0.7307323131675114 favors 0.2525827071676879 __DUMMY__ 0.016684979664800693	false	1.0
N955	favors 1.0		opposes 0.48307357571612836 favors 0.476494806408049 __DUMMY__ 0.04043161787582276	true	0.5
N1374	opposes 1.0	opposes 1.0	opposes 0.7261312944676191 favors 0.2568422188491238 __DUMMY__ 0.017026486683257	false	1.0
N2221	favors 1.0		opposes 0.4825780875717829 favors 0.4792800257364803 __DUMMY__ 0.03814188669173686	true	0.5
N1379	favors 1.0	favors 1.0	favors 0.7294943336807832 opposes 0.253595428633178 __DUMMY__ 0.016910237686038727	false	1.0
N2226	opposes 1.0		favors 0.48369223626198943 opposes 0.4780481124547411 __DUMMY__ 0.03825965128326952	true	0.5
N2227	favors 1.0		opposes 0.482606544451049 favors 0.4788070643053864 __DUMMY__ 0.03858639124356468	true	0.5
N1377	opposes 1.0		opposes 0.48592193303912823 favors 0.47516335066553106 __DUMMY__ 0.03891471629534076	true	1.0
N2224	favors 1.0	favors 1.0	favors 0.728788317738016 opposes 0.25453738840997 __DUMMY__ 0.016674293852014105	false	1.0
N1378	favors 1.0		opposes 0.48063270895612414 favors 0.48060606668271094 __DUMMY__ 0.038761224361164956	true	0.5
N2225	favors 1.0		favors 0.4807378041710925 opposes 0.48017947332784666 __DUMMY__ 0.03908272250106083	true	1.0
N2228	opposes 1.0		opposes 0.4912770168793943 favors 0.4704281332539079 __DUMMY__ 0.03829484986669768	true	1.0
N2229	opposes 1.0		favors 0.48276883421615846 opposes 0.47922108464964436 __DUMMY__ 0.03801008113419718	true	0.5
N981	favors 1.0		favors 0.508120731643682 opposes 0.4551435449061548 __DUMMY__ 0.036735723450163245	true	1.0
N982	opposes 1.0	opposes 1.0	opposes 0.7341559893191024 favors 0.2496842086295032 __DUMMY__ 0.01615980205139438	false	1.0
N983	favors 1.0		opposes 0.48212262343355294 favors 0.4807818487069499 __DUMMY__ 0.03709552785949718	true	0.5
N500	favors 1.0		opposes 0.48282205300484266 favors 0.4776307816348466 __DUMMY__ 0.0395471653603108	true	0.5
N984	favors 1.0	favors 1.0	favors 0.7299639181080086 opposes 0.25377159005670735 __DUMMY__ 0.016264491835284063	false	1.0
N980	opposes 1.0		favors 0.49379220954768926 opposes 0.46930853361353114 __DUMMY__ 0.03689925683877968	true	0.5
N505	favors 1.0		favors 0.4966359029980893 opposes 0.46507320764861815 __DUMMY__ 0.0382908893532925	true	1.0
N989	favors 1.0		opposes 0.4942764194643481 favors 0.46712363101276955 __DUMMY__ 0.03859994952288237	true	0.5
N1360	favors 1.0		opposes 0.48430822554095027 favors 0.47678929108635454 __DUMMY__ 0.03890248337269516	true	0.5
N506	opposes 1.0		opposes 0.5100995233055365 favors 0.4514015684873679 __DUMMY__ 0.038498908207095436	true	1.0
N1361	opposes 1.0		opposes 0.4831060438070597 favors 0.4781607881167735 __DUMMY__ 0.03873316807616672	true	1.0
N507	opposes 1.0		opposes 0.4927567672700352 favors 0.4686894438975156 __DUMMY__ 0.03855378883244929	true	1.0
N508	opposes 1.0		opposes 0.48199843530139086 favors 0.4792414135940165 __DUMMY__ 0.03876015110459254	true	1.0
N501	opposes 1.0		opposes 0.49743712071067303 favors 0.4635061687800352 __DUMMY__ 0.03905671050929176	true	1.0
N985	favors 1.0	favors 1.0	favors 0.7270144724161612 opposes 0.25723827366750246 __DUMMY__ 0.015747253916336336	false	1.0
N1364	favors 1.0		opposes 0.4954560963562197 favors 0.46565735761462157 __DUMMY__ 0.03888654602915887	true	0.5
N2211	favors 1.0	favors 1.0	favors 0.7233883083442718 opposes 0.26014918680763144 __DUMMY__ 0.016462504848096776	false	1.0
N502	opposes 1.0		opposes 0.4902085733081603 favors 0.47092466739802236 __DUMMY__ 0.03886675929381725	true	1.0
N986	opposes 1.0	opposes 1.0	opposes 0.7431916892515876 favors 0.23964190673355895 __DUMMY__ 0.017166404014853368	false	1.0
N1365	favors 1.0		opposes 0.4855593526383517 favors 0.4753434742836246 __DUMMY__ 0.039097173078023684	true	0.5
N2212	favors 1.0	favors 1.0	favors 0.7162875309860155 opposes 0.26688448887732824 __DUMMY__ 0.016827980136656196	false	1.0
N503	favors 1.0	favors 1.0	favors 0.7247543473226169 opposes 0.2583318458646468 __DUMMY__ 0.016913806812736302	false	1.0
N987	opposes 1.0		opposes 0.490320313481356 favors 0.47130660112371076 __DUMMY__ 0.03837308539493323	true	1.0
N1362	favors 1.0		favors 0.48286351724421805 opposes 0.47879106399005006 __DUMMY__ 0.038345418765731984	true	1.0
N504	favors 1.0		favors 0.4871035845036434 opposes 0.4749236801626492 __DUMMY__ 0.03797273533370747	true	1.0
N988	opposes 1.0		opposes 0.4970026612679648 favors 0.4635327668242454 __DUMMY__ 0.039464571907789785	true	1.0
N1363	opposes 1.0		opposes 0.5116888131303582 favors 0.4494805847805971 __DUMMY__ 0.03883060208904475	true	1.0
N2210	favors 1.0		opposes 0.496018381945124 favors 0.4661391226612755 __DUMMY__ 0.037842495393600455	true	0.5
N1368	favors 1.0		favors 0.4937587659354621 opposes 0.4680917457337419 __DUMMY__ 0.03814948833079607	true	1.0
N2215	opposes 1.0		opposes 0.49759877513153367 favors 0.4639729201210203 __DUMMY__ 0.03842830474744602	true	1.0
N1369	favors 1.0	favors 1.0	favors 0.727974834293556 opposes 0.254798309082015 __DUMMY__ 0.01722685662442894	false	1.0
N2216	opposes 1.0	opposes 1.0	opposes 0.7295963248607797 favors 0.25356800035474825 __DUMMY__ 0.01683567478447205	false	1.0
N1366	favors 1.0		opposes 0.49156468379169854 favors 0.47034244890078164 __DUMMY__ 0.038092867307519714	true	0.5
N2213	opposes 1.0		favors 0.4903450356475259 opposes 0.4709911224870139 __DUMMY__ 0.038663841865460194	true	0.5
N1367	opposes 1.0		opposes 0.49159652480210236 favors 0.4697410927341028 __DUMMY__ 0.03866238246379473	true	1.0
N2214	favors 1.0		opposes 0.4833601120228875 favors 0.4777101126833133 __DUMMY__ 0.03892977529379929	true	0.5
N509	opposes 1.0		opposes 0.48856189216874635 favors 0.4737365322353599 __DUMMY__ 0.03770157559589375	true	1.0
N2219	opposes 1.0		opposes 0.5099296958616417 favors 0.4521425780401304 __DUMMY__ 0.03792772609822797	true	1.0
N2217	favors 1.0		favors 0.48208729169781794 opposes 0.4801190619633681 __DUMMY__ 0.037793646338813894	true	1.0
N2218	favors 1.0		favors 0.49619379092893984 opposes 0.4661331238039603 __DUMMY__ 0.03767308526709988	true	1.0
N970	favors 1.0	favors 1.0	favors 0.7335269246962843 opposes 0.25051057809698585 __DUMMY__ 0.015962497206729747	false	1.0
N971	favors 1.0	favors 1.0	favors 0.7289875390284107 opposes 0.2544353658715345 __DUMMY__ 0.016577095100054708	false	1.0
N972	opposes 1.0		favors 0.49194135465514705 opposes 0.47105392951213276 __DUMMY__ 0.037004715832720185	true	0.5
N973	favors 1.0	favors 1.0	favors 0.7278265327792749 opposes 0.2558788245857827 __DUMMY__ 0.016294642634942475	false	1.0
N978	favors 1.0		favors 0.48268716576772025 opposes 0.47989453158180617 __DUMMY__ 0.03741830265047371	true	1.0
N979	favors 1.0	favors 1.0	favors 0.7308448142461474 opposes 0.2530129905083174 __DUMMY__ 0.016142195245535118	false	1.0
N1350	favors 1.0		opposes 0.505259721954533 favors 0.45567997372933666 __DUMMY__ 0.03906030431613038	true	0.5
N974	opposes 1.0	opposes 1.0	opposes 0.7262352503360163 favors 0.2576452033658434 __DUMMY__ 0.016119546298140407	false	1.0
N1353	favors 1.0		opposes 0.488998186402911 favors 0.47191854340755524 __DUMMY__ 0.03908327018953375	true	0.5
N2200	favors 1.0		favors 0.48290152746098713 opposes 0.4787521647785457 __DUMMY__ 0.03834630776046716	true	1.0
N975	opposes 1.0	opposes 1.0	opposes 0.7193690574880194 favors 0.26467682183684843 __DUMMY__ 0.01595412067513232	false	1.0
N1354	opposes 1.0	opposes 1.0	opposes 0.7337226521671356 favors 0.24915802604674883 __DUMMY__ 0.01711932178611555	false	1.0
N2201	opposes 1.0		opposes 0.5100253179469203 favors 0.45116688637158703 __DUMMY__ 0.03880779568149257	true	1.0
N976	favors 1.0		favors 0.5028545410055825 opposes 0.45947983275577997 __DUMMY__ 0.03766562623863763	true	1.0
N1351	favors 1.0		favors 0.48220303935820447 opposes 0.4792998407691812 __DUMMY__ 0.038497119872614415	true	1.0
N977	favors 1.0		opposes 0.48590782599768756 favors 0.47660719352753916 __DUMMY__ 0.03748498047477339	true	0.5
N1352	opposes 1.0		opposes 0.4839450277256748 favors 0.47733526576355917 __DUMMY__ 0.038719706510765964	true	1.0
N1357	favors 1.0	favors 1.0	favors 0.7265313538062493 opposes 0.2558571702212503 __DUMMY__ 0.017611475972500446	false	1.0
N2204	opposes 1.0		opposes 0.4908790361734536 favors 0.4710137041637308 __DUMMY__ 0.038107259662815716	true	1.0
N1358	favors 1.0		opposes 0.4999842004062948 favors 0.4606386724483192 __DUMMY__ 0.03937712714538598	true	0.5
N2205	opposes 1.0		opposes 0.5032712659593528 favors 0.4585521176219308 __DUMMY__ 0.03817661641871644	true	1.0
N1355	opposes 1.0	opposes 1.0	opposes 0.7269074205597221 favors 0.2561414078724553 __DUMMY__ 0.016951171567822578	false	1.0
N2202	opposes 1.0		opposes 0.4945846234444589 favors 0.46655442116489443 __DUMMY__ 0.03886095539064673	true	1.0
N1356	opposes 1.0		opposes 0.4973729823327118 favors 0.46348383715413977 __DUMMY__ 0.039143180513148475	true	1.0
N2203	favors 1.0		opposes 0.4851628281789974 favors 0.4757778791473846 __DUMMY__ 0.03905929267361788	true	0.5
N2208	favors 1.0	favors 1.0	favors 0.724652171003972 opposes 0.25877136409386226 __DUMMY__ 0.016576464902165876	false	1.0
N2209	opposes 1.0		opposes 0.486321132168173 favors 0.47549763719857385 __DUMMY__ 0.03818123063325305	true	1.0
N1359	favors 1.0		opposes 0.49301778682533226 favors 0.46780892753400305 __DUMMY__ 0.03917328564066456	true	0.5
N2206	opposes 1.0		favors 0.4862638465910253 opposes 0.47618135005991336 __DUMMY__ 0.037554803349061416	true	0.5
N2207	opposes 1.0		opposes 0.4836264921818355 favors 0.4776446299529383 __DUMMY__ 0.03872887786522611	true	1.0
N520	opposes 1.0	opposes 1.0	opposes 0.7381453497697091 favors 0.24537977039917053 __DUMMY__ 0.016474879831120257	false	1.0
N521	opposes 1.0		opposes 0.4995160636777 favors 0.4629557440011629 __DUMMY__ 0.03752819232113705	true	1.0
N522	favors 1.0	favors 1.0	favors 0.7190087975606465 opposes 0.26479065910533806 __DUMMY__ 0.016200543334015514	false	1.0
N2270	opposes 1.0		opposes 0.48637457647703264 favors 0.47541931652411173 __DUMMY__ 0.0382061069988556	true	1.0
N527	favors 1.0		opposes 0.49288436721448553 favors 0.4697750068887132 __DUMMY__ 0.03734062589680135	true	0.5
N2273	favors 1.0	favors 1.0	favors 0.7303769949705118 opposes 0.2531710211931496 __DUMMY__ 0.01645198383633856	false	1.0
N528	opposes 1.0	opposes 1.0	opposes 0.7340206080525965 favors 0.2501539321491982 __DUMMY__ 0.015825459798205294	false	1.0
N2274	favors 1.0	favors 1.0	favors 0.7326966859661388 opposes 0.2510425679174737 __DUMMY__ 0.01626074611638747	false	1.0
N529	opposes 1.0		opposes 0.49582976286668556 favors 0.46501035333219604 __DUMMY__ 0.03915988380111843	true	1.0
