N1742	opposes 1.0	opposes 1.0	opposes 0.7194481930535458 favors 0.27800509712480587 __DUMMY__ 0.0025467098216483755	false	1.0
N1743	favors 1.0		favors 0.5570438807061365 opposes 0.431189264218256 __DUMMY__ 0.011766855075607516	true	1.0
N1740	opposes 1.0	opposes 1.0	opposes 0.6718472784748264 favors 0.32560239176431993 __DUMMY__ 0.002550329760853648	false	1.0
N1741	opposes 1.0	opposes 1.0	opposes 0.7394798791564754 favors 0.2579849693858498 __DUMMY__ 0.0025351514576747824	false	1.0
N1746	opposes 1.0	opposes 1.0	opposes 0.7060236862842022 favors 0.2914483215803187 __DUMMY__ 0.002527992135479095	false	1.0
N1747	opposes 1.0	opposes 1.0	opposes 0.7229222038806906 favors 0.2746352580685836 __DUMMY__ 0.002442538050725889	false	1.0
N1744	opposes 1.0		favors 0.5116474904578792 opposes 0.47682099602581257 __DUMMY__ 0.011531513516308285	true	0.5
N1745	opposes 1.0	opposes 1.0	opposes 0.7294198333479175 favors 0.26814561698906225 __DUMMY__ 0.0024345496630202054	false	1.0
N1748	favors 1.0	favors 1.0	favors 0.7563745080594716 opposes 0.24129522016432045 __DUMMY__ 0.002330271776207992	false	1.0
N1749	opposes 1.0	opposes 1.0	opposes 0.7216495981510626 favors 0.2757534205537166 __DUMMY__ 0.0025969812952207974	false	1.0
N1731	favors 1.0	favors 1.0	favors 0.7528140383751165 opposes 0.24458145433531248 __DUMMY__ 0.0026045072895710263	false	1.0
N1732	favors 1.0	favors 1.0	favors 0.7568166208168855 opposes 0.24075164124506593 __DUMMY__ 0.0024317379380485206	false	1.0
N1730	opposes 1.0		favors 0.5189018754030676 opposes 0.46902354000450214 __DUMMY__ 0.012074584592430127	true	0.5
N1735	opposes 1.0	opposes 1.0	opposes 0.7215537538735128 favors 0.2756261381885485 __DUMMY__ 0.0028201079379385763	false	1.0
N1736	opposes 1.0		favors 0.525390632048551 opposes 0.4633735456749685 __DUMMY__ 0.011235822276480548	true	0.5
N1733	favors 1.0	favors 1.0	favors 0.7666238867515357 opposes 0.23041295168844644 __DUMMY__ 0.002963161560017942	false	1.0
N1734	favors 1.0	favors 1.0	favors 0.7578794721582313 opposes 0.23943731321752418 __DUMMY__ 0.002683214624244559	false	1.0
N1739	favors 1.0	favors 1.0	favors 0.7715140280582363 opposes 0.22584913707276696 __DUMMY__ 0.002636834868996744	false	1.0
N1737	favors 1.0	favors 1.0	favors 0.758463463476566 opposes 0.23901813028795843 __DUMMY__ 0.0025184062354755374	false	1.0
N1738	favors 1.0		favors 0.5388504848738009 opposes 0.44921764855722507 __DUMMY__ 0.01193186656897397	true	1.0
N1720	favors 1.0	favors 1.0	favors 0.7798479028677608 opposes 0.21792522118500202 __DUMMY__ 0.0022268759472370875	false	1.0
N1721	favors 1.0	favors 1.0	favors 0.7892202951670895 opposes 0.2086493908390274 __DUMMY__ 0.0021303139938832123	false	1.0
N1724	favors 1.0	favors 1.0	favors 0.7733981011725333 opposes 0.22433283147904853 __DUMMY__ 0.0022690673484182383	false	1.0
N1725	favors 1.0	favors 1.0	favors 0.7542854317997406 opposes 0.24353656835009663 __DUMMY__ 0.0021779998501627114	false	1.0
N1722	opposes 1.0	opposes 1.0	opposes 0.7245596931649194 favors 0.27328228019436906 __DUMMY__ 0.0021580266407114895	false	1.0
N1723	favors 1.0	favors 1.0	favors 0.7538906840719335 opposes 0.2439478930061137 __DUMMY__ 0.002161422921952799	false	1.0
N1728	opposes 1.0	opposes 1.0	opposes 0.7170935130528705 favors 0.28028632374591245 __DUMMY__ 0.0026201632012170734	false	1.0
N1729	favors 1.0	favors 1.0	favors 0.7631957081080949 opposes 0.23436255510905488 __DUMMY__ 0.0024417367828503023	false	1.0
N1726	opposes 1.0	opposes 1.0	opposes 0.7271087982892329 favors 0.27028622394338625 __DUMMY__ 0.002604977767380813	false	1.0
N1727	favors 1.0		favors 0.5636465435007227 opposes 0.4244751349719339 __DUMMY__ 0.011878321527343333	true	1.0
N1710	favors 1.0	favors 1.0	favors 0.7558927270994182 opposes 0.24188316525874892 __DUMMY__ 0.002224107641832848	false	1.0
N1713	opposes 1.0	opposes 1.0	opposes 0.6962992730432007 favors 0.3015130875399879 __DUMMY__ 0.0021876394168115127	false	1.0
N1714	opposes 1.0	opposes 1.0	opposes 0.6936249475865631 favors 0.30431587186321557 __DUMMY__ 0.0020591805502212655	false	1.0
N1711	opposes 1.0	opposes 1.0	opposes 0.691012412892062 favors 0.3068880790272547 __DUMMY__ 0.0020995080806833874	false	1.0
N1712	favors 1.0	favors 1.0	favors 0.7571817454683162 opposes 0.24041401501986148 __DUMMY__ 0.0024042395118222715	false	1.0
N1717	favors 1.0	favors 1.0	favors 0.7514783620286211 opposes 0.24618281127521316 __DUMMY__ 0.002338826696165846	false	1.0
N1718	favors 1.0	favors 1.0	favors 0.759855450206416 opposes 0.23809670396507557 __DUMMY__ 0.002047845828508537	false	1.0
N1715	opposes 1.0		favors 0.5326532086636045 opposes 0.4562675773412949 __DUMMY__ 0.0110792139951006	true	0.5
N1716	opposes 1.0	opposes 1.0	opposes 0.6929500201986551 favors 0.3047931537944737 __DUMMY__ 0.002256826006871159	false	1.0
N1719	favors 1.0	favors 1.0	favors 0.7710954760913717 opposes 0.22680312877482967 __DUMMY__ 0.002101395133798626	false	1.0
N1782	favors 1.0	favors 1.0	favors 0.7563538539297486 opposes 0.2412859601173627 __DUMMY__ 0.0023601859528887014	false	1.0
N1783	opposes 1.0		favors 0.49550223652486874 opposes 0.4924151919189733 __DUMMY__ 0.012082571556158078	true	0.5
N1780	favors 1.0	favors 1.0	favors 0.75597236657612 opposes 0.24168473415058245 __DUMMY__ 0.0023428992732976027	false	1.0
N1781	favors 1.0	favors 1.0	favors 0.7736075924121482 opposes 0.2239432428468517 __DUMMY__ 0.0024491647410001985	false	1.0
N1302	opposes 1.0	opposes 1.0	opposes 0.7049929551865352 favors 0.292493775687677 __DUMMY__ 0.002513269125787901	false	1.0
N1786	favors 1.0	favors 1.0	favors 0.7561253405029782 opposes 0.24126215772116225 __DUMMY__ 0.00261250177585961	false	1.0
N1303	favors 1.0	favors 1.0	favors 0.7481473421878068 opposes 0.2495265465502503 __DUMMY__ 0.002326111261942982	false	1.0
N1787	opposes 1.0	opposes 1.0	opposes 0.7220012269921642 favors 0.2750744159616349 __DUMMY__ 0.0029243570462009817	false	1.0
N1300	favors 1.0	favors 1.0	favors 0.7437591152360639 opposes 0.2539891079188434 __DUMMY__ 0.002251776845092695	false	1.0
N1784	opposes 1.0	opposes 1.0	opposes 0.7044409430134867 favors 0.29270645678100704 __DUMMY__ 0.002852600205506289	false	1.0
N1301	favors 1.0	favors 1.0	favors 0.747109278081324 opposes 0.2507805163026882 __DUMMY__ 0.002110205615987934	false	1.0
N1785	opposes 1.0	opposes 1.0	opposes 0.7234329824413203 favors 0.2738192142101929 __DUMMY__ 0.002747803348486915	false	1.0
N1306	opposes 1.0	opposes 1.0	opposes 0.7124671943586833 favors 0.28537261222867377 __DUMMY__ 0.0021601934126428413	false	1.0
N1307	favors 1.0	favors 1.0	favors 0.7439096560007844 opposes 0.2536826062076553 __DUMMY__ 0.0024077377915603195	false	1.0
N1304	opposes 1.0		opposes 0.4997721016076734 favors 0.4888661883051614 __DUMMY__ 0.011361710087165208	true	1.0
N1788	opposes 1.0		favors 0.5259399600462307 opposes 0.4620005768324321 __DUMMY__ 0.012059463121337273	true	0.5
N1305	opposes 1.0	opposes 1.0	opposes 0.72375520846439 favors 0.27415032530769734 __DUMMY__ 0.0020944662279127283	false	1.0
N1789	favors 1.0		favors 0.5311500960006348 opposes 0.457016969988294 __DUMMY__ 0.011832934011071152	true	1.0
N1308	favors 1.0	favors 1.0	favors 0.7595428291767914 opposes 0.2381648952215239 __DUMMY__ 0.0022922756016847522	false	1.0
N1309	opposes 1.0	opposes 1.0	opposes 0.6920549866284197 favors 0.3057536779072454 __DUMMY__ 0.002191335464334999	false	1.0
N1771	favors 1.0		favors 0.5647870054829868 opposes 0.4240131986640254 __DUMMY__ 0.011199795852987804	true	1.0
N1772	opposes 1.0	opposes 1.0	opposes 0.7091107105133699 favors 0.28847484099974396 __DUMMY__ 0.002414448486886021	false	1.0
N1770	favors 1.0	favors 1.0	favors 0.7670902198834719 opposes 0.2305364357304588 __DUMMY__ 0.0023733443860693352	false	1.0
N1775	favors 1.0	favors 1.0	favors 0.7539510424313046 opposes 0.24353649650110176 __DUMMY__ 0.0025124610675936864	false	1.0
N1776	favors 1.0	favors 1.0	favors 0.7613231876672341 opposes 0.23643980531280326 __DUMMY__ 0.002237007019962792	false	1.0
N1773	opposes 1.0		favors 0.5795535559984197 opposes 0.4086510327325916 __DUMMY__ 0.011795411268988738	true	0.5
N2620	favors 1.0	favors 1.0	favors 0.7427187285057855 opposes 0.25492878348371995 __DUMMY__ 0.002352488010494619	false	1.0
N1774	opposes 1.0	opposes 1.0	opposes 0.6933935045155886 favors 0.3041741356256691 __DUMMY__ 0.002432359858742322	false	1.0
N1779	opposes 1.0	opposes 1.0	opposes 0.7219691913051856 favors 0.2756930259284089 __DUMMY__ 0.002337782766405576	false	1.0
N1777	favors 1.0	favors 1.0	favors 0.7715630797073015 opposes 0.2261321601796304 __DUMMY__ 0.0023047601130681693	false	1.0
N1778	favors 1.0	favors 1.0	favors 0.7878172614467935 opposes 0.20985459874361237 __DUMMY__ 0.0023281398095941976	false	1.0
N901	favors 1.0	favors 1.0	favors 0.7399875952002555 opposes 0.25724106498898563 __DUMMY__ 0.002771339810758861	false	1.0
N902	opposes 1.0		favors 0.5240579583215763 opposes 0.46424652659224763 __DUMMY__ 0.011695515086176032	true	0.5
N903	opposes 1.0	opposes 1.0	opposes 0.711077374255763 favors 0.286374443726136 __DUMMY__ 0.0025481820181009946	false	1.0
N904	opposes 1.0	opposes 1.0	opposes 0.7226870852386436 favors 0.2746377642652755 __DUMMY__ 0.002675150496080909	false	1.0
N1760	opposes 1.0	opposes 1.0	opposes 0.6954574734595602 favors 0.30216107843743695 __DUMMY__ 0.0023814481030028315	false	1.0
N1761	opposes 1.0	opposes 1.0	opposes 0.737589784770269 favors 0.26002362570865023 __DUMMY__ 0.002386589521080781	false	1.0
N900	opposes 1.0	opposes 1.0	opposes 0.7086079096506982 favors 0.28884614547184145 __DUMMY__ 0.0025459448774603492	false	1.0
N909	opposes 1.0	opposes 1.0	opposes 0.7099118334248119 favors 0.2874920510293447 __DUMMY__ 0.002596115545843378	false	1.0
N1764	opposes 1.0		favors 0.5086981741376368 opposes 0.47979274697434476 __DUMMY__ 0.011509078888018468	true	0.5
N2611	favors 1.0		favors 0.5097597853308077 opposes 0.478614126671904 __DUMMY__ 0.011626087997288261	true	1.0
N1765	favors 1.0	favors 1.0	favors 0.7507616874268906 opposes 0.24684889997811302 __DUMMY__ 0.0023894125949961978	false	1.0
N2612	favors 1.0		favors 0.524627471828938 opposes 0.46422115762431154 __DUMMY__ 0.011151370546750562	true	1.0
N1762	opposes 1.0	opposes 1.0	opposes 0.724615238345937 favors 0.272992872194896 __DUMMY__ 0.002391889459166995	false	1.0
N1763	opposes 1.0	opposes 1.0	opposes 0.7086001430538109 favors 0.28890639509921695 __DUMMY__ 0.0024934618469721636	false	1.0
N2610	opposes 1.0	opposes 1.0	opposes 0.7064021760845529 favors 0.2911717512784156 __DUMMY__ 0.002426072637031461	false	1.0
N905	opposes 1.0		favors 0.5366924052149487 opposes 0.4513295466098009 __DUMMY__ 0.01197804817525035	true	0.5
N1768	opposes 1.0	opposes 1.0	opposes 0.6915762522819785 favors 0.3061445024729603 __DUMMY__ 0.002279245245061164	false	1.0
N2615	opposes 1.0	opposes 1.0	opposes 0.697375208668859 favors 0.30022756968445014 __DUMMY__ 0.0023972216466908976	false	1.0
N906	opposes 1.0		favors 0.5288367939058306 opposes 0.45937918912381753 __DUMMY__ 0.011784016970351904	true	0.5
N1769	favors 1.0	favors 1.0	favors 0.7589383013159983 opposes 0.23849970350051658 __DUMMY__ 0.0025619951834850397	false	1.0
N2616	favors 1.0	favors 1.0	favors 0.7739949155254507 opposes 0.22368567987933322 __DUMMY__ 0.0023194045952159813	false	1.0
N907	favors 1.0	favors 1.0	favors 0.7350428530309232 opposes 0.2622098649754321 __DUMMY__ 0.0027472819936447236	false	1.0
N1766	favors 1.0	favors 1.0	favors 0.775914918295761 opposes 0.22159744510154145 __DUMMY__ 0.0024876366026975413	false	1.0
N2613	opposes 1.0	opposes 1.0	opposes 0.7055867048210653 favors 0.29211792726186697 __DUMMY__ 0.002295367917067691	false	1.0
N908	favors 1.0	favors 1.0	favors 0.7421163700917074 opposes 0.255363651858432 __DUMMY__ 0.002519978049860627	false	1.0
N1767	favors 1.0		favors 0.5421125077155401 opposes 0.4464062338723108 __DUMMY__ 0.011481258412149186	true	1.0
N2614	opposes 1.0	opposes 1.0	opposes 0.710240621066229 favors 0.28726428748185856 __DUMMY__ 0.002495091451912463	false	1.0
N2619	opposes 1.0		favors 0.5467271118669536 opposes 0.4417462946970211 __DUMMY__ 0.01152659343602541	true	0.5
N2617	favors 1.0	favors 1.0	favors 0.7285491604593918 opposes 0.2691210135385359 __DUMMY__ 0.0023298260020722544	false	1.0
N2618	favors 1.0	favors 1.0	favors 0.7425041694922654 opposes 0.25516085686686535 __DUMMY__ 0.002334973640869256	false	1.0
N1750	favors 1.0	favors 1.0	favors 0.74953260688197 opposes 0.24804532089047582 __DUMMY__ 0.0024220722275542744	false	1.0
N1753	favors 1.0	favors 1.0	favors 0.7579920716336668 opposes 0.23937946420593462 __DUMMY__ 0.002628464160398646	false	1.0
N2600	opposes 1.0	opposes 1.0	opposes 0.7216929257674372 favors 0.275970008472434 __DUMMY__ 0.002337065760128758	false	1.0
N1754	favors 1.0		favors 0.5327862233875923 opposes 0.45558159002745485 __DUMMY__ 0.011632186584952924	true	1.0
N2601	favors 1.0	favors 1.0	favors 0.7375039131186584 opposes 0.2601135675046933 __DUMMY__ 0.0023825193766483645	false	1.0
N1751	favors 1.0		favors 0.5315003856162428 opposes 0.45717489185421395 __DUMMY__ 0.011324722529543252	true	1.0
N1752	favors 1.0	favors 1.0	favors 0.7369337356188247 opposes 0.2606044794491479 __DUMMY__ 0.002461784932027477	false	1.0
N1757	favors 1.0	favors 1.0	favors 0.7529437256089289 opposes 0.24469600139662767 __DUMMY__ 0.0023602729944434985	false	1.0
N2604	opposes 1.0	opposes 1.0	opposes 0.7037707087709976 favors 0.293958882153496 __DUMMY__ 0.002270409075506392	false	1.0
N1758	favors 1.0		favors 0.5263936374191669 opposes 0.4618442588648443 __DUMMY__ 0.011762103715988775	true	1.0
N2605	favors 1.0	favors 1.0	favors 0.7455626043651103 opposes 0.25187911798818596 __DUMMY__ 0.0025582776467037477	false	1.0
N1755	opposes 1.0	opposes 1.0	opposes 0.7265568512243522 favors 0.2708905216610525 __DUMMY__ 0.002552627114595257	false	1.0
N2602	favors 1.0	favors 1.0	favors 0.7626373745484905 opposes 0.23488019745192698 __DUMMY__ 0.002482427999582535	false	1.0
N1756	opposes 1.0		favors 0.5179014012736421 opposes 0.47079274411148525 __DUMMY__ 0.01130585461487274	true	0.5
N2603	favors 1.0	favors 1.0	favors 0.7444849280685726 opposes 0.2531243854597437 __DUMMY__ 0.0023906864716838607	false	1.0
N2608	opposes 1.0	opposes 1.0	opposes 0.7231025673205208 favors 0.27448990587801514 __DUMMY__ 0.0024075268014640406	false	1.0
N2609	opposes 1.0		favors 0.5530479245467812 opposes 0.43518425181877757 __DUMMY__ 0.01176782363444134	true	0.5
N1759	favors 1.0	favors 1.0	favors 0.7614871396860676 opposes 0.23606312229685428 __DUMMY__ 0.0024497380170780633	false	1.0
N2606	opposes 1.0	opposes 1.0	opposes 0.7097380031700627 favors 0.2878962105162218 __DUMMY__ 0.002365786313715479	false	1.0
N2607	opposes 1.0	opposes 1.0	opposes 0.7072153482136982 favors 0.29053768428351673 __DUMMY__ 0.002246967502785064	false	1.0
N923	favors 1.0	favors 1.0	favors 0.7422734044252959 opposes 0.25524671104622954 __DUMMY__ 0.002479884528474692	false	1.0
N924	favors 1.0	favors 1.0	favors 0.7651285762496933 opposes 0.23221139791429923 __DUMMY__ 0.002660025836007484	false	1.0
N925	favors 1.0	favors 1.0	favors 0.7589964046433495 opposes 0.2385089350517853 __DUMMY__ 0.0024946603048652195	false	1.0
N926	opposes 1.0	opposes 1.0	opposes 0.7204649787277949 favors 0.27695779232688406 __DUMMY__ 0.002577228945321101	false	1.0
N1342	opposes 1.0	opposes 1.0	opposes 0.7108534837615367 favors 0.2870672294790938 __DUMMY__ 0.0020792867593694762	false	1.0
N920	opposes 1.0	opposes 1.0	opposes 0.7155808999953275 favors 0.28179599878790834 __DUMMY__ 0.0026231012167641943	false	1.0
N1343	favors 1.0	favors 1.0	favors 0.7631478585639061 opposes 0.2347205988035935 __DUMMY__ 0.0021315426325004415	false	1.0
N921	favors 1.0	favors 1.0	favors 0.7556181309113608 opposes 0.2419451005914437 __DUMMY__ 0.00243676849719557	false	1.0
N1340	favors 1.0	favors 1.0	favors 0.7623354095165692 opposes 0.23539164232214013 __DUMMY__ 0.0022729481612907177	false	1.0
N922	favors 1.0		favors 0.5437350592992644 opposes 0.44495628506472845 __DUMMY__ 0.011308655636007109	true	1.0
N1341	opposes 1.0	opposes 1.0	opposes 0.7176409204583127 favors 0.28001039180178666 __DUMMY__ 0.0023486877399005778	false	1.0
N1346	opposes 1.0	opposes 1.0	opposes 0.7302734668150807 favors 0.26754528256023724 __DUMMY__ 0.0021812506246821324	false	1.0
N1347	opposes 1.0	opposes 1.0	opposes 0.7160292270843476 favors 0.2817861739803712 __DUMMY__ 0.002184598935281171	false	1.0
N1344	favors 1.0	favors 1.0	favors 0.7587550028855482 opposes 0.23890312348382395 __DUMMY__ 0.0023418736306278173	false	1.0
N1345	favors 1.0	favors 1.0	favors 0.7798814580434151 opposes 0.21796091052474467 __DUMMY__ 0.00215763143184025	false	1.0
N927	opposes 1.0		favors 0.5286407314003174 opposes 0.4600694194172852 __DUMMY__ 0.011289849182397423	true	0.5
N928	favors 1.0		favors 0.546416677425858 opposes 0.4421944391259017 __DUMMY__ 0.011388883448240263	true	1.0
N929	favors 1.0	favors 1.0	favors 0.7554828368551374 opposes 0.24195454175519596 __DUMMY__ 0.002562621389666588	false	1.0
N1348	favors 1.0	favors 1.0	favors 0.7655071420384372 opposes 0.23220806104153938 __DUMMY__ 0.0022847969200234706	false	1.0
N1349	opposes 1.0	opposes 1.0	opposes 0.7156431906100071 favors 0.2821566152897945 __DUMMY__ 0.0022001941001983504	false	1.0
N912	favors 1.0		favors 0.5519047365988436 opposes 0.43647079931618304 __DUMMY__ 0.011624464084973384	true	1.0
N913	favors 1.0		favors 0.5092191932894029 opposes 0.47911679977454774 __DUMMY__ 0.01166400693604936	true	1.0
N914	opposes 1.0		favors 0.5326696036978842 opposes 0.45552119031093224 __DUMMY__ 0.01180920599118364	true	0.5
N915	favors 1.0	favors 1.0	favors 0.7377566181444597 opposes 0.25962201995655554 __DUMMY__ 0.002621361898984809	false	1.0
N1331	favors 1.0		favors 0.5227589208341488 opposes 0.4661747377766408 __DUMMY__ 0.011066341389210393	true	1.0
N1332	opposes 1.0	opposes 1.0	opposes 0.7214612567857046 favors 0.27630302306853327 __DUMMY__ 0.002235720145762167	false	1.0
N910	opposes 1.0	opposes 1.0	opposes 0.713450227712206 favors 0.2838217265302291 __DUMMY__ 0.0027280457575648634	false	1.0
N911	favors 1.0		favors 0.5416225043886651 opposes 0.4466144315358049 __DUMMY__ 0.011763064075529982	true	1.0
N1330	favors 1.0	favors 1.0	favors 0.7658780878544793 opposes 0.231798534214706 __DUMMY__ 0.002323377930814695	false	1.0
N1335	favors 1.0	favors 1.0	favors 0.7656541191336866 opposes 0.2322194389872507 __DUMMY__ 0.0021264418790626033	false	1.0
N1336	opposes 1.0	opposes 1.0	opposes 0.7128161950306727 favors 0.28477500824242774 __DUMMY__ 0.0024087967268995015	false	1.0
N1333	favors 1.0	favors 1.0	favors 0.7681592985542132 opposes 0.22951054063941934 __DUMMY__ 0.0023301608063674745	false	1.0
N1334	favors 1.0	favors 1.0	favors 0.7498140545878273 opposes 0.24794361012304525 __DUMMY__ 0.0022423352891274353	false	1.0
N916	opposes 1.0	opposes 1.0	opposes 0.7240024432468836 favors 0.27354842383598305 __DUMMY__ 0.0024491329171335116	false	1.0
N1339	favors 1.0		favors 0.5639897375915152 opposes 0.4245364346650862 __DUMMY__ 0.011473827743398541	true	1.0
N917	opposes 1.0	opposes 1.0	opposes 0.6987582708047323 favors 0.29869201173281895 __DUMMY__ 0.0025497174624487754	false	1.0
N918	opposes 1.0	opposes 1.0	opposes 0.717002875246819 favors 0.2805392847624369 __DUMMY__ 0.002457839990744068	false	1.0
N1337	favors 1.0	favors 1.0	favors 0.7589503649068169 opposes 0.2388400829511678 __DUMMY__ 0.0022095521420153197	false	1.0
N919	favors 1.0	favors 1.0	favors 0.7624565769479286 opposes 0.2352058099981794 __DUMMY__ 0.002337613053892064	false	1.0
N1338	favors 1.0	favors 1.0	favors 0.7616727272130279 opposes 0.2362360431908006 __DUMMY__ 0.0020912295961714425	false	1.0
N940	opposes 1.0	opposes 1.0	opposes 0.7189796340383531 favors 0.27824902615088803 __DUMMY__ 0.0027713398107588614	false	1.0
N945	favors 1.0	favors 1.0	favors 0.7481450835846349 opposes 0.2491772582434531 __DUMMY__ 0.0026776581719119394	false	1.0
N946	opposes 1.0		favors 0.5056717324022957 opposes 0.4824585157413118 __DUMMY__ 0.011869751856392599	true	0.5
N947	opposes 1.0	opposes 1.0	opposes 0.7175397210588077 favors 0.2799403008913316 __DUMMY__ 0.0025199780498606265	false	1.0
N948	favors 1.0	favors 1.0	favors 0.7455899666326505 opposes 0.2516819876097846 __DUMMY__ 0.002728045757564861	false	1.0
N941	favors 1.0	favors 1.0	favors 0.7453778025646153 opposes 0.2519847827494718 __DUMMY__ 0.0026374146859129326	false	1.0
N1320	favors 1.0	favors 1.0	favors 0.7428529272055947 opposes 0.25486649241326176 __DUMMY__ 0.0022805803811435156	false	1.0
N942	favors 1.0	favors 1.0	favors 0.7474735296184267 opposes 0.24997828836347225 __DUMMY__ 0.002548182018100994	false	1.0
N1321	favors 1.0	favors 1.0	favors 0.769758315549587 opposes 0.22775715081613188 __DUMMY__ 0.002484533634281171	false	1.0
N943	favors 1.0	favors 1.0	favors 0.7350812961108787 opposes 0.26224355339304034 __DUMMY__ 0.002675150496080909	false	1.0
N944	opposes 1.0	opposes 1.0	opposes 0.7052756162052845 favors 0.2919093099383702 __DUMMY__ 0.0028150738563452473	false	1.0
N1324	opposes 1.0	opposes 1.0	opposes 0.7102766157459982 favors 0.28763573496352574 __DUMMY__ 0.0020876492904761406	false	1.0
N1325	favors 1.0	favors 1.0	favors 0.7631631487081059 opposes 0.2346876478621395 __DUMMY__ 0.0021492034297546244	false	1.0
N1322	favors 1.0	favors 1.0	favors 0.7622504285869475 opposes 0.2354409939652705 __DUMMY__ 0.0023085774477820736	false	1.0
N1323	opposes 1.0	opposes 1.0	opposes 0.7178574193374716 favors 0.2797453061132307 __DUMMY__ 0.002397274549297674	false	1.0
N949	favors 1.0	favors 1.0	favors 0.7553589556932291 opposes 0.24198774084973454 __DUMMY__ 0.0026533034570362978	false	1.0
N1328	opposes 1.0	opposes 1.0	opposes 0.7322352376566081 favors 0.26556149967935017 __DUMMY__ 0.0022032626640415736	false	1.0
N1329	opposes 1.0	opposes 1.0	opposes 0.7160913427282691 favors 0.28170113190385676 __DUMMY__ 0.002207525367874057	false	1.0
N1326	favors 1.0	favors 1.0	favors 0.7582251610060582 opposes 0.23938825700204852 __DUMMY__ 0.0023865819918933726	false	1.0
N1327	favors 1.0	favors 1.0	favors 0.7823073927117775 opposes 0.21551355312338932 __DUMMY__ 0.002179054164833166	false	1.0
N934	favors 1.0	favors 1.0	favors 0.7619918115954109 opposes 0.235494694634135 __DUMMY__ 0.002513493770454198	false	1.0
N935	opposes 1.0		favors 0.5191294090741513 opposes 0.4693645042077216 __DUMMY__ 0.011506086718127306	true	0.5
N1790	opposes 1.0	opposes 1.0	opposes 0.727845989274331 favors 0.2693573343941702 __DUMMY__ 0.0027966763314988103	false	1.0
N936	opposes 1.0	opposes 1.0	opposes 0.7254540731243374 favors 0.2719105842606802 __DUMMY__ 0.002635342614982441	false	1.0
N937	opposes 1.0	opposes 1.0	opposes 0.7062609933369074 favors 0.291020978119298 __DUMMY__ 0.002718028543794615	false	1.0
N930	favors 1.0	favors 1.0	favors 0.7682593934269751 opposes 0.22927475901862918 __DUMMY__ 0.0024658475543957565	false	1.0
N1793	opposes 1.0		favors 0.4999415129280652 opposes 0.4877321458634309 __DUMMY__ 0.012326341208503818	true	0.5
N931	opposes 1.0		favors 0.5769409787004 opposes 0.41162993774129897 __DUMMY__ 0.011429083558301224	true	0.5
N1310	opposes 1.0	opposes 1.0	opposes 0.7468000716971782 favors 0.25098455587037577 __DUMMY__ 0.0022153724324459867	false	1.0
N1794	opposes 1.0		favors 0.515967655715598 opposes 0.4722447787649159 __DUMMY__ 0.011787565519486173	true	0.5
N932	opposes 1.0	opposes 1.0	opposes 0.7326670616248894 favors 0.26493484807560713 __DUMMY__ 0.002398090299503437	false	1.0
N1791	favors 1.0	favors 1.0	favors 0.7578593968138629 opposes 0.23914170155389902 __DUMMY__ 0.0029989016322380857	false	1.0
N933	opposes 1.0	opposes 1.0	opposes 0.7187354268995388 favors 0.2788606492454458 __DUMMY__ 0.002403923855015331	false	1.0
N1792	favors 1.0	favors 1.0	favors 0.7520428375593349 opposes 0.24516091959098982 __DUMMY__ 0.002796242849675285	false	1.0
N1313	opposes 1.0		favors 0.5110277277215247 opposes 0.47780921045244423 __DUMMY__ 0.011163061826031053	true	0.5
N1797	favors 1.0		favors 0.5504367387632801 opposes 0.4374352976440014 __DUMMY__ 0.012127963592718496	true	1.0
N1314	favors 1.0	favors 1.0	favors 0.7688864087499261 opposes 0.22874039279295225 __DUMMY__ 0.0023731984571217332	false	1.0
N1798	opposes 1.0	opposes 1.0	opposes 0.6923538750242796 favors 0.30493935708343317 __DUMMY__ 0.0027067678922872264	false	1.0
N1311	opposes 1.0	opposes 1.0	opposes 0.7301231089184251 favors 0.2676568712842592 __DUMMY__ 0.0022200197973156217	false	1.0
N1795	opposes 1.0		favors 0.5333044640599823 opposes 0.4547503985131789 __DUMMY__ 0.011945137426838661	true	0.5
N1312	opposes 1.0	opposes 1.0	opposes 0.7298802767119138 favors 0.2678805999638885 __DUMMY__ 0.0022391233241976526	false	1.0
N1796	favors 1.0	favors 1.0	favors 0.7483497638531532 opposes 0.24878208401201451 __DUMMY__ 0.0028681521348322093	false	1.0
N938	opposes 1.0		favors 0.5118287946191704 opposes 0.47642070613184123 __DUMMY__ 0.011750499248988385	true	0.5
N1317	opposes 1.0	opposes 1.0	opposes 0.7124580860377819 favors 0.2850804133541834 __DUMMY__ 0.002461500608034703	false	1.0
N939	favors 1.0	favors 1.0	favors 0.7515708414656441 opposes 0.24588321365689564 __DUMMY__ 0.002545944877460349	false	1.0
N1318	favors 1.0	favors 1.0	favors 0.7583769172515135 opposes 0.2393858608635056 __DUMMY__ 0.0022372218849809103	false	1.0
N1315	opposes 1.0	opposes 1.0	opposes 0.7141522264132982 favors 0.2835754303265373 __DUMMY__ 0.002272343260164388	false	1.0
N1799	opposes 1.0	opposes 1.0	opposes 0.7398727925257234 favors 0.2574419224304192 __DUMMY__ 0.0026852850438575044	false	1.0
N1316	favors 1.0	favors 1.0	favors 0.7660622444900371 opposes 0.23179739522315704 __DUMMY__ 0.0021403602868058287	false	1.0
N1319	opposes 1.0	opposes 1.0	opposes 0.7001834432586928 favors 0.29771437729648453 __DUMMY__ 0.002102179444822738	false	1.0
N960	favors 1.0	favors 1.0	favors 0.7614828122446922 opposes 0.23587014278244156 __DUMMY__ 0.0026470449728663	false	1.0
N961	favors 1.0	favors 1.0	favors 0.743720919772359 opposes 0.25353780333175935 __DUMMY__ 0.002741276895881693	false	1.0
N962	opposes 1.0	opposes 1.0	opposes 0.7115252589997567 favors 0.286043493028638 __DUMMY__ 0.0024312479716052473	false	1.0
N967	opposes 1.0		favors 0.5558793938735357 opposes 0.432161224121403 __DUMMY__ 0.011959382005061395	true	0.5
N1382	favors 1.0		favors 0.5961264072340936 opposes 0.3924970279824797 __DUMMY__ 0.011376564783426649	true	1.0
N968	favors 1.0	favors 1.0	favors 0.7467429523154959 opposes 0.250688268577715 __DUMMY__ 0.0025687791067892075	false	1.0
N1383	opposes 1.0	opposes 1.0	opposes 0.7206638032431787 favors 0.276981378364032 __DUMMY__ 0.002354818392789237	false	1.0
N2230	opposes 1.0	opposes 1.0	opposes 0.7119555902548219 favors 0.2856264677319659 __DUMMY__ 0.00241794201321215	false	1.0
N969	favors 1.0	favors 1.0	favors 0.7460291426346335 opposes 0.2516684518815361 __DUMMY__ 0.002302405483830401	false	1.0
N1380	favors 1.0		favors 0.5589955733325795 opposes 0.4293011433685995 __DUMMY__ 0.011703283298820978	true	1.0
N1381	favors 1.0	favors 1.0	favors 0.7788470782281571 opposes 0.21873564996070136 __DUMMY__ 0.002417271811141364	false	1.0
N963	opposes 1.0	opposes 1.0	opposes 0.7004428213690554 favors 0.2970315434833033 __DUMMY__ 0.00252563514764123	false	1.0
N1386	opposes 1.0	opposes 1.0	opposes 0.7070525077401628 favors 0.2905713623204418 __DUMMY__ 0.0023761299393953244	false	1.0
N2233	favors 1.0	favors 1.0	favors 0.7508762331142204 opposes 0.24660773328049057 __DUMMY__ 0.002516033605288977	false	1.0
N964	favors 1.0	favors 1.0	favors 0.7797657694579824 opposes 0.2176864505175388 __DUMMY__ 0.002547780024478796	false	1.0
N1387	opposes 1.0	opposes 1.0	opposes 0.726081565271134 favors 0.2712936822669781 __DUMMY__ 0.002624752461887912	false	1.0
N2234	favors 1.0	favors 1.0	favors 0.7584861741609065 opposes 0.2392739226787841 __DUMMY__ 0.002239903160309323	false	1.0
N965	favors 1.0		favors 0.49423564501514317 opposes 0.4940315351880356 __DUMMY__ 0.011732819796821168	true	1.0
N1384	favors 1.0	favors 1.0	favors 0.7569167169832882 opposes 0.24072352901986124 __DUMMY__ 0.002359753996850579	false	1.0
N2231	favors 1.0		favors 0.5738462076472769 opposes 0.41436262533773477 __DUMMY__ 0.011791167014988247	true	1.0
N966	favors 1.0		favors 0.5215906457671665 opposes 0.4666698810052052 __DUMMY__ 0.011739473227628352	true	1.0
N1385	favors 1.0	favors 1.0	favors 0.7734172219925456 opposes 0.22412303547706697 __DUMMY__ 0.0024597425303874796	false	1.0
N2232	opposes 1.0	opposes 1.0	opposes 0.696089285098548 favors 0.30147505489139165 __DUMMY__ 0.00243566001006033	false	1.0
N2237	opposes 1.0	opposes 1.0	opposes 0.6873007273102043 favors 0.3102919711948514 __DUMMY__ 0.00240730149494427	false	1.0
N2238	favors 1.0	favors 1.0	favors 0.7847412888516611 opposes 0.21292718575247938 __DUMMY__ 0.002331525395859578	false	1.0
N1388	opposes 1.0		favors 0.5550384224090853 opposes 0.43290347362678394 __DUMMY__ 0.012058103964130724	true	0.5
N2235	favors 1.0	favors 1.0	favors 0.7684306117853476 opposes 0.22926125741014686 __DUMMY__ 0.002308130804505582	false	1.0
N1389	opposes 1.0	opposes 1.0	opposes 0.7183533823003941 favors 0.2790101587240808 __DUMMY__ 0.002636458975525133	false	1.0
N2236	opposes 1.0		favors 0.5536757123777541 opposes 0.4346586941108845 __DUMMY__ 0.011665593511361374	true	0.5
N2239	favors 1.0	favors 1.0	favors 0.7392396465196425 opposes 0.25841951105206745 __DUMMY__ 0.0023408424282901465	false	1.0
N950	opposes 1.0		opposes 0.49847318619946873 favors 0.4898623142286812 __DUMMY__ 0.011664499571849998	true	1.0
N951	opposes 1.0	opposes 1.0	opposes 0.7213505902995394 favors 0.27604393158034723 __DUMMY__ 0.0026054781201133095	false	1.0
N956	favors 1.0		favors 0.5274459322234935 opposes 0.46037953425516265 __DUMMY__ 0.012174533521343962	true	1.0
N1371	opposes 1.0	opposes 1.0	opposes 0.7045804985007871 favors 0.2928546174121535 __DUMMY__ 0.002564884087059309	false	1.0
N957	opposes 1.0	opposes 1.0	opposes 0.7050228414413444 favors 0.2923887370763421 __DUMMY__ 0.0025884214823135685	false	1.0
N1372	favors 1.0	favors 1.0	favors 0.7673355589506422 opposes 0.23027567022711384 __DUMMY__ 0.0023887708222439814	false	1.0
N958	opposes 1.0		favors 0.548452684151558 opposes 0.43997631985471314 __DUMMY__ 0.011570995993728905	true	0.5
N959	opposes 1.0	opposes 1.0	opposes 0.7188656686417976 favors 0.2784949379108056 __DUMMY__ 0.002639393447396821	false	1.0
N1370	favors 1.0	favors 1.0	favors 0.7728805258642968 opposes 0.22482002765186687 __DUMMY__ 0.002299446483836371	false	1.0
N952	opposes 1.0	opposes 1.0	opposes 0.7210891197786586 favors 0.27628951832235654 __DUMMY__ 0.0026213618989848093	false	1.0
N1375	favors 1.0	favors 1.0	favors 0.77690686877681 opposes 0.2205001016606798 __DUMMY__ 0.0025930295625101766	false	1.0
N2222	opposes 1.0	opposes 1.0	opposes 0.7272978867289787 favors 0.2705295064047252 __DUMMY__ 0.002172606866296083	false	1.0
N953	favors 1.0		favors 0.5113787974222431 opposes 0.4767838135314778 __DUMMY__ 0.01183738904627911	true	1.0
N1376	favors 1.0	favors 1.0	favors 0.7702870109191619 opposes 0.22726930128274586 __DUMMY__ 0.0024436877980923153	false	1.0
N2223	favors 1.0	favors 1.0	favors 0.7479227486754987 opposes 0.24968474726818374 __DUMMY__ 0.0023925040563175107	false	1.0
N954	favors 1.0	favors 1.0	favors 0.7675565005085931 opposes 0.22973861509852764 __DUMMY__ 0.0027048843928792004	false	1.0
N1373	favors 1.0	favors 1.0	favors 0.769785400644334 opposes 0.22793472448913255 __DUMMY__ 0.0022798748665334434	false	1.0
N2220	opposes 1.0	opposes 1.0	opposes 0.7275520964675154 favors 0.2702916876217427 __DUMMY__ 0.002156215910741936	false	1.0
N955	favors 1.0	favors 1.0	favors 0.7484770687274205 opposes 0.2489199144432184 __DUMMY__ 0.002603016829361192	false	1.0
N1374	opposes 1.0	opposes 1.0	opposes 0.7085866165297006 favors 0.28898586487256894 __DUMMY__ 0.0024275185977303934	false	1.0
N2221	favors 1.0	favors 1.0	favors 0.7537945732569811 opposes 0.24394267838752107 __DUMMY__ 0.002262748355497996	false	1.0
N1379	favors 1.0	favors 1.0	favors 0.7715110009265147 opposes 0.22616342293659816 __DUMMY__ 0.0023255761368870622	false	1.0
N2226	opposes 1.0		favors 0.5652630803405189 opposes 0.42346262995722667 __DUMMY__ 0.011274289702254404	true	0.5
N2227	favors 1.0	favors 1.0	favors 0.7560520679472452 opposes 0.2413825896100185 __DUMMY__ 0.002565342442736269	false	1.0
N1377	opposes 1.0		favors 0.5374561177883278 opposes 0.45085099535764295 __DUMMY__ 0.011692886854029397	true	0.5
N2224	favors 1.0	favors 1.0	favors 0.77299733270028 opposes 0.2245116869289657 __DUMMY__ 0.002490980370754283	false	1.0
N1378	favors 1.0	favors 1.0	favors 0.7619100391226762 opposes 0.2358296713145487 __DUMMY__ 0.0022602895627751346	false	1.0
N2225	favors 1.0	favors 1.0	favors 0.7548909990100513 opposes 0.24270837863222508 __DUMMY__ 0.0024006223577235945	false	1.0
N2228	opposes 1.0	opposes 1.0	opposes 0.699168905020616 favors 0.2984544264133983 __DUMMY__ 0.002376668565985729	false	1.0
N2229	opposes 1.0		favors 0.5594469341667345 opposes 0.4293575154472267 __DUMMY__ 0.011195550386038835	true	0.5
N981	favors 1.0		favors 0.5946300263605745 opposes 0.39426524676977076 __DUMMY__ 0.011104726869654776	true	1.0
N982	opposes 1.0	opposes 1.0	opposes 0.7269270590239183 favors 0.27082670332640596 __DUMMY__ 0.0022462376496757913	false	1.0
N983	favors 1.0	favors 1.0	favors 0.7514813497279333 opposes 0.24626806452430708 __DUMMY__ 0.0022505857477596015	false	1.0
N500	favors 1.0		favors 0.5445918590077395 opposes 0.44375390131242104 __DUMMY__ 0.01165423967983933	true	1.0
N984	favors 1.0	favors 1.0	favors 0.7701521130153055 opposes 0.22748854002911398 __DUMMY__ 0.0023593469555805574	false	1.0
N980	opposes 1.0	opposes 1.0	opposes 0.700513450115077 favors 0.29706982630846307 __DUMMY__ 0.0024167235764598984	false	1.0
N505	favors 1.0	favors 1.0	favors 0.7774814881642246 opposes 0.22009987471245832 __DUMMY__ 0.002418637123317217	false	1.0
N989	favors 1.0	favors 1.0	favors 0.7528139173224818 opposes 0.24496396474631862 __DUMMY__ 0.002222117931199495	false	1.0
N1360	favors 1.0	favors 1.0	favors 0.7662995581322114 opposes 0.2312474254617243 __DUMMY__ 0.002453016406064223	false	1.0
N506	opposes 1.0		opposes 0.502393625122871 favors 0.48613718141468776 __DUMMY__ 0.011469193462441279	true	1.0
N1361	opposes 1.0		favors 0.5496836773757314 opposes 0.43838642630092456 __DUMMY__ 0.011929896323344033	true	0.5
N507	opposes 1.0	opposes 1.0	opposes 0.7200350624284788 favors 0.2775368178980266 __DUMMY__ 0.00242811967349451	false	1.0
N508	opposes 1.0	opposes 1.0	opposes 0.7002804706933214 favors 0.2971657081951529 __DUMMY__ 0.002553821111525611	false	1.0
N501	opposes 1.0		favors 0.509929741379909 opposes 0.4782707529981382 __DUMMY__ 0.011799505621952765	true	0.5
N985	favors 1.0	favors 1.0	favors 0.7518298144850424 opposes 0.24590238143478813 __DUMMY__ 0.0022678040801694514	false	1.0
N1364	favors 1.0		favors 0.5288454766292073 opposes 0.4595461746073582 __DUMMY__ 0.011608348763434511	true	1.0
N2211	favors 1.0	favors 1.0	favors 0.7498864557216277 opposes 0.2480590010175551 __DUMMY__ 0.0020545432608172335	false	1.0
N502	opposes 1.0		favors 0.5263129705134603 opposes 0.4624221836060548 __DUMMY__ 0.011264845880484932	true	0.5
N986	opposes 1.0	opposes 1.0	opposes 0.7343742226853036 favors 0.26329028387032827 __DUMMY__ 0.00233549344436816	false	1.0
N1365	favors 1.0	favors 1.0	favors 0.7686450157414945 opposes 0.22875411388071593 __DUMMY__ 0.002600870377789703	false	1.0
N2212	favors 1.0	favors 1.0	favors 0.7318412168134119 opposes 0.26593776859422197 __DUMMY__ 0.002221014592366222	false	1.0
N503	favors 1.0	favors 1.0	favors 0.7542707329533521 opposes 0.24312145808572846 __DUMMY__ 0.0026078089609194435	false	1.0
N987	opposes 1.0	opposes 1.0	opposes 0.7085227466917188 favors 0.28904156377819723 __DUMMY__ 0.002435689530084033	false	1.0
N1362	favors 1.0		favors 0.5745645325348808 opposes 0.41369444697866325 __DUMMY__ 0.011741020486455972	true	1.0
N504	favors 1.0		favors 0.5636343266466652 opposes 0.424752306156192 __DUMMY__ 0.011613367197142548	true	1.0
N988	opposes 1.0	opposes 1.0	opposes 0.7272118905646205 favors 0.2704447734800304 __DUMMY__ 0.002343335955349025	false	1.0
N1363	opposes 1.0		favors 0.5016292282583584 opposes 0.48676743716531606 __DUMMY__ 0.0116033345763256	true	0.5
N2210	favors 1.0	favors 1.0	favors 0.7468840883895311 opposes 0.25093389853878906 __DUMMY__ 0.0021820130716797147	false	1.0
N1368	favors 1.0	favors 1.0	favors 0.7755791784529669 opposes 0.2219254205601415 __DUMMY__ 0.002495400986891605	false	1.0
N2215	opposes 1.0	opposes 1.0	opposes 0.729998465699614 favors 0.2676696406263996 __DUMMY__ 0.002331893673986501	false	1.0
N1369	favors 1.0	favors 1.0	favors 0.7585665883390716 opposes 0.23902263944960786 __DUMMY__ 0.0024107722113204627	false	1.0
N2216	opposes 1.0	opposes 1.0	opposes 0.7217875414128168 favors 0.276168901206286 __DUMMY__ 0.0020435573808972743	false	1.0
N1366	favors 1.0	favors 1.0	favors 0.7506154585052291 opposes 0.24688361773017758 __DUMMY__ 0.002500923764593301	false	1.0
N2213	opposes 1.0	opposes 1.0	opposes 0.7048003018533061 favors 0.2927890532700162 __DUMMY__ 0.002410644876677769	false	1.0
N1367	opposes 1.0		favors 0.5308880762306625 opposes 0.4575963304710951 __DUMMY__ 0.01151559329824237	true	0.5
N2214	favors 1.0	favors 1.0	favors 0.7507791404582534 opposes 0.24697004909421696 __DUMMY__ 0.002250810447529525	false	1.0
N509	opposes 1.0	opposes 1.0	opposes 0.7196676560218663 favors 0.2778834839204745 __DUMMY__ 0.0024488600576590973	false	1.0
N2219	opposes 1.0	opposes 1.0	opposes 0.742716741820349 favors 0.2551303390700246 __DUMMY__ 0.00215291910962648	false	1.0
N2217	favors 1.0		favors 0.5229390141816265 opposes 0.4657581542781205 __DUMMY__ 0.011302831540253083	true	1.0
N2218	favors 1.0	favors 1.0	favors 0.7690640427738162 opposes 0.22881104714127856 __DUMMY__ 0.0021249100849052385	false	1.0
N970	favors 1.0	favors 1.0	favors 0.7727494195747648 opposes 0.22484658629026855 __DUMMY__ 0.0024039941349665523	false	1.0
N971	favors 1.0	favors 1.0	favors 0.753439766819725 opposes 0.24425015753299742 __DUMMY__ 0.002310075647277604	false	1.0
N972	opposes 1.0	opposes 1.0	opposes 0.6943781721882636 favors 0.3034350014805872 __DUMMY__ 0.0021868263311492476	false	1.0
N973	favors 1.0	favors 1.0	favors 0.7546642064113442 opposes 0.2428508502620381 __DUMMY__ 0.002484943326617589	false	1.0
N978	favors 1.0	favors 1.0	favors 0.7572838832248131 opposes 0.24057690984124236 __DUMMY__ 0.0021392069339446007	false	1.0
N979	favors 1.0	favors 1.0	favors 0.7678334411593918 opposes 0.22996559936723127 __DUMMY__ 0.002200959473376942	false	1.0
N1350	favors 1.0	favors 1.0	favors 0.7449362226606697 opposes 0.2525372408819255 __DUMMY__ 0.0025265364574048373	false	1.0
N974	opposes 1.0	opposes 1.0	opposes 0.6998093327068367 favors 0.2979111932955178 __DUMMY__ 0.002279473997645459	false	1.0
N1353	favors 1.0		favors 0.5346345807149048 opposes 0.4533252238868627 __DUMMY__ 0.012040195398232588	true	1.0
N2200	favors 1.0	favors 1.0	favors 0.774456328689373 opposes 0.22292238403933454 __DUMMY__ 0.002621287271292521	false	1.0
N975	opposes 1.0	opposes 1.0	opposes 0.6972092151464693 favors 0.3006356756008917 __DUMMY__ 0.002155109252638914	false	1.0
N1354	opposes 1.0	opposes 1.0	opposes 0.7010411755361033 favors 0.29644021625904937 __DUMMY__ 0.002518608204847231	false	1.0
N2201	opposes 1.0		favors 0.50369840762698 opposes 0.484526327168417 __DUMMY__ 0.011775265204602915	true	0.5
N976	favors 1.0		favors 0.5738300342843997 opposes 0.4145567258357204 __DUMMY__ 0.011613239879879994	true	1.0
N1351	favors 1.0	favors 1.0	favors 0.7712677830995356 opposes 0.22609643163114324 __DUMMY__ 0.002635785269321119	false	1.0
N977	favors 1.0	favors 1.0	favors 0.7490264480820596 opposes 0.2485466448215431 __DUMMY__ 0.002426907096397236	false	1.0
N1352	opposes 1.0	opposes 1.0	opposes 0.695575486319887 favors 0.3020169238764594 __DUMMY__ 0.0024075898036536054	false	1.0
N1357	favors 1.0	favors 1.0	favors 0.7723403600567441 opposes 0.2248983601667397 __DUMMY__ 0.002761279776516239	false	1.0
N2204	opposes 1.0	opposes 1.0	opposes 0.7125160559309632 favors 0.28490627758747517 __DUMMY__ 0.0025776664815616553	false	1.0
N1358	favors 1.0	favors 1.0	favors 0.7477914536356093 opposes 0.2495396771120707 __DUMMY__ 0.00266886925231989	false	1.0
