N1742	opposes 1.0	opposes 1.0	opposes 0.7272730100410764 favors 0.2614224947863405 __DUMMY__ 0.01130449517258311	false	1.0
N1743	favors 1.0		favors 0.5213935215676325 opposes 0.45160996615483073 __DUMMY__ 0.026996512277536803	true	1.0
N1740	opposes 1.0		favors 0.6100978577433395 opposes 0.3642282200774058 __DUMMY__ 0.025673922179254724	true	0.5
N1741	opposes 1.0		opposes 0.563061957950212 favors 0.41061468702755993 __DUMMY__ 0.026323355022228177	true	1.0
N1746	opposes 1.0	opposes 1.0	opposes 0.6997963492064037 favors 0.2897762906005909 __DUMMY__ 0.01042736019300541	false	1.0
N1747	opposes 1.0		favors 0.5004012385849625 opposes 0.472006024305964 __DUMMY__ 0.02759273710907336	true	0.5
N1744	opposes 1.0		favors 0.4971465446857105 opposes 0.477580669572652 __DUMMY__ 0.0252727857416376	true	0.5
N1745	opposes 1.0	opposes 1.0	opposes 0.7538911637692062 favors 0.23598836342759022 __DUMMY__ 0.010120472803203615	false	1.0
N1748	favors 1.0	favors 1.0	favors 0.7488316625144971 opposes 0.240856290184734 __DUMMY__ 0.010312047300769001	false	1.0
N1749	opposes 1.0		favors 0.4990733752699901 opposes 0.47269189156089814 __DUMMY__ 0.028234733169111608	true	0.5
N1731	favors 1.0		opposes 0.5234830155376731 favors 0.45176784503862016 __DUMMY__ 0.024749139423706924	true	0.5
N1732	favors 1.0	favors 1.0	favors 0.750859579196128 opposes 0.23958072674382164 __DUMMY__ 0.00955969406005028	false	1.0
N1730	opposes 1.0		favors 0.4989060208519789 opposes 0.47282088911636344 __DUMMY__ 0.02827309003165771	true	0.5
N1735	opposes 1.0	opposes 1.0	opposes 0.7489346481766684 favors 0.2388729451181171 __DUMMY__ 0.012192406705214487	false	1.0
N1736	opposes 1.0		opposes 0.48762744838669947 favors 0.48692001289675807 __DUMMY__ 0.025452538716542378	true	1.0
N1733	favors 1.0	favors 1.0	favors 0.79424508821349 opposes 0.19485007727259726 __DUMMY__ 0.010904834513912623	false	1.0
N1734	favors 1.0	favors 1.0	favors 0.7511984699605871 opposes 0.23760350064863608 __DUMMY__ 0.011198029390776807	false	1.0
N1739	favors 1.0		favors 0.5513569688885648 opposes 0.42127033896639887 __DUMMY__ 0.027372692145036424	true	1.0
N1737	favors 1.0		favors 0.548254357750982 opposes 0.425370108239448 __DUMMY__ 0.02637553400956997	true	1.0
N1738	favors 1.0		favors 0.5176734918705526 opposes 0.4546953763920921 __DUMMY__ 0.027631131737355357	true	1.0
N1720	favors 1.0		favors 0.551003780518225 opposes 0.42165095023669275 __DUMMY__ 0.027345269245082227	true	1.0
N1721	favors 1.0	favors 1.0	favors 0.7919646496776914 opposes 0.19788903790095466 __DUMMY__ 0.010146312421353956	false	1.0
N1724	favors 1.0	favors 1.0	favors 0.746067581243883 opposes 0.2431438183976073 __DUMMY__ 0.010788600358509813	false	1.0
N1725	favors 1.0		favors 0.4981790095158674 opposes 0.47652046244742813 __DUMMY__ 0.025300528036704316	true	1.0
N1722	opposes 1.0	opposes 1.0	opposes 0.7670735068044868 favors 0.22252819103548122 __DUMMY__ 0.010398302160032036	false	1.0
N1723	favors 1.0		favors 0.48643826371773047 opposes 0.4856632850576807 __DUMMY__ 0.027898451224588828	true	1.0
N1728	opposes 1.0		favors 0.5002960546780983 opposes 0.47210139460972433 __DUMMY__ 0.027602550712177237	true	0.5
N1729	favors 1.0	favors 1.0	favors 0.7490623927883665 opposes 0.24062934307419995 __DUMMY__ 0.010308264137433448	false	1.0
N1726	opposes 1.0	opposes 1.0	opposes 0.755111282917321 favors 0.23477979030378596 __DUMMY__ 0.010108926778893074	false	1.0
N1727	favors 1.0		favors 0.5403214297414859 opposes 0.43335677769209924 __DUMMY__ 0.02632179256641475	true	1.0
N1710	favors 1.0	favors 1.0	favors 0.7355551064775547 opposes 0.253382330245837 __DUMMY__ 0.011062563276608255	false	1.0
N1713	opposes 1.0	opposes 1.0	opposes 0.7454795241633297 favors 0.24489397546212074 __DUMMY__ 0.009626500374549473	false	1.0
N1714	opposes 1.0		favors 0.5315133780937532 opposes 0.4437878293307639 __DUMMY__ 0.02469879257548291	true	0.5
N1711	opposes 1.0		favors 0.5260007018128632 opposes 0.4477851236495755 __DUMMY__ 0.026214174537561256	true	0.5
N1712	favors 1.0		favors 0.49986530289195025 opposes 0.4719098340727044 __DUMMY__ 0.028224863035345323	true	1.0
N1717	favors 1.0		opposes 0.5268809274197108 favors 0.4438064340450571 __DUMMY__ 0.029312638535232208	true	0.5
N1718	favors 1.0		favors 0.48814213231447223 opposes 0.4863850346539366 __DUMMY__ 0.025472833031591213	true	1.0
N1715	opposes 1.0		opposes 0.5136143955602299 favors 0.45856514581963576 __DUMMY__ 0.027820458620134433	true	1.0
N1716	opposes 1.0		favors 0.5319134532432521 opposes 0.4404148523414183 __DUMMY__ 0.0276716944153295	true	0.5
N1719	favors 1.0	favors 1.0	favors 0.7596448291658059 opposes 0.22985226261833172 __DUMMY__ 0.010502908215862368	false	1.0
N1782	favors 1.0	favors 1.0	favors 0.7334346757221204 opposes 0.2566880552938265 __DUMMY__ 0.009877268984053087	false	1.0
N1783	opposes 1.0		opposes 0.5370646847597443 favors 0.43709336691624967 __DUMMY__ 0.025841948324005982	true	1.0
N1780	favors 1.0		favors 0.48624312921278584 opposes 0.485863500492435 __DUMMY__ 0.027893370294779157	true	1.0
N1781	favors 1.0	favors 1.0	favors 0.7458223190440352 opposes 0.243394407058615 __DUMMY__ 0.010783273897349744	false	1.0
N1302	opposes 1.0	opposes 1.0	opposes 0.6594569514351133 favors 0.3296584536156384 __DUMMY__ 0.010884594949248368	false	1.0
N1786	favors 1.0	favors 1.0	favors 0.7482076457896272 opposes 0.24147660112426245 __DUMMY__ 0.010315753086110428	false	1.0
N1303	favors 1.0	favors 1.0	favors 0.7499772640987206 opposes 0.2388446794462288 __DUMMY__ 0.011178056455050607	false	1.0
N1787	opposes 1.0	opposes 1.0	opposes 0.7207839576382349 favors 0.26776995923741065 __DUMMY__ 0.011446083124354618	false	1.0
N1300	favors 1.0		opposes 0.5247707299012735 favors 0.45044138331965916 __DUMMY__ 0.024787886779067306	true	0.5
N1784	opposes 1.0	opposes 1.0	opposes 0.7001618491474093 favors 0.28940431708598935 __DUMMY__ 0.010433833766601364	false	1.0
N1301	favors 1.0		favors 0.5286971334712374 opposes 0.44661070773779304 __DUMMY__ 0.024692158790969553	true	1.0
N1785	opposes 1.0	opposes 1.0	opposes 0.7206394999642409 favors 0.26828190475239827 __DUMMY__ 0.011078595283360835	false	1.0
N1306	opposes 1.0		favors 0.5449953453430952 opposes 0.42861636994864966 __DUMMY__ 0.02638828470825508	true	0.5
N1307	favors 1.0		favors 0.5153057669904456 opposes 0.4570749743042127 __DUMMY__ 0.027619258705341605	true	1.0
N1304	opposes 1.0		opposes 0.53071499489986 favors 0.4399320257864094 __DUMMY__ 0.029352979313730668	true	1.0
N1788	opposes 1.0		opposes 0.5232180317068523 favors 0.45193258235400735 __DUMMY__ 0.024849385939140337	true	1.0
N1305	opposes 1.0		opposes 0.4893311260126648 favors 0.48519422204076346 __DUMMY__ 0.025474651946571704	true	1.0
N1789	favors 1.0		favors 0.5289195472641364 opposes 0.4463261128585697 __DUMMY__ 0.024754339877293956	true	1.0
N1308	favors 1.0		favors 0.5484931996887187 opposes 0.4241415890298947 __DUMMY__ 0.02736521128138665	true	1.0
N1309	opposes 1.0	opposes 1.0	opposes 0.6623985031697477 favors 0.3274442179747768 __DUMMY__ 0.010157278855475528	false	1.0
N1771	favors 1.0		favors 0.530755290628685 opposes 0.444512015615996 __DUMMY__ 0.02473269375531901	true	1.0
N1772	opposes 1.0	opposes 1.0	opposes 0.7411776754974719 favors 0.2475529280353932 __DUMMY__ 0.011269396467134986	false	1.0
N1770	favors 1.0	favors 1.0	favors 0.7095471328781785 opposes 0.2808170707696987 __DUMMY__ 0.009635796352122729	false	1.0
N1775	favors 1.0		opposes 0.5265771862308631 favors 0.4441322929303175 __DUMMY__ 0.029290520838819528	true	0.5
N1776	favors 1.0	favors 1.0	favors 0.7286332171782091 opposes 0.26143545851346267 __DUMMY__ 0.009931324308328248	false	1.0
N1773	opposes 1.0		favors 0.6091943811747308 opposes 0.36383095712915153 __DUMMY__ 0.026974661696117813	true	0.5
N2620	favors 1.0	favors 1.0	favors 0.7331527571297037 opposes 0.25700124744698094 __DUMMY__ 0.00984599542331532	false	1.0
N1774	opposes 1.0	opposes 1.0	opposes 0.7027704027173319 favors 0.28608083703431714 __DUMMY__ 0.011148760248350882	false	1.0
N1779	opposes 1.0	opposes 1.0	opposes 0.7668140107574821 favors 0.22278772991416643 __DUMMY__ 0.010398259328351412	false	1.0
N1777	favors 1.0	favors 1.0	favors 0.7592044415838994 opposes 0.2302948528347731 __DUMMY__ 0.010500705581327511	false	1.0
N1778	favors 1.0		favors 0.6061838018641962 opposes 0.36809503194037047 __DUMMY__ 0.025721166195433243	true	1.0
N901	favors 1.0	favors 1.0	favors 0.734877957595016 opposes 0.2537346568359158 __DUMMY__ 0.011387385569068306	false	1.0
N902	opposes 1.0		opposes 0.5181937748230024 favors 0.4569130937107952 __DUMMY__ 0.024893131466202433	true	1.0
N903	opposes 1.0		favors 0.5302858733454857 opposes 0.4449116503423555 __DUMMY__ 0.02480247631215874	true	0.5
N904	opposes 1.0	opposes 1.0	opposes 0.739739539911372 favors 0.24901925928185206 __DUMMY__ 0.011241200806775901	false	1.0
N1760	opposes 1.0	opposes 1.0	opposes 0.6634327997217525 favors 0.32640005413907186 __DUMMY__ 0.010167146139175728	false	1.0
N1761	opposes 1.0		opposes 0.559059544187126 favors 0.4145712432718234 __DUMMY__ 0.026369212541050548	true	1.0
N900	opposes 1.0	opposes 1.0	opposes 0.7078628006161357 favors 0.28183093308200563 __DUMMY__ 0.010306266301858621	false	1.0
N909	opposes 1.0		favors 0.5456382480359319 opposes 0.42796716702184556 __DUMMY__ 0.026394584942222618	true	0.5
N1764	opposes 1.0		favors 0.4973974536306241 opposes 0.47723346637864056 __DUMMY__ 0.025369079990735427	true	0.5
N2611	favors 1.0		opposes 0.5272734512677378 favors 0.44349451914520693 __DUMMY__ 0.02923202958705511	true	0.5
N1765	favors 1.0		opposes 0.5349345340392874 favors 0.4392494544424708 __DUMMY__ 0.025816011518241783	true	0.5
N2612	favors 1.0		favors 0.48747456241595727 opposes 0.4870893745394537 __DUMMY__ 0.02543606304458896	true	1.0
N1762	opposes 1.0		opposes 0.4861818029666659 favors 0.4859032585108188 __DUMMY__ 0.027914938522515243	true	1.0
N1763	opposes 1.0		favors 0.5204884881175736 opposes 0.45249442856718247 __DUMMY__ 0.027017083315243873	true	0.5
N2610	opposes 1.0		favors 0.5307769433664228 opposes 0.4416114081952297 __DUMMY__ 0.027611648438347656	true	0.5
N905	opposes 1.0		favors 0.6050156563963167 opposes 0.3680369664114702 __DUMMY__ 0.026947377192212962	true	0.5
N1768	opposes 1.0		favors 0.5254026631844924 opposes 0.44837085418261413 __DUMMY__ 0.02622648263289348	true	0.5
N2615	opposes 1.0	opposes 1.0	opposes 0.6936362435155212 favors 0.2954615144781046 __DUMMY__ 0.010902242006374177	false	1.0
N906	opposes 1.0		favors 0.5306973953007366 opposes 0.44168099659705634 __DUMMY__ 0.027621608102207287	true	0.5
N1769	favors 1.0		favors 0.49951812047541744 opposes 0.4722660025058843 __DUMMY__ 0.02821587701869822	true	1.0
N2616	favors 1.0	favors 1.0	favors 0.7909297039281036 opposes 0.19895571149141594 __DUMMY__ 0.010114584580480446	false	1.0
N907	favors 1.0	favors 1.0	favors 0.704992023774524 opposes 0.2829761532782801 __DUMMY__ 0.012031822947195995	false	1.0
N1766	favors 1.0		favors 0.5394148123463088 opposes 0.4342498448240745 __DUMMY__ 0.026335342829616592	true	1.0
N2613	opposes 1.0	opposes 1.0	opposes 0.6945733512636311 favors 0.29496013614025157 __DUMMY__ 0.010466512596117323	false	1.0
N908	favors 1.0		favors 0.48908719457652733 opposes 0.4853808472212508 __DUMMY__ 0.02553195820222187	true	1.0
N1767	favors 1.0		favors 0.5008484067637674 opposes 0.4715823241316173 __DUMMY__ 0.027569269104615306	true	1.0
N2614	opposes 1.0		favors 0.5171807314188677 opposes 0.45528297611796 __DUMMY__ 0.027536292463172327	true	0.5
N2619	opposes 1.0		favors 0.5207298103401075 opposes 0.45234815304114495 __DUMMY__ 0.026922036618747626	true	0.5
N2617	favors 1.0	favors 1.0	favors 0.6884824289894111 opposes 0.3011479748825334 __DUMMY__ 0.010369596128055398	false	1.0
N2618	favors 1.0	favors 1.0	favors 0.726977843427619 opposes 0.2617957307386265 __DUMMY__ 0.011226425833754527	false	1.0
N1750	favors 1.0	favors 1.0	favors 0.709579052204078 opposes 0.2807632302515526 __DUMMY__ 0.009657717544369449	false	1.0
N1753	favors 1.0		favors 0.6075625732811872 opposes 0.3654261911227141 __DUMMY__ 0.02701123559609864	true	1.0
N2600	opposes 1.0	opposes 1.0	opposes 0.7230366621429923 favors 0.2670733171635354 __DUMMY__ 0.009890020693472296	false	1.0
N1754	favors 1.0		favors 0.5304437716979283 opposes 0.44186251832534695 __DUMMY__ 0.027693709976724788	true	1.0
N2601	favors 1.0		opposes 0.5355502798967824 favors 0.43869072427759037 __DUMMY__ 0.025758995825627323	true	0.5
N1751	favors 1.0		favors 0.5300114396662547 opposes 0.4452055876293205 __DUMMY__ 0.024782972704424592	true	1.0
N1752	favors 1.0		opposes 0.5135864965110692 favors 0.4585712442531677 __DUMMY__ 0.027842259235762928	true	0.5
N1757	favors 1.0	favors 1.0	favors 0.7587558298431064 opposes 0.23072796999009312 __DUMMY__ 0.010516200166800374	false	1.0
N2604	opposes 1.0		favors 0.525039784880065 opposes 0.44878770162037496 __DUMMY__ 0.02617251349956015	true	0.5
N1758	favors 1.0		favors 0.5169911924875159 opposes 0.4553899486290393 __DUMMY__ 0.027618858883444806	true	1.0
N2605	favors 1.0	favors 1.0	favors 0.7342409347475904 opposes 0.25436617515506965 __DUMMY__ 0.01139289009733981	false	1.0
N1755	opposes 1.0		opposes 0.5265661772827885 favors 0.4441308565209721 __DUMMY__ 0.029302966196239216	true	1.0
N2602	favors 1.0		favors 0.5390425112133188 opposes 0.4346822648765903 __DUMMY__ 0.02627522391009104	true	1.0
N1756	opposes 1.0		favors 0.4875926822332406 opposes 0.4868737533693871 __DUMMY__ 0.025533564397372383	true	0.5
N2603	favors 1.0	favors 1.0	favors 0.735191115067732 opposes 0.25378110146568716 __DUMMY__ 0.011027783466580746	false	1.0
N2608	opposes 1.0	opposes 1.0	opposes 0.7415029371863818 favors 0.24725869430195963 __DUMMY__ 0.011238368511658537	false	1.0
N2609	opposes 1.0		favors 0.6089387209917768 opposes 0.36415731236777465 __DUMMY__ 0.026903966640448453	true	0.5
N1759	favors 1.0	favors 1.0	favors 0.7615237002264793 opposes 0.22753504558976506 __DUMMY__ 0.010941254183755633	false	1.0
N2606	opposes 1.0	opposes 1.0	opposes 0.7457990711979641 favors 0.24459847783531521 __DUMMY__ 0.009602450966720705	false	1.0
N2607	opposes 1.0	opposes 1.0	opposes 0.7046769551783802 favors 0.2857818765147219 __DUMMY__ 0.009541168306897774	false	1.0
N923	favors 1.0		opposes 0.5153008691571457 favors 0.4568521047735737 __DUMMY__ 0.027847026069280502	true	0.5
N924	favors 1.0		favors 0.6072170381350004 opposes 0.3657755807333144 __DUMMY__ 0.027007381131685264	true	1.0
N925	favors 1.0		favors 0.5294954360147142 opposes 0.4428074268579615 __DUMMY__ 0.027697137127324516	true	1.0
N926	opposes 1.0	opposes 1.0	opposes 0.7488525670905456 favors 0.23903707072781105 __DUMMY__ 0.012110362181643249	false	1.0
N1342	opposes 1.0	opposes 1.0	opposes 0.7281495935180379 favors 0.26193432291563323 __DUMMY__ 0.0099160835663289	false	1.0
N920	opposes 1.0	opposes 1.0	opposes 0.7206916532940686 favors 0.2678733875721347 __DUMMY__ 0.011434959133796717	false	1.0
N1343	favors 1.0		favors 0.5464851854404646 opposes 0.4271568730957696 __DUMMY__ 0.02635794146376569	true	1.0
N921	favors 1.0		opposes 0.5226302754127818 favors 0.45251408805591026 __DUMMY__ 0.024855636531308005	true	0.5
N1340	favors 1.0	favors 1.0	favors 0.7510229941663634 opposes 0.23784122758973467 __DUMMY__ 0.011135778243901918	false	1.0
N922	favors 1.0		favors 0.5290330268950219 opposes 0.44620599185964577 __DUMMY__ 0.024760981245332426	true	1.0
N1341	opposes 1.0		opposes 0.5272611800244925 favors 0.44347305105832097 __DUMMY__ 0.02926576891718658	true	1.0
N1346	opposes 1.0	opposes 1.0	opposes 0.7671639975850317 favors 0.22245193020390075 __DUMMY__ 0.010384072211067498	false	1.0
N1347	opposes 1.0		opposes 0.48637315458150265 favors 0.4857590343645754 __DUMMY__ 0.02786781105392198	true	1.0
N1344	favors 1.0		favors 0.5171866112090013 opposes 0.4552465200012301 __DUMMY__ 0.027566868789768568	true	1.0
N1345	favors 1.0	favors 1.0	favors 0.7909647893457897 opposes 0.19890380975935532 __DUMMY__ 0.010131400894854946	false	1.0
N927	opposes 1.0		opposes 0.48811269618455244 favors 0.48636720060975014 __DUMMY__ 0.02552010320569746	true	1.0
N928	favors 1.0		favors 0.5449705951639359 opposes 0.42860534433254655 __DUMMY__ 0.02642406050351752	true	1.0
N929	favors 1.0		favors 0.515922628490348 opposes 0.4564551620726665 __DUMMY__ 0.027622209436985536	true	1.0
N1348	favors 1.0	favors 1.0	favors 0.7455655025751138 opposes 0.24366617840782373 __DUMMY__ 0.010768319017062444	false	1.0
N1349	opposes 1.0	opposes 1.0	opposes 0.7223726327339302 favors 0.2677663591390434 __DUMMY__ 0.0098610081270265	false	1.0
N912	favors 1.0		favors 0.6023944182331394 opposes 0.3718542493642934 __DUMMY__ 0.025751332402567197	true	1.0
N913	favors 1.0		favors 0.4874977284152759 opposes 0.4846627271276515 __DUMMY__ 0.027839544457072755	true	1.0
N914	opposes 1.0		favors 0.5210901339423727 opposes 0.4519464564661815 __DUMMY__ 0.02696340959144595	true	0.5
N915	favors 1.0	favors 1.0	favors 0.7338445143255791 opposes 0.2562510938286487 __DUMMY__ 0.00990439184577221	false	1.0
N1331	favors 1.0		favors 0.49756616793633784 opposes 0.47713876238344105 __DUMMY__ 0.02529506968022103	true	1.0
N1332	opposes 1.0		opposes 0.535542606138887 favors 0.4386709020019884 __DUMMY__ 0.02578649185912457	true	1.0
N910	opposes 1.0	opposes 1.0	opposes 0.7106379679920544 favors 0.27831368685072677 __DUMMY__ 0.01104834515721879	false	1.0
N911	favors 1.0		favors 0.5488462899353049 opposes 0.4238407529743038 __DUMMY__ 0.02731295709039118	true	1.0
N1330	favors 1.0	favors 1.0	favors 0.7457196520725514 opposes 0.24348563941204648 __DUMMY__ 0.010794708515402112	false	1.0
N1335	favors 1.0	favors 1.0	favors 0.7489136520335288 opposes 0.24080214852012066 __DUMMY__ 0.010284199446350522	false	1.0
N1336	opposes 1.0	opposes 1.0	opposes 0.7200843893525831 favors 0.2685076548227849 __DUMMY__ 0.011407955824631949	false	1.0
N1333	favors 1.0		favors 0.5390558352618188 opposes 0.43463916629726984 __DUMMY__ 0.02630499844091141	true	1.0
N1334	favors 1.0		favors 0.5004114426622465 opposes 0.47204501926248205 __DUMMY__ 0.027543538075271424	true	1.0
N916	opposes 1.0	opposes 1.0	opposes 0.75469936777734 favors 0.2351818326087714 __DUMMY__ 0.010118799613888585	false	1.0
N1339	favors 1.0		favors 0.6089832717944894 opposes 0.36407654669487965 __DUMMY__ 0.026940181510630854	true	1.0
N917	opposes 1.0		favors 0.5377537039039232 opposes 0.4358834847489874 __DUMMY__ 0.026362811347089354	true	0.5
N918	opposes 1.0		favors 0.4992660689948055 opposes 0.4731383757561705 __DUMMY__ 0.02759555524902398	true	0.5
N1337	favors 1.0	favors 1.0	favors 0.7091926450550423 opposes 0.28118926995363985 __DUMMY__ 0.00961808499131795	false	1.0
N919	favors 1.0		favors 0.5239098320620607 opposes 0.44983894281939896 __DUMMY__ 0.026251225118540382	true	1.0
N1338	favors 1.0		favors 0.5303598193883042 opposes 0.4449433300175763 __DUMMY__ 0.024696850594119454	true	1.0
N940	opposes 1.0		favors 0.5002632650801306 opposes 0.4715862188927713 __DUMMY__ 0.028150516027098112	true	0.5
N945	favors 1.0	favors 1.0	favors 0.7509530393158267 opposes 0.23792032592978918 __DUMMY__ 0.011126634754384046	false	1.0
N946	opposes 1.0		opposes 0.523523414563697 favors 0.4473093794192721 __DUMMY__ 0.02916720601703073	true	1.0
N947	opposes 1.0	opposes 1.0	opposes 0.7272269704565943 favors 0.2628188654001572 __DUMMY__ 0.009954164143248446	false	1.0
N948	favors 1.0	favors 1.0	favors 0.7444493969655237 opposes 0.2445022578772576 __DUMMY__ 0.011048345157218786	false	1.0
N941	favors 1.0	favors 1.0	favors 0.7109245226523225 opposes 0.2794004711175548 __DUMMY__ 0.009675006230122723	false	1.0
N1320	favors 1.0		opposes 0.5145099611300501 favors 0.45766233328596034 __DUMMY__ 0.027827705583989653	true	0.5
N942	favors 1.0	favors 1.0	favors 0.7506325545045525 opposes 0.23975201973397192 __DUMMY__ 0.009615425761475702	false	1.0
N1321	favors 1.0	favors 1.0	favors 0.7932291949753929 opposes 0.19589909854616552 __DUMMY__ 0.010871706478441674	false	1.0
N943	favors 1.0	favors 1.0	favors 0.7129691938914064 opposes 0.2757896053018176 __DUMMY__ 0.011241200806775903	false	1.0
N944	opposes 1.0		favors 0.6050156563963167 opposes 0.36803696641147027 __DUMMY__ 0.02694737719221295	true	0.5
N1324	opposes 1.0	opposes 1.0	opposes 0.7280088592362194 favors 0.26206451596581887 __DUMMY__ 0.00992662479796183	false	1.0
N1325	favors 1.0		favors 0.5475114731990676 opposes 0.4261117246801685 __DUMMY__ 0.026376802120763862	true	1.0
N1322	favors 1.0	favors 1.0	favors 0.7512453772415634 opposes 0.23758847581342182 __DUMMY__ 0.011166146945014839	false	1.0
N1323	opposes 1.0		opposes 0.5278258892182028 favors 0.44284691280982463 __DUMMY__ 0.029327197971972564	true	1.0
N949	favors 1.0		favors 0.548846289935305 opposes 0.4238407529743037 __DUMMY__ 0.02731295709039118	true	1.0
N1328	opposes 1.0	opposes 1.0	opposes 0.767560472416292 favors 0.2220379394678572 __DUMMY__ 0.010401588115850825	false	1.0
N1329	opposes 1.0		opposes 0.48631035182634247 favors 0.48578399118479487 __DUMMY__ 0.027905656988862642	true	1.0
N1326	favors 1.0		favors 0.5176668307970342 opposes 0.4547303702625363 __DUMMY__ 0.027602798940429413	true	1.0
N1327	favors 1.0		favors 0.6079285183654942 opposes 0.3663792252847306 __DUMMY__ 0.025692256349775126	true	1.0
N934	favors 1.0	favors 1.0	favors 0.7448479415803512 opposes 0.24435194470848898 __DUMMY__ 0.010800113711159885	false	1.0
N935	opposes 1.0		favors 0.49618237636299156 opposes 0.4784645799630611 __DUMMY__ 0.025353043673947296	true	0.5
N1790	opposes 1.0		opposes 0.5158782123903151 favors 0.4562621236472676 __DUMMY__ 0.027859663962417222	true	1.0
N936	opposes 1.0		opposes 0.5319845935350587 favors 0.44217381676845674 __DUMMY__ 0.025841589696484653	true	1.0
N937	opposes 1.0		favors 0.5386214642611267 opposes 0.435037343096177 __DUMMY__ 0.026341192642696312	true	0.5
N930	favors 1.0	favors 1.0	favors 0.7610492990580167 opposes 0.22800416674940593 __DUMMY__ 0.010946534192577443	false	1.0
N1793	opposes 1.0		opposes 0.5290041138623494 favors 0.441654294353995 __DUMMY__ 0.029341591783655762	true	1.0
N931	opposes 1.0		favors 0.604334290494346 opposes 0.3699140385371444 __DUMMY__ 0.02575167096850975	true	0.5
N1310	opposes 1.0	opposes 1.0	opposes 0.7689703260319428 favors 0.22062048104484386 __DUMMY__ 0.01040919292321331	false	1.0
N1794	opposes 1.0		opposes 0.4884514877585034 favors 0.48602983728233307 __DUMMY__ 0.025518674959163563	true	1.0
N932	opposes 1.0	opposes 1.0	opposes 0.767645804799097 favors 0.2219410878506999 __DUMMY__ 0.010413107350203026	false	1.0
N1791	favors 1.0	favors 1.0	favors 0.7914687557584248 opposes 0.19764636857701975 __DUMMY__ 0.010884875664555435	false	1.0
N933	opposes 1.0	opposes 1.0	opposes 0.7279095243789127 favors 0.26082144310132255 __DUMMY__ 0.011269032519764792	false	1.0
N1792	favors 1.0		favors 0.5293877412754956 opposes 0.4429042805735884 __DUMMY__ 0.02770797815091602	true	1.0
N1313	opposes 1.0		opposes 0.5361354049045003 favors 0.4380687830846791 __DUMMY__ 0.025795812010820443	true	1.0
N1797	favors 1.0		favors 0.5484025450129311 opposes 0.4242147734102494 __DUMMY__ 0.027382681576819716	true	1.0
N1314	favors 1.0		favors 0.5398419114835512 opposes 0.4338362191188119 __DUMMY__ 0.026321869397636997	true	1.0
N1798	opposes 1.0	opposes 1.0	opposes 0.663204965670416 favors 0.32662387896118705 __DUMMY__ 0.010171155368396969	false	1.0
N1311	opposes 1.0	opposes 1.0	opposes 0.7283964435957883 favors 0.26031966763668923 __DUMMY__ 0.011283888767522473	false	1.0
N1795	opposes 1.0		favors 0.5449518072495853 opposes 0.4286205902795117 __DUMMY__ 0.026427602470903044	true	0.5
N1312	opposes 1.0		favors 0.49515096441840767 opposes 0.47954883984922747 __DUMMY__ 0.025300195732364875	true	0.5
N1796	favors 1.0		favors 0.5157338742152755 opposes 0.45663302041009396 __DUMMY__ 0.027633105374630554	true	1.0
N938	opposes 1.0		favors 0.5015307572200263 opposes 0.47093965352572814 __DUMMY__ 0.027529589254245698	true	0.5
N1317	opposes 1.0	opposes 1.0	opposes 0.7198137166601457 favors 0.26874577196299476 __DUMMY__ 0.011440511376859638	false	1.0
N939	favors 1.0	favors 1.0	favors 0.7489691502262598 opposes 0.24072458347188155 __DUMMY__ 0.010306266301858618	false	1.0
N1318	favors 1.0	favors 1.0	favors 0.7087662783767205 opposes 0.28160739227224413 __DUMMY__ 0.009626329351035481	false	1.0
N1315	opposes 1.0		favors 0.5006341053987476 opposes 0.4717891983289804 __DUMMY__ 0.02757669627227179	true	0.5
N1799	opposes 1.0	opposes 1.0	opposes 0.7680058626830881 favors 0.22157598276852372 __DUMMY__ 0.01041815454838818	false	1.0
N1316	favors 1.0	favors 1.0	favors 0.7491080691710915 opposes 0.2405931560072425 __DUMMY__ 0.010298774821665989	false	1.0
N1319	opposes 1.0		favors 0.5310466528916512 opposes 0.4442634897951704 __DUMMY__ 0.0246898573131785	true	0.5
N960	favors 1.0		favors 0.530091432769187 opposes 0.4421876377875932 __DUMMY__ 0.02772092944321978	true	1.0
N961	favors 1.0		opposes 0.5283775292419031 favors 0.4422637992905733 __DUMMY__ 0.029358671467523488	true	0.5
N962	opposes 1.0	opposes 1.0	opposes 0.7285465052050676 favors 0.26150156544636327 __DUMMY__ 0.009951929348569153	false	1.0
N967	opposes 1.0		favors 0.5199424596008833 opposes 0.4530228334928481 __DUMMY__ 0.02703470690626871	true	0.5
N1382	favors 1.0		favors 0.6062444242243441 opposes 0.367981646181724 __DUMMY__ 0.02577392959393187	true	1.0
N968	favors 1.0	favors 1.0	favors 0.7326756682519008 opposes 0.25742546425062657 __DUMMY__ 0.009898867497472617	false	1.0
N1383	opposes 1.0		opposes 0.5577203288506538 favors 0.4159043259973011 __DUMMY__ 0.026375345152045145	true	1.0
N2230	opposes 1.0	opposes 1.0	opposes 0.7410237355888387 favors 0.24771413167957876 __DUMMY__ 0.01126213273158251	false	1.0
N969	favors 1.0		opposes 0.535219475855009 favors 0.4390090292939644 __DUMMY__ 0.025771494851026765	true	0.5
N1380	favors 1.0		favors 0.5184085715281578 opposes 0.45396604687027986 __DUMMY__ 0.027625381601562398	true	1.0
N1381	favors 1.0	favors 1.0	favors 0.762271640724377 opposes 0.22678378542418487 __DUMMY__ 0.010944573851438055	false	1.0
N963	opposes 1.0		favors 0.5457804563803672 opposes 0.427779236467717 __DUMMY__ 0.026440307151915806	true	0.5
N1386	opposes 1.0		favors 0.49879150941425077 opposes 0.47583298227073595 __DUMMY__ 0.025375508315013246	true	0.5
N2233	favors 1.0		opposes 0.5263299192310156 favors 0.44439487714349146 __DUMMY__ 0.029275203625492865	true	0.5
N964	favors 1.0		favors 0.605614463725915 opposes 0.36862373237827856 __DUMMY__ 0.02576180389580648	true	1.0
N1387	opposes 1.0	opposes 1.0	opposes 0.7544244562911301 favors 0.23545856408636417 __DUMMY__ 0.010116979622505741	false	1.0
N2234	favors 1.0		favors 0.48816629426093255 opposes 0.48635278707736235 __DUMMY__ 0.025480918661705078	true	1.0
N965	favors 1.0		opposes 0.5611375384802094 favors 0.41248715408422215 __DUMMY__ 0.02637530743556841	true	0.5
N1384	favors 1.0	favors 1.0	favors 0.727879428287364 opposes 0.2608564436832757 __DUMMY__ 0.011264128029360254	false	1.0
N2231	favors 1.0		favors 0.6095023527343629 opposes 0.3635401010151025 __DUMMY__ 0.026957546250534585	true	1.0
N966	favors 1.0		opposes 0.48717997270966296 favors 0.4848752205561371 __DUMMY__ 0.027944806734199985	true	0.5
N1385	favors 1.0		favors 0.5219908118206273 opposes 0.4509852051130994 __DUMMY__ 0.027023983066273325	true	1.0
N2232	opposes 1.0	opposes 1.0	opposes 0.7026275429216474 favors 0.28623037788815925 __DUMMY__ 0.01114207919019343	false	1.0
N2237	opposes 1.0		favors 0.5502996125309947 opposes 0.4223683377832744 __DUMMY__ 0.027332049685731042	true	0.5
N2238	favors 1.0	favors 1.0	favors 0.7912402741107041 opposes 0.19861843047104763 __DUMMY__ 0.010141295418248307	false	1.0
N1388	opposes 1.0		favors 0.5393756684176958 opposes 0.43427092393975575 __DUMMY__ 0.026353407642548413	true	0.5
N2235	favors 1.0		favors 0.5471633236530055 opposes 0.42646043321211485 __DUMMY__ 0.026376243134879615	true	1.0
N1389	opposes 1.0	opposes 1.0	opposes 0.7198618003901974 favors 0.2690588828897262 __DUMMY__ 0.011079316720076423	false	1.0
N2236	opposes 1.0		favors 0.5178605547437923 opposes 0.45455946313106604 __DUMMY__ 0.02757998212514169	true	0.5
N2239	favors 1.0		opposes 0.5591125873981139 favors 0.41456493418510654 __DUMMY__ 0.026322478416779566	true	0.5
N950	opposes 1.0		opposes 0.5554083062030288 favors 0.41824938800999545 __DUMMY__ 0.02634230578697575	true	1.0
N951	opposes 1.0	opposes 1.0	opposes 0.7263785815277868 favors 0.262393571284938 __DUMMY__ 0.011227847187275255	false	1.0
N956	favors 1.0		favors 0.49825250864429316 opposes 0.4734780375268367 __DUMMY__ 0.028269453828870174	true	1.0
N1371	opposes 1.0		favors 0.5004280101825432 opposes 0.47133106980753475 __DUMMY__ 0.028240920009922087	true	0.5
N957	opposes 1.0	opposes 1.0	opposes 0.7463343364861313 favors 0.24400893805152044 __DUMMY__ 0.009656725462348177	false	1.0
N1372	favors 1.0	favors 1.0	favors 0.7103698604639976 opposes 0.27996889857351315 __DUMMY__ 0.009661240962489213	false	1.0
N958	opposes 1.0		favors 0.5296421750654721 opposes 0.4455949111913366 __DUMMY__ 0.02476291374319137	true	0.5
N959	opposes 1.0	opposes 1.0	opposes 0.742047743024863 favors 0.24664649700586921 __DUMMY__ 0.0113057599692678	false	1.0
N1370	favors 1.0		favors 0.5260544319811726 opposes 0.4476814465355371 __DUMMY__ 0.026264121483290374	true	1.0
N952	opposes 1.0		favors 0.4986732135021532 opposes 0.475956009120257 __DUMMY__ 0.025370777377589828	true	0.5
N1375	favors 1.0		favors 0.6092292040004934 opposes 0.36375187258219405 __DUMMY__ 0.02701892341731258	true	1.0
N2222	opposes 1.0	opposes 1.0	opposes 0.7232838443291528 favors 0.26689675611911057 __DUMMY__ 0.009819399551736635	false	1.0
N953	favors 1.0		opposes 0.5365385717410336 favors 0.437610462694551 __DUMMY__ 0.02585096556441549	true	0.5
N1376	favors 1.0	favors 1.0	favors 0.7516816274114202 opposes 0.23715804647132804 __DUMMY__ 0.011160326117251729	false	1.0
N2223	favors 1.0	favors 1.0	favors 0.7025819114979243 opposes 0.2873201126548529 __DUMMY__ 0.010097975847222905	false	1.0
N954	favors 1.0		favors 0.5384057466254535 opposes 0.4352176088277909 __DUMMY__ 0.026376644546755514	true	1.0
N1373	favors 1.0		favors 0.5314601782466969 opposes 0.44375011573916173 __DUMMY__ 0.02478970601414134	true	1.0
N2220	opposes 1.0	opposes 1.0	opposes 0.7282483931389652 favors 0.26053898383579344 __DUMMY__ 0.011212623025241411	false	1.0
N955	favors 1.0	favors 1.0	favors 0.7347471284856861 opposes 0.2541688280952309 __DUMMY__ 0.011084043419082921	false	1.0
N1374	opposes 1.0	opposes 1.0	opposes 0.7404772095056567 favors 0.24824198069738412 __DUMMY__ 0.011280809796959248	false	1.0
N2221	favors 1.0		favors 0.5190553632380553 opposes 0.4540695385546406 __DUMMY__ 0.026875098207304136	true	1.0
N1379	favors 1.0	favors 1.0	favors 0.7596211755066359 opposes 0.22985876544644349 __DUMMY__ 0.010520059046920594	false	1.0
N2226	opposes 1.0		favors 0.5256268356327131 opposes 0.44815933836582555 __DUMMY__ 0.026213826001461518	true	0.5
N2227	favors 1.0	favors 1.0	favors 0.734628658424774 opposes 0.2539580261626338 __DUMMY__ 0.01141331541259217	false	1.0
N1377	opposes 1.0		opposes 0.525042108872205 favors 0.4456479386423402 __DUMMY__ 0.029309952485454784	true	1.0
N2224	favors 1.0	favors 1.0	favors 0.7560383070662081 opposes 0.2335556443606802 __DUMMY__ 0.01040604857311179	false	1.0
N1378	favors 1.0		favors 0.4889099274619424 opposes 0.4855504439167508 __DUMMY__ 0.02553962862130695	true	1.0
N2225	favors 1.0	favors 1.0	favors 0.7355689474060596 opposes 0.2533824313598893 __DUMMY__ 0.011048621234051082	false	1.0
N2228	opposes 1.0	opposes 1.0	opposes 0.7453376201679615 favors 0.24503370441497307 __DUMMY__ 0.009628675417065495	false	1.0
N2229	opposes 1.0		favors 0.5310146098200379 opposes 0.44426760617231914 __DUMMY__ 0.02471778400764294	true	0.5
N981	favors 1.0		favors 0.6073862561332833 opposes 0.3669477635236904 __DUMMY__ 0.02566598034302621	true	1.0
N982	opposes 1.0	opposes 1.0	opposes 0.7670210265116534 favors 0.2225991038671584 __DUMMY__ 0.010379869621188245	false	1.0
N983	favors 1.0		favors 0.48635706858771877 opposes 0.48578015421434184 __DUMMY__ 0.0278627771979393	true	1.0
N500	favors 1.0		favors 0.5301475460864769 opposes 0.44216100375686185 __DUMMY__ 0.027691450156661378	true	1.0
N984	favors 1.0	favors 1.0	favors 0.7459854724461157 opposes 0.24324861070176315 __DUMMY__ 0.010765916852121159	false	1.0
N980	opposes 1.0		favors 0.5179806325263221 opposes 0.45445914464242937 __DUMMY__ 0.027560222831248368	true	0.5
N505	favors 1.0	favors 1.0	favors 0.7909812141865085 opposes 0.19886121272228732 __DUMMY__ 0.010157573091204224	false	1.0
N989	favors 1.0		favors 0.5238753866031228 opposes 0.44991045258172074 __DUMMY__ 0.02621416081515641	true	1.0
N1360	favors 1.0	favors 1.0	favors 0.759397425034671 opposes 0.2300904051216913 __DUMMY__ 0.01051216984363759	false	1.0
N506	opposes 1.0		opposes 0.5618530197434578 favors 0.4118075001098104 __DUMMY__ 0.02633948014673189	true	1.0
N1361	opposes 1.0		favors 0.5178379985489384 opposes 0.45454896176875054 __DUMMY__ 0.02761303968231104	true	0.5
N507	opposes 1.0		opposes 0.48744066425018895 favors 0.4846413155496533 __DUMMY__ 0.027918020200157805	true	1.0
N508	opposes 1.0		favors 0.5199306998833184 opposes 0.45307069525468463 __DUMMY__ 0.026998604861996886	true	0.5
N501	opposes 1.0		opposes 0.5289623828847706 favors 0.4417001602908985 __DUMMY__ 0.02933745682433094	true	1.0
N985	favors 1.0	favors 1.0	favors 0.7334839978381277 opposes 0.2566622044142113 __DUMMY__ 0.009853797747660991	false	1.0
N1364	favors 1.0		favors 0.4862657695021545 opposes 0.48582116057217234 __DUMMY__ 0.027913069925673075	true	1.0
N2211	favors 1.0	favors 1.0	favors 0.7497845230449696 opposes 0.24070476942519317 __DUMMY__ 0.009510707529837138	false	1.0
N502	opposes 1.0		opposes 0.48810563542974283 favors 0.4864073887450847 __DUMMY__ 0.025486975825172526	true	1.0
N986	opposes 1.0	opposes 1.0	opposes 0.7549090886674686 favors 0.23499142909415313 __DUMMY__ 0.010099482238378197	false	1.0
N1365	favors 1.0		favors 0.5214432437941564 opposes 0.4515561504474188 __DUMMY__ 0.027000605758424827	true	1.0
N2212	favors 1.0	favors 1.0	favors 0.7098732728039845 opposes 0.27890372076013314 __DUMMY__ 0.011223006435882454	false	1.0
N503	favors 1.0	favors 1.0	favors 0.7436940633116834 opposes 0.2452175055432419 __DUMMY__ 0.011088431145074601	false	1.0
N987	opposes 1.0	opposes 1.0	opposes 0.7001520178415049 favors 0.289438749617903 __DUMMY__ 0.010409232540592013	false	1.0
N1362	favors 1.0		favors 0.5504836563890708 opposes 0.4221535085953196 __DUMMY__ 0.027362835015609724	true	1.0
N504	favors 1.0		favors 0.5493042758510489 opposes 0.4233315150349717 __DUMMY__ 0.02736420911397948	true	1.0
N988	opposes 1.0	opposes 1.0	opposes 0.7206056866767477 favors 0.26833980775670396 __DUMMY__ 0.011054505566548372	false	1.0
N1363	opposes 1.0		opposes 0.5597386199460724 favors 0.41391568506391885 __DUMMY__ 0.026345694990008755	true	1.0
N2210	favors 1.0		opposes 0.5238837057250543 favors 0.4514216809145652 __DUMMY__ 0.024694613360380473	true	0.5
N1368	favors 1.0		favors 0.5400235241952439 opposes 0.43359970914386975 __DUMMY__ 0.02637676666088636	true	1.0
N2215	opposes 1.0	opposes 1.0	opposes 0.7494683212995814 favors 0.23847310027452415 __DUMMY__ 0.01205857842589449	false	1.0
N1369	favors 1.0	favors 1.0	favors 0.7359807717407713 opposes 0.25295232345256674 __DUMMY__ 0.011066904806662005	false	1.0
N2216	opposes 1.0	opposes 1.0	opposes 0.7290624799803814 favors 0.2610604377292406 __DUMMY__ 0.009877082290377906	false	1.0
N1366	favors 1.0		favors 0.49793954482468067 opposes 0.47673113704866654 __DUMMY__ 0.02532931812665283	true	1.0
N2213	opposes 1.0		favors 0.6080056542594688 opposes 0.3651438268402411 __DUMMY__ 0.026850518900290027	true	0.5
N1367	opposes 1.0		opposes 0.5335490014281301 favors 0.4405925079088036 __DUMMY__ 0.025858490663066346	true	1.0
N2214	favors 1.0	favors 1.0	favors 0.7501417542553105 opposes 0.2387532089684061 __DUMMY__ 0.0111050367762834	false	1.0
N509	opposes 1.0	opposes 1.0	opposes 0.7227966118297535 favors 0.2673230951013622 __DUMMY__ 0.009880293068884338	false	1.0
N2219	opposes 1.0	opposes 1.0	opposes 0.7684074613990846 favors 0.2212439095272684 __DUMMY__ 0.010348629073647125	false	1.0
N2217	favors 1.0		favors 0.5155709921652374 opposes 0.4569310368099942 __DUMMY__ 0.0274979710247684	true	1.0
N2218	favors 1.0		favors 0.6050354501519678 opposes 0.36937451213832384 __DUMMY__ 0.025590037709708396	true	1.0
N970	favors 1.0	favors 1.0	favors 0.7561497524474777 opposes 0.2334566472847112 __DUMMY__ 0.010393600267811113	false	1.0
N971	favors 1.0	favors 1.0	favors 0.7355190710278308 opposes 0.2534392462802858 __DUMMY__ 0.01104168269188352	false	1.0
N972	opposes 1.0		favors 0.5257880506650814 opposes 0.4480252081002262 __DUMMY__ 0.02618674123469232	true	0.5
N973	favors 1.0	favors 1.0	favors 0.7345689335751973 opposes 0.2540219122884475 __DUMMY__ 0.011409154136355217	false	1.0
N978	favors 1.0		favors 0.4880574656553181 opposes 0.4864955664459522 __DUMMY__ 0.0254469678987297	true	1.0
N979	favors 1.0	favors 1.0	favors 0.7594996288002028 opposes 0.23002064797321506 __DUMMY__ 0.010479723226582104	false	1.0
N1350	favors 1.0	favors 1.0	favors 0.7022865614271737 opposes 0.287602705033427 __DUMMY__ 0.010110733539399216	false	1.0
N974	opposes 1.0	opposes 1.0	opposes 0.7455181919148749 favors 0.24487257363664075 __DUMMY__ 0.009609234448484414	false	1.0
N1353	favors 1.0		favors 0.4996239527552351 opposes 0.4721383926069727 __DUMMY__ 0.028237654637792264	true	1.0
N2200	favors 1.0	favors 1.0	favors 0.761673757959266 opposes 0.22736672971680277 __DUMMY__ 0.010959512323931272	false	1.0
N975	opposes 1.0	opposes 1.0	opposes 0.7041513893181486 favors 0.2863011302907458 __DUMMY__ 0.009547480391105602	false	1.0
N1354	opposes 1.0	opposes 1.0	opposes 0.7455263309325647 favors 0.2448336108688937 __DUMMY__ 0.00964005819854167	false	1.0
N2201	opposes 1.0		opposes 0.5598034298848481 favors 0.4138087128414606 __DUMMY__ 0.02638785727369138	true	1.0
N976	favors 1.0		favors 0.6105098188205432 opposes 0.36256277382082475 __DUMMY__ 0.02692740735863207	true	1.0
N1351	favors 1.0		favors 0.5397830776128587 opposes 0.43387134233940094 __DUMMY__ 0.026345580047740284	true	1.0
N977	favors 1.0		opposes 0.5268372091598288 favors 0.4438951605303332 __DUMMY__ 0.02926763030983808	true	0.5
N1352	opposes 1.0		favors 0.5256513914341666 opposes 0.44811328535030626 __DUMMY__ 0.02623532321552728	true	0.5
N1357	favors 1.0	favors 1.0	favors 0.7928635704547503 opposes 0.196265980993846 __DUMMY__ 0.010870448551403664	false	1.0
N2204	opposes 1.0		favors 0.4973064128578984 opposes 0.47731362932479204 __DUMMY__ 0.025379957817309562	true	0.5
N1358	favors 1.0	favors 1.0	favors 0.7031167862294714 opposes 0.28476744631651807 __DUMMY__ 0.012115767454010553	false	1.0
N2205	opposes 1.0	opposes 1.0	opposes 0.7553113667653704 favors 0.23463615090214254 __DUMMY__ 0.010052482332487163	false	1.0
N1355	opposes 1.0	opposes 1.0	opposes 0.7042245508193911 favors 0.2861973267640499 __DUMMY__ 0.009578122416559134	false	1.0
N2202	opposes 1.0		opposes 0.4863346062555642 favors 0.4857185817157085 __DUMMY__ 0.02794681202872736	true	1.0
N1356	opposes 1.0		opposes 0.5136281353325344 favors 0.45853378300861286 __DUMMY__ 0.02783808165885277	true	1.0
N2203	favors 1.0		favors 0.5206030361415603 opposes 0.4523528970957964 __DUMMY__ 0.027044066762643336	true	1.0
N2208	favors 1.0	favors 1.0	favors 0.7481297509527561 opposes 0.24162050543915597 __DUMMY__ 0.01024974360808796	false	1.0
N2209	opposes 1.0	opposes 1.0	opposes 0.7209516039824764 favors 0.2676678263567536 __DUMMY__ 0.011380569660770029	false	1.0
N1359	favors 1.0	favors 1.0	favors 0.7286084091009117 opposes 0.2614548666483571 __DUMMY__ 0.009936724250731136	false	1.0
N2206	opposes 1.0	opposes 1.0	opposes 0.70022709320567 favors 0.28941212432779473 __DUMMY__ 0.010360782466535299	false	1.0
N2207	opposes 1.0		favors 0.49876251846945163 opposes 0.4737588131464754 __DUMMY__ 0.02747866838407292	true	0.5
N520	opposes 1.0	opposes 1.0	opposes 0.7485731556037996 favors 0.23937117951019868 __DUMMY__ 0.012055664886001792	false	1.0
N521	opposes 1.0		opposes 0.48764080634350954 favors 0.48692830311773766 __DUMMY__ 0.025430890538752703	true	1.0
N522	favors 1.0	favors 1.0	favors 0.7585527795280489 opposes 0.23098708958952244 __DUMMY__ 0.010460130882428689	false	1.0
