N1742	opposes 1.0	opposes 1.0	opposes 0.7210030775688022 favors 0.2678247811018782 __DUMMY__ 0.011172141329319513	false	1.0
N1743	favors 1.0		favors 0.5178889229650021 opposes 0.4551862218644723 __DUMMY__ 0.026924855170525588	true	1.0
N1740	opposes 1.0		favors 0.567779640088275 opposes 0.4061143745544122 __DUMMY__ 0.02610598535731294	true	0.5
N1741	opposes 1.0		opposes 0.5287727756489123 favors 0.4447439023326901 __DUMMY__ 0.026483322018397617	true	1.0
N1746	opposes 1.0	opposes 1.0	opposes 0.7074317951263871 favors 0.28202404602683245 __DUMMY__ 0.010544158846780522	false	1.0
N1747	opposes 1.0		favors 0.5046467369205583 opposes 0.46798444983767234 __DUMMY__ 0.027368813241769364	true	0.5
N1744	opposes 1.0		favors 0.5026961480409115 opposes 0.47151747956629686 __DUMMY__ 0.025786372392791537	true	0.5
N1745	opposes 1.0	opposes 1.0	opposes 0.7379955914101567 favors 0.2516554096535773 __DUMMY__ 0.01034899893626588	false	1.0
N1748	favors 1.0	favors 1.0	favors 0.7457672448113654 opposes 0.24377294337138375 __DUMMY__ 0.010459811817250909	false	1.0
N1749	opposes 1.0		favors 0.5040559063495175 opposes 0.46821849877881677 __DUMMY__ 0.027725594871665662	true	0.5
N1731	favors 1.0		opposes 0.49944580305440717 favors 0.47511416083917307 __DUMMY__ 0.025440036106419765	true	0.5
N1732	favors 1.0	favors 1.0	favors 0.7462055309319258 opposes 0.24377882571852066 __DUMMY__ 0.010015643349553616	false	1.0
N1730	opposes 1.0		favors 0.5040771569977858 opposes 0.4681042770158658 __DUMMY__ 0.0278185659863485	true	0.5
N1735	opposes 1.0	opposes 1.0	opposes 0.7302110756762659 favors 0.25810345014666464 __DUMMY__ 0.011685474177069438	false	1.0
N1736	opposes 1.0		favors 0.49500623643450764 opposes 0.4791326781871966 __DUMMY__ 0.02586108537829571	true	0.5
N1733	favors 1.0	favors 1.0	favors 0.7674433881124331 opposes 0.22163851833752474 __DUMMY__ 0.010918093550042227	false	1.0
N1734	favors 1.0	favors 1.0	favors 0.7462271176949948 opposes 0.24267698450564507 __DUMMY__ 0.01109589779936017	false	1.0
N1739	favors 1.0		favors 0.539449666998254 opposes 0.4333259971631769 __DUMMY__ 0.02722433583856923	true	1.0
N1737	favors 1.0		favors 0.5328625289439259 opposes 0.44058817799351674 __DUMMY__ 0.026549293062557423	true	1.0
N1738	favors 1.0		favors 0.515892665270237 opposes 0.45671677900795304 __DUMMY__ 0.027390555721810088	true	1.0
N1720	favors 1.0		favors 0.5400868606851204 opposes 0.43281040767164847 __DUMMY__ 0.027102731643231202	true	1.0
N1721	favors 1.0	favors 1.0	favors 0.7689734346541173 opposes 0.22067924010611745 __DUMMY__ 0.010347325239765219	false	1.0
N1724	favors 1.0	favors 1.0	favors 0.7459886230419462 opposes 0.2433156075816858 __DUMMY__ 0.01069576937636806	false	1.0
N1725	favors 1.0		favors 0.5077907130462933 opposes 0.46636504525861394 __DUMMY__ 0.025844241695092526	true	1.0
N1722	opposes 1.0	opposes 1.0	opposes 0.744089304321314 favors 0.24544989258531602 __DUMMY__ 0.01046080309336994	false	1.0
N1723	favors 1.0		favors 0.5013313811459751 opposes 0.47124326997387833 __DUMMY__ 0.027425348880146732	true	1.0
N1728	opposes 1.0		favors 0.5048059846522626 opposes 0.467815060757567 __DUMMY__ 0.027378954590170486	true	0.5
N1729	favors 1.0	favors 1.0	favors 0.7462852139562507 opposes 0.24324799879386436 __DUMMY__ 0.010466787249884956	false	1.0
N1726	opposes 1.0	opposes 1.0	opposes 0.7410130197626483 favors 0.2486536485241885 __DUMMY__ 0.010333331713163287	false	1.0
N1727	favors 1.0		favors 0.5303819284187542 opposes 0.44312860488082056 __DUMMY__ 0.02648946670042521	true	1.0
N1710	favors 1.0	favors 1.0	favors 0.7400276038444068 opposes 0.24909113143773604 __DUMMY__ 0.010881264717857105	false	1.0
N1713	opposes 1.0	opposes 1.0	opposes 0.7292948680787728 favors 0.26069613593112456 __DUMMY__ 0.010008995990102793	false	1.0
N1714	opposes 1.0		favors 0.5268289651740141 opposes 0.44766797049140084 __DUMMY__ 0.025503064334585112	true	0.5
N1711	opposes 1.0		favors 0.5246038112934286 opposes 0.4490194331968346 __DUMMY__ 0.026376755509736803	true	0.5
N1712	favors 1.0		favors 0.5088922955373344 opposes 0.46347536606965634 __DUMMY__ 0.02763233839300927	true	1.0
N1717	favors 1.0		opposes 0.4876770455691421 favors 0.4842291204202484 __DUMMY__ 0.02809383401060957	true	0.5
N1718	favors 1.0		favors 0.5007651856966628 opposes 0.4733324191846173 __DUMMY__ 0.025902395118719855	true	1.0
N1715	opposes 1.0		favors 0.48929040033794935 opposes 0.48340363030794425 __DUMMY__ 0.02730596935410634	true	0.5
N1716	opposes 1.0		favors 0.5265941223729548 opposes 0.446137914160362 __DUMMY__ 0.02726796346668308	true	0.5
N1719	favors 1.0	favors 1.0	favors 0.7527307991274379 opposes 0.23672234669082287 __DUMMY__ 0.010546854181739123	false	1.0
N1782	favors 1.0	favors 1.0	favors 0.7377462846178493 opposes 0.25208317259092783 __DUMMY__ 0.01017054279122289	false	1.0
N1783	opposes 1.0		opposes 0.5136864983618952 favors 0.459989207313695 __DUMMY__ 0.026324294324409716	true	1.0
N1780	favors 1.0		favors 0.4990148558529213 opposes 0.47355609367268037 __DUMMY__ 0.02742905047439827	true	1.0
N1781	favors 1.0	favors 1.0	favors 0.7444147686148365 opposes 0.24489822684553314 __DUMMY__ 0.010687004539630377	false	1.0
N1302	opposes 1.0	opposes 1.0	opposes 0.6933352255092285 favors 0.29583750929396146 __DUMMY__ 0.010827265196809942	false	1.0
N1786	favors 1.0	favors 1.0	favors 0.7423874420708639 opposes 0.2471226640106782 __DUMMY__ 0.010489893918457829	false	1.0
N1303	favors 1.0	favors 1.0	favors 0.7401665551806508 opposes 0.24882436614712017 __DUMMY__ 0.011009078672228945	false	1.0
N1787	opposes 1.0	opposes 1.0	opposes 0.7215128270826073 favors 0.26729663840491313 __DUMMY__ 0.011190534512479488	false	1.0
N1300	favors 1.0		opposes 0.5085782385004503 favors 0.4658492309218192 __DUMMY__ 0.02557253057773055	true	0.5
N1784	opposes 1.0	opposes 1.0	opposes 0.7100759136243633 favors 0.27934013162171717 __DUMMY__ 0.010583954753919565	false	1.0
N1301	favors 1.0		favors 0.511041416515628 opposes 0.46343340976701736 __DUMMY__ 0.025525173717354528	true	1.0
N1785	opposes 1.0	opposes 1.0	opposes 0.7214886572606164 favors 0.26753678115365 __DUMMY__ 0.01097456158573362	false	1.0
N1306	opposes 1.0		favors 0.517707665748158 opposes 0.455697406321231 __DUMMY__ 0.02659492793061113	true	0.5
N1307	favors 1.0		favors 0.5035814771407523 opposes 0.4690636807292386 __DUMMY__ 0.027354842130009112	true	1.0
N1304	opposes 1.0		opposes 0.5060894481295696 favors 0.46566461926234093 __DUMMY__ 0.028245932608089556	true	1.0
N1788	opposes 1.0		opposes 0.5021874063388583 favors 0.47201437801553275 __DUMMY__ 0.025798215645608812	true	1.0
N1305	opposes 1.0		opposes 0.4890342323171881 favors 0.4850227594377867 __DUMMY__ 0.025943008245025205	true	1.0
N1789	favors 1.0		favors 0.513832274369721 opposes 0.4604155624053807 __DUMMY__ 0.025752163224898317	true	1.0
N1308	favors 1.0		favors 0.525470076264392 opposes 0.4473276576492359 __DUMMY__ 0.027202266086372166	true	1.0
N1309	opposes 1.0	opposes 1.0	opposes 0.6924638520702695 favors 0.29712343396009405 __DUMMY__ 0.010412713969636408	false	1.0
N1771	favors 1.0		favors 0.5229990055648965 opposes 0.4513881648158234 __DUMMY__ 0.025612829619280256	true	1.0
N1772	opposes 1.0	opposes 1.0	opposes 0.7266683436407086 favors 0.2623864858465228 __DUMMY__ 0.01094517051276859	false	1.0
N1770	favors 1.0	favors 1.0	favors 0.7253175854838554 opposes 0.2646438137131024 __DUMMY__ 0.010038600803042174	false	1.0
N1775	favors 1.0		opposes 0.48925350929851674 favors 0.4826842361498516 __DUMMY__ 0.028062254551631558	true	0.5
N1776	favors 1.0	favors 1.0	favors 0.7345489930012079 opposes 0.25527645516530445 __DUMMY__ 0.01017455183348766	false	1.0
N1773	opposes 1.0		favors 0.5561688082536446 opposes 0.41696823333595134 __DUMMY__ 0.026862958410403953	true	0.5
N2620	favors 1.0	favors 1.0	favors 0.7364271251992885 opposes 0.25355902935804375 __DUMMY__ 0.01001384544266772	false	1.0
N1774	opposes 1.0	opposes 1.0	opposes 0.7079820318463195 favors 0.2811172934727887 __DUMMY__ 0.010900674680891804	false	1.0
N1779	opposes 1.0	opposes 1.0	opposes 0.7443649145923108 favors 0.24516971040546065 __DUMMY__ 0.010465375002228576	false	1.0
N1777	favors 1.0	favors 1.0	favors 0.7506863087749677 opposes 0.23876771875473882 __DUMMY__ 0.010545972470293515	false	1.0
N1778	favors 1.0		favors 0.5584571148749236 opposes 0.41532556338890453 __DUMMY__ 0.026217321736171962	true	1.0
N901	favors 1.0	favors 1.0	favors 0.7396391259216031 opposes 0.24935250759409583 __DUMMY__ 0.011008366484301037	false	1.0
N902	opposes 1.0		favors 0.490537483284561 opposes 0.4837770949551698 __DUMMY__ 0.025685421760269344	true	0.5
N903	opposes 1.0		favors 0.5246107337835252 opposes 0.4497390552593051 __DUMMY__ 0.02565021095716979	true	0.5
N904	opposes 1.0	opposes 1.0	opposes 0.7213793210240249 favors 0.26771554793811486 __DUMMY__ 0.01090513103786029	false	1.0
N1760	opposes 1.0	opposes 1.0	opposes 0.6914916597379162 favors 0.2980758448042974 __DUMMY__ 0.010432495457786474	false	1.0
N1761	opposes 1.0		opposes 0.5172516593049775 favors 0.4561016376060787 __DUMMY__ 0.026646703088943787	true	1.0
N900	opposes 1.0	opposes 1.0	opposes 0.7081174546466007 favors 0.28145588374253383 __DUMMY__ 0.010426661610865452	false	1.0
N909	opposes 1.0		favors 0.5304313187855794 opposes 0.44312123769872136 __DUMMY__ 0.02644744351569938	true	0.5
N1764	opposes 1.0		favors 0.502947332429178 opposes 0.4709559350631806 __DUMMY__ 0.026096732507641315	true	0.5
N2611	favors 1.0		opposes 0.49216660224843356 favors 0.48007774963881583 __DUMMY__ 0.02775564811275067	true	0.5
N1765	favors 1.0		opposes 0.5040065798055295 favors 0.46981313497751026 __DUMMY__ 0.026180285216960298	true	0.5
N2612	favors 1.0		favors 0.496352265958377 opposes 0.47795965887507036 __DUMMY__ 0.025688075166552596	true	1.0
N1762	opposes 1.0		favors 0.49713037867029913 opposes 0.4753325003232295 __DUMMY__ 0.02753712100647138	true	0.5
N1763	opposes 1.0		favors 0.5149704057866341 opposes 0.45801504823729633 __DUMMY__ 0.027014545976069483	true	0.5
N2610	opposes 1.0		favors 0.520806566052393 opposes 0.4522106353632261 __DUMMY__ 0.026982798584380862	true	0.5
N905	opposes 1.0		favors 0.5521585760206306 opposes 0.42116810542343897 __DUMMY__ 0.02667331855593054	true	0.5
N1768	opposes 1.0		favors 0.5212808340958867 opposes 0.4522889643996703 __DUMMY__ 0.02643020150444319	true	0.5
N2615	opposes 1.0	opposes 1.0	opposes 0.7026014663865426 favors 0.2867582240954661 __DUMMY__ 0.010640309517991327	false	1.0
N906	opposes 1.0		favors 0.5244608985165466 opposes 0.4484821256513898 __DUMMY__ 0.027056975832063606	true	0.5
N1769	favors 1.0		favors 0.5061898031205242 opposes 0.46618529534227865 __DUMMY__ 0.02762490153719715	true	1.0
N2616	favors 1.0	favors 1.0	favors 0.7648921414085096 opposes 0.22491849273897344 __DUMMY__ 0.010189365852517092	false	1.0
N907	favors 1.0	favors 1.0	favors 0.7282298480268062 opposes 0.2605132699962481 __DUMMY__ 0.011256881976945677	false	1.0
N1766	favors 1.0		favors 0.528112705091417 opposes 0.44537198109085785 __DUMMY__ 0.026515313817725164	true	1.0
N2613	opposes 1.0	opposes 1.0	opposes 0.7053860606967166 favors 0.28423761888272475 __DUMMY__ 0.010376320420558586	false	1.0
N908	favors 1.0		favors 0.503714865657196 opposes 0.4703129071688333 __DUMMY__ 0.025972227173970696	true	1.0
N1767	favors 1.0		favors 0.5067725137713663 opposes 0.465970730241289 __DUMMY__ 0.027256755987344686	true	1.0
N2614	opposes 1.0		favors 0.5139423425427396 opposes 0.45909729000654564 __DUMMY__ 0.02696036745071479	true	0.5
N2619	opposes 1.0		favors 0.5155092044155907 opposes 0.4579302971850314 __DUMMY__ 0.02656049839937795	true	0.5
N2617	favors 1.0	favors 1.0	favors 0.7102900165832355 opposes 0.27939272832792134 __DUMMY__ 0.010317255088843255	false	1.0
N2618	favors 1.0	favors 1.0	favors 0.7332065194413863 opposes 0.2559675643966254 __DUMMY__ 0.010825916161988384	false	1.0
N1750	favors 1.0	favors 1.0	favors 0.7247886720667106 opposes 0.26508916973897806 __DUMMY__ 0.010122158194311321	false	1.0
N1753	favors 1.0		favors 0.5516185213140122 opposes 0.42136882374934126 __DUMMY__ 0.027012654936646594	true	1.0
N2600	opposes 1.0	opposes 1.0	opposes 0.7224844378622597 favors 0.2672678938962526 __DUMMY__ 0.010247668241487661	false	1.0
N1754	favors 1.0		favors 0.5200446751174772 opposes 0.45255821775259497 __DUMMY__ 0.02739710712992783	true	1.0
N2601	favors 1.0		opposes 0.506746892012367 favors 0.46736353735001607 __DUMMY__ 0.0258895706376169	true	0.5
N1751	favors 1.0		favors 0.5201270155453983 opposes 0.45407873091299905 __DUMMY__ 0.02579425354160284	true	1.0
N1752	favors 1.0		opposes 0.4867518546787459 favors 0.4858062934923124 __DUMMY__ 0.02744185182894181	true	0.5
N1757	favors 1.0	favors 1.0	favors 0.7490839523568689 opposes 0.2403017235082276 __DUMMY__ 0.010614324134903399	false	1.0
N2604	opposes 1.0		favors 0.5193925526074833 opposes 0.45445685840840083 __DUMMY__ 0.026150588984115992	true	0.5
N1758	favors 1.0		favors 0.5134997248136394 opposes 0.45912433976505146 __DUMMY__ 0.027375935421309082	true	1.0
N2605	favors 1.0	favors 1.0	favors 0.7371656383275351 opposes 0.25190587021604727 __DUMMY__ 0.010928491456417652	false	1.0
N1755	opposes 1.0		opposes 0.4905680193127293 favors 0.48127614583718425 __DUMMY__ 0.028155834850086374	true	1.0
N2602	favors 1.0		favors 0.5261316771982533 opposes 0.4476566162901831 __DUMMY__ 0.02621170651156355	true	1.0
N1756	opposes 1.0		favors 0.49671301039797755 opposes 0.4771487916457052 __DUMMY__ 0.02613819795631736	true	0.5
N2603	favors 1.0	favors 1.0	favors 0.7376438517731029 opposes 0.2516361280533233 __DUMMY__ 0.010720020173573873	false	1.0
N2608	opposes 1.0	opposes 1.0	opposes 0.7280795691092938 favors 0.26113608463154075 __DUMMY__ 0.010784346259165408	false	1.0
N2609	opposes 1.0		favors 0.5542382978642117 opposes 0.41924222307371395 __DUMMY__ 0.0265194790620744	true	0.5
N1759	favors 1.0	favors 1.0	favors 0.7528381250716828 opposes 0.23631852159898162 __DUMMY__ 0.010843353329335606	false	1.0
N2606	opposes 1.0	opposes 1.0	opposes 0.7318449428483942 favors 0.2582803383754881 __DUMMY__ 0.009874718776117664	false	1.0
N2607	opposes 1.0	opposes 1.0	opposes 0.7098713049827422 favors 0.28028301828130026 __DUMMY__ 0.009845676735957539	false	1.0
N923	favors 1.0		opposes 0.49430793026021447 favors 0.4782244046211398 __DUMMY__ 0.027467665118645693	true	0.5
N924	favors 1.0		favors 0.5465001326984479 opposes 0.42647935189305497 __DUMMY__ 0.027020515408497116	true	1.0
N925	favors 1.0		favors 0.514312679041033 opposes 0.45826749336873507 __DUMMY__ 0.02741982759023194	true	1.0
N926	opposes 1.0	opposes 1.0	opposes 0.7333657493632586 favors 0.25519085335564395 __DUMMY__ 0.011443397281097525	false	1.0
N1342	opposes 1.0	opposes 1.0	opposes 0.7233986154396272 favors 0.2665026551280012 __DUMMY__ 0.01009872943237152	false	1.0
N920	opposes 1.0	opposes 1.0	opposes 0.7212761214445825 favors 0.2675748965458605 __DUMMY__ 0.011148982009556916	false	1.0
N1343	favors 1.0		favors 0.5277137953858341 opposes 0.4458728840940635 __DUMMY__ 0.026413320520102535	true	1.0
N921	favors 1.0		opposes 0.5005980253063296 favors 0.47360265022522163 __DUMMY__ 0.025799324468448813	true	0.5
N1340	favors 1.0	favors 1.0	favors 0.7460708022175265 opposes 0.2430996542362678 __DUMMY__ 0.010829543546205711	false	1.0
N922	favors 1.0		favors 0.5142789869637573 opposes 0.45996673845089686 __DUMMY__ 0.02575427458534578	true	1.0
N1341	opposes 1.0		opposes 0.4920711208955743 favors 0.480004160456333 __DUMMY__ 0.027924718648092685	true	1.0
N1346	opposes 1.0	opposes 1.0	opposes 0.7458607864206984 favors 0.24374690036753213 __DUMMY__ 0.01039231321176945	false	1.0
N1347	opposes 1.0		favors 0.4967391290902712 opposes 0.47596579831658997 __DUMMY__ 0.027295072593138837	true	0.5
N1344	favors 1.0		favors 0.5139269237985209 opposes 0.45895432432264754 __DUMMY__ 0.027118751878831542	true	1.0
N1345	favors 1.0	favors 1.0	favors 0.7650094711042085 opposes 0.22471689791118335 __DUMMY__ 0.010273630984608192	false	1.0
N927	opposes 1.0		favors 0.49042157319128554 opposes 0.48346398598931184 __DUMMY__ 0.02611444081940249	true	0.5
N928	favors 1.0		favors 0.5204868982145294 opposes 0.4527840357007952 __DUMMY__ 0.026729066084675453	true	1.0
N929	favors 1.0		favors 0.5074917565231157 opposes 0.46510934820550837 __DUMMY__ 0.027398895271376008	true	1.0
N1348	favors 1.0	favors 1.0	favors 0.743168467825282 opposes 0.24622206065649582 __DUMMY__ 0.010609471518222075	false	1.0
N1349	opposes 1.0	opposes 1.0	opposes 0.7195752592430654 favors 0.2703335576863392 __DUMMY__ 0.01009118307059536	false	1.0
N912	favors 1.0		favors 0.5542205379991616 opposes 0.4196315686424333 __DUMMY__ 0.02614789335840522	true	1.0
N913	favors 1.0		favors 0.5042352086591991 opposes 0.4685738228370433 __DUMMY__ 0.0271909685037575	true	1.0
N914	opposes 1.0		favors 0.5202263027386482 opposes 0.4530634056586179 __DUMMY__ 0.026710291602733784	true	0.5
N915	favors 1.0	favors 1.0	favors 0.7390280683758034 opposes 0.25072736441855853 __DUMMY__ 0.010244567205638003	false	1.0
N1331	favors 1.0		favors 0.5045634056700774 opposes 0.4696047291106108 __DUMMY__ 0.02583186521931178	true	1.0
N1332	opposes 1.0		opposes 0.5066841626873583 favors 0.46727947106525597 __DUMMY__ 0.026036366247385877	true	1.0
N910	opposes 1.0	opposes 1.0	opposes 0.709494582526653 favors 0.2796742046798562 __DUMMY__ 0.010831212793490861	false	1.0
N911	favors 1.0		favors 0.5352675865196349 opposes 0.43780009343482273 __DUMMY__ 0.026932320045542336	true	1.0
N1330	favors 1.0	favors 1.0	favors 0.7440626058514339 opposes 0.24521536743293193 __DUMMY__ 0.01072202671563427	false	1.0
N1335	favors 1.0	favors 1.0	favors 0.74594169887458 opposes 0.24373194119519026 __DUMMY__ 0.01032635993022976	false	1.0
N1336	opposes 1.0	opposes 1.0	opposes 0.7181436607020779 favors 0.2708510036916874 __DUMMY__ 0.011005335606234673	false	1.0
N1333	favors 1.0		favors 0.5261355551255443 opposes 0.44749695777532944 __DUMMY__ 0.026367487099126265	true	1.0
N1334	favors 1.0		favors 0.5046255700149208 opposes 0.46825128859009496 __DUMMY__ 0.027123141394984153	true	1.0
N916	opposes 1.0	opposes 1.0	opposes 0.7417010854114288 favors 0.24794450970154505 __DUMMY__ 0.010354404887026072	false	1.0
N1339	favors 1.0		favors 0.554292934858411 opposes 0.4190081502142907 __DUMMY__ 0.026698914927298284	true	1.0
N917	opposes 1.0		favors 0.519626008049736 opposes 0.45372059526567826 __DUMMY__ 0.026653396684585846	true	0.5
N918	opposes 1.0		favors 0.4985986539912672 opposes 0.47401129841638456 __DUMMY__ 0.027390047592348248	true	0.5
N1337	favors 1.0	favors 1.0	favors 0.7238519708368731 opposes 0.2661934087393434 __DUMMY__ 0.009954620423783441	false	1.0
N919	favors 1.0		favors 0.5134630637670338 opposes 0.459979411313205 __DUMMY__ 0.026557524919761263	true	1.0
N1338	favors 1.0		favors 0.5209045145137607 opposes 0.45364565906633586 __DUMMY__ 0.025449826419903364	true	1.0
N940	opposes 1.0		favors 0.5102980917603764 opposes 0.4623427859072214 __DUMMY__ 0.02735912233240217	true	0.5
N945	favors 1.0	favors 1.0	favors 0.7470260349295176 opposes 0.2421092386461599 __DUMMY__ 0.01086472642432253	false	1.0
N946	opposes 1.0		favors 0.4909656382936894 opposes 0.48134713729616985 __DUMMY__ 0.02768722441014064	true	0.5
N947	opposes 1.0	opposes 1.0	opposes 0.7183634644896857 favors 0.27139552576854103 __DUMMY__ 0.010241009741773376	false	1.0
N948	favors 1.0	favors 1.0	favors 0.7442879053482319 opposes 0.24488088185827736 __DUMMY__ 0.010831212793490863	false	1.0
N941	favors 1.0	favors 1.0	favors 0.7284939182068801 opposes 0.2613666030744594 __DUMMY__ 0.010139478718660512	false	1.0
N1320	favors 1.0		opposes 0.48738665110885226 favors 0.48528422302769625 __DUMMY__ 0.027329125863451577	true	0.5
N942	favors 1.0	favors 1.0	favors 0.7470110336265394 opposes 0.2428765320155075 __DUMMY__ 0.010112434357953068	false	1.0
N1321	favors 1.0	favors 1.0	favors 0.7660832924928669 opposes 0.22315026459074266 __DUMMY__ 0.010766442916390524	false	1.0
N943	favors 1.0	favors 1.0	favors 0.7306525391522436 opposes 0.25844232980989595 __DUMMY__ 0.010905131037860305	false	1.0
N944	opposes 1.0		favors 0.5521585760206305 opposes 0.42116810542343897 __DUMMY__ 0.026673318555930525	true	0.5
N1324	opposes 1.0	opposes 1.0	opposes 0.7222174679015445 favors 0.26761902375082175 __DUMMY__ 0.010163508347633814	false	1.0
N1325	favors 1.0		favors 0.5315579726441266 opposes 0.4419212202290985 __DUMMY__ 0.0265208071267749	true	1.0
N1322	favors 1.0	favors 1.0	favors 0.7471174745491697 opposes 0.24192997175251588 __DUMMY__ 0.010952553698314382	false	1.0
N1323	opposes 1.0		opposes 0.49169161086536756 favors 0.4801729060107398 __DUMMY__ 0.028135483123892698	true	1.0
N949	favors 1.0		favors 0.535267586519635 opposes 0.43780009343482273 __DUMMY__ 0.026932320045542323	true	1.0
N1328	opposes 1.0	opposes 1.0	opposes 0.7461781856220978 favors 0.24334341202974813 __DUMMY__ 0.01047840234815408	false	1.0
N1329	opposes 1.0		favors 0.4980173711629002 opposes 0.47453243405965917 __DUMMY__ 0.02745019477744056	true	0.5
N1326	favors 1.0		favors 0.5164447647644563 opposes 0.4562860426793599 __DUMMY__ 0.027269192556183656	true	1.0
N1327	favors 1.0		favors 0.5626528005012948 opposes 0.4112180005503681 __DUMMY__ 0.02612919894833701	true	1.0
N934	favors 1.0	favors 1.0	favors 0.7395372232838165 opposes 0.2496928951148002 __DUMMY__ 0.010769881601383273	false	1.0
N935	opposes 1.0		favors 0.49661355708599714 opposes 0.47731675168207444 __DUMMY__ 0.026069691231928396	true	0.5
N1790	opposes 1.0		opposes 0.49578849427410193 favors 0.4766962426907639 __DUMMY__ 0.02751526303513417	true	1.0
N936	opposes 1.0		opposes 0.494615780469064 favors 0.47924382475362354 __DUMMY__ 0.026140394777312496	true	1.0
N937	opposes 1.0		favors 0.5288880371725224 opposes 0.44469617750128976 __DUMMY__ 0.0264157853261879	true	0.5
N930	favors 1.0	favors 1.0	favors 0.7498503715453246 opposes 0.23928146004500575 __DUMMY__ 0.010868168409669624	false	1.0
N1793	opposes 1.0		opposes 0.4997075534261389 favors 0.4720157937178866 __DUMMY__ 0.02827665285597442	true	1.0
N931	opposes 1.0		favors 0.5492503290423649 opposes 0.4243826164659091 __DUMMY__ 0.02636705449172609	true	0.5
N1310	opposes 1.0	opposes 1.0	opposes 0.7533654172678869 favors 0.23611339826950814 __DUMMY__ 0.01052118446260499	false	1.0
N1794	opposes 1.0		favors 0.4893916830676514 opposes 0.48448562867152317 __DUMMY__ 0.026122688260825404	true	0.5
N932	opposes 1.0	opposes 1.0	opposes 0.7486468395390209 favors 0.24081241575606557 __DUMMY__ 0.010540744704913507	false	1.0
N1791	favors 1.0	favors 1.0	favors 0.7593257157731517 opposes 0.2298234450949542 __DUMMY__ 0.01085083913189418	false	1.0
N933	opposes 1.0	opposes 1.0	opposes 0.7251953680696537 favors 0.26375647322199036 __DUMMY__ 0.011048158708355906	false	1.0
N1792	favors 1.0		favors 0.5138762023611294 opposes 0.4586606500413573 __DUMMY__ 0.027463147597513143	true	1.0
N1313	opposes 1.0		opposes 0.5072954793690169 favors 0.46659834707390535 __DUMMY__ 0.02610617355707772	true	1.0
N1797	favors 1.0		favors 0.5271434280911813 opposes 0.44555676017948476 __DUMMY__ 0.02729981172933388	true	1.0
N1314	favors 1.0		favors 0.529467519429496 opposes 0.44406956967378125 __DUMMY__ 0.02646291089672273	true	1.0
N1798	opposes 1.0	opposes 1.0	opposes 0.6931487542044138 favors 0.296382060772566 __DUMMY__ 0.010469185023020187	false	1.0
N1311	opposes 1.0	opposes 1.0	opposes 0.7274858102459432 favors 0.2614310684540268 __DUMMY__ 0.011083121300030013	false	1.0
N1795	opposes 1.0		favors 0.5201909290058824 opposes 0.45305332382398433 __DUMMY__ 0.02675574717013324	true	0.5
N1312	opposes 1.0		favors 0.4916062574044342 opposes 0.48251126705146025 __DUMMY__ 0.025882475544105582	true	0.5
N1796	favors 1.0		favors 0.5068666510183636 opposes 0.46569050410794754 __DUMMY__ 0.027442844873688914	true	1.0
N938	opposes 1.0		favors 0.5107432369812804 opposes 0.46220452316606025 __DUMMY__ 0.02705223985265936	true	0.5
N1317	opposes 1.0	opposes 1.0	opposes 0.7165411906375662 favors 0.27232336048490297 __DUMMY__ 0.011135448877530842	false	1.0
N939	favors 1.0	favors 1.0	favors 0.747050503919536 opposes 0.24252283446959846 __DUMMY__ 0.010426661610865456	false	1.0
N1318	favors 1.0	favors 1.0	favors 0.72327399528849 opposes 0.266708585520439 __DUMMY__ 0.010017419191070935	false	1.0
N1315	opposes 1.0		favors 0.5064002609665287 opposes 0.46633424021318964 __DUMMY__ 0.027265498820281585	true	0.5
N1799	opposes 1.0	opposes 1.0	opposes 0.7496131118168167 favors 0.23982150786149117 __DUMMY__ 0.010565380321692129	false	1.0
N1316	favors 1.0	favors 1.0	favors 0.7469477691759443 opposes 0.24264976273543057 __DUMMY__ 0.010402468088625124	false	1.0
N1319	opposes 1.0		favors 0.5239647815872345 opposes 0.4505537447110438 __DUMMY__ 0.025481473701721814	true	0.5
N960	favors 1.0		favors 0.5175277300719349 opposes 0.45494472035741407 __DUMMY__ 0.027527549570650966	true	1.0
N961	favors 1.0		opposes 0.4960912393756713 favors 0.4755565749731645 __DUMMY__ 0.028352185651164326	true	0.5
N962	opposes 1.0	opposes 1.0	opposes 0.7251057452910852 favors 0.26460999516534217 __DUMMY__ 0.010284259543572682	false	1.0
N967	opposes 1.0		favors 0.5119278872986868 opposes 0.46095005908644493 __DUMMY__ 0.02712205361486831	true	0.5
N1382	favors 1.0		favors 0.5610466875915207 opposes 0.41251900062805347 __DUMMY__ 0.026434311780425986	true	1.0
N968	favors 1.0	favors 1.0	favors 0.7344545163164446 opposes 0.2552600339952174 __DUMMY__ 0.010285449688337889	false	1.0
N1383	opposes 1.0		opposes 0.5109492139489751 favors 0.4623607544119501 __DUMMY__ 0.026690031639074786	true	1.0
N2230	opposes 1.0	opposes 1.0	opposes 0.7259063539188234 favors 0.26318806218863766 __DUMMY__ 0.010905583892538801	false	1.0
N969	favors 1.0		opposes 0.5041825005634462 favors 0.46984548186846364 __DUMMY__ 0.025972017568090405	true	0.5
N1380	favors 1.0		favors 0.5200505859695056 opposes 0.45252808727377997 __DUMMY__ 0.02742132675671453	true	1.0
N1381	favors 1.0	favors 1.0	favors 0.7563142953666815 opposes 0.2328192788593304 __DUMMY__ 0.010866425773988112	false	1.0
N963	opposes 1.0		favors 0.5242728378563811 opposes 0.4489053803843162 __DUMMY__ 0.026821781759302676	true	0.5
N1386	opposes 1.0		favors 0.5094184788382339 opposes 0.4644398989325051 __DUMMY__ 0.026141622229260874	true	0.5
N2233	favors 1.0		opposes 0.4880125572832037 favors 0.4840077731486219 __DUMMY__ 0.027979669568174364	true	0.5
N964	favors 1.0		favors 0.5540428571325576 opposes 0.4195128584000566 __DUMMY__ 0.026444284467385695	true	1.0
N1387	opposes 1.0	opposes 1.0	opposes 0.7392442201468931 favors 0.25040974444242775 __DUMMY__ 0.010346035410679296	false	1.0
N2234	favors 1.0		favors 0.4997308161843021 opposes 0.47436092095026805 __DUMMY__ 0.025908262865429785	true	1.0
N965	favors 1.0		opposes 0.5241388229545815 favors 0.44914287698369554 __DUMMY__ 0.026718300061722936	true	0.5
N1384	favors 1.0	favors 1.0	favors 0.7371222203467589 opposes 0.25183854742549083 __DUMMY__ 0.011039232227750296	false	1.0
N2231	favors 1.0		favors 0.5576258011782419 opposes 0.41560043797572566 __DUMMY__ 0.02677376084603242	true	1.0
N966	favors 1.0		favors 0.4930237690111482 opposes 0.4793020763708906 __DUMMY__ 0.027674154617961067	true	1.0
N1385	favors 1.0		favors 0.5218041805076009 opposes 0.4511339363749476 __DUMMY__ 0.027061883117451536	true	1.0
N2232	opposes 1.0	opposes 1.0	opposes 0.7072667326223022 favors 0.2818695974899388 __DUMMY__ 0.010863669887758963	false	1.0
N2237	opposes 1.0		favors 0.5369339651751711 opposes 0.4360207617694872 __DUMMY__ 0.027045273055341643	true	0.5
N2238	favors 1.0	favors 1.0	favors 0.7666887312117555 opposes 0.22299363029746666 __DUMMY__ 0.0103176384907778	false	1.0
N1388	opposes 1.0		favors 0.5272405896834383 opposes 0.4461477648678893 __DUMMY__ 0.026611645448672318	true	0.5
N2235	favors 1.0		favors 0.5312835625315794 opposes 0.44222678885993416 __DUMMY__ 0.02648964860848664	true	1.0
N1389	opposes 1.0	opposes 1.0	opposes 0.7175986233724065 favors 0.27143734571754186 __DUMMY__ 0.010964030910051527	false	1.0
N2236	opposes 1.0		favors 0.5173425966075249 opposes 0.45547676528383846 __DUMMY__ 0.027180638108636638	true	0.5
N2239	favors 1.0		opposes 0.5159193716147251 favors 0.45764741652837504 __DUMMY__ 0.02643321185689993	true	0.5
N950	opposes 1.0		opposes 0.5055498348028786 favors 0.46803396057500146 __DUMMY__ 0.026416204622119934	true	1.0
N951	opposes 1.0	opposes 1.0	opposes 0.7170553212745474 favors 0.2720213583415684 __DUMMY__ 0.010923320383884175	false	1.0
N956	favors 1.0		favors 0.5004637109738922 opposes 0.4716604626489546 __DUMMY__ 0.027875826377153252	true	1.0
N1371	opposes 1.0		favors 0.5103915114625921 opposes 0.46183911828668717 __DUMMY__ 0.027769370250720717	true	0.5
N957	opposes 1.0	opposes 1.0	opposes 0.7339412713762938 favors 0.25590538932277546 __DUMMY__ 0.010153339300930724	false	1.0
N1372	favors 1.0	favors 1.0	favors 0.728407691950026 opposes 0.2614461586636309 __DUMMY__ 0.010146149386343091	false	1.0
N958	opposes 1.0		favors 0.5175621563116443 opposes 0.4566325150340759 __DUMMY__ 0.025805328654279792	true	0.5
N959	opposes 1.0	opposes 1.0	opposes 0.7301817558297798 favors 0.2587178856253263 __DUMMY__ 0.01110035854489389	false	1.0
N1370	favors 1.0		favors 0.5247455532076215 opposes 0.4486480864681138 __DUMMY__ 0.026606360324264593	true	1.0
N952	opposes 1.0		favors 0.5094449923930452 opposes 0.4646324934134179 __DUMMY__ 0.02592251419353693	true	0.5
N1375	favors 1.0		favors 0.5589774183446676 opposes 0.4139588098465356 __DUMMY__ 0.027063771808796797	true	1.0
N2222	opposes 1.0	opposes 1.0	opposes 0.7241853931938426 favors 0.26592696946352107 __DUMMY__ 0.009887637342636403	false	1.0
N953	favors 1.0		opposes 0.5105694851197498 favors 0.4630543440512134 __DUMMY__ 0.02637617082903678	true	0.5
N1376	favors 1.0	favors 1.0	favors 0.749411186125144 opposes 0.23961569255669418 __DUMMY__ 0.010973121318161812	false	1.0
N2223	favors 1.0	favors 1.0	favors 0.7197016213174937 opposes 0.27005336855468254 __DUMMY__ 0.010245010127823733	false	1.0
N954	favors 1.0		favors 0.5230033066562896 opposes 0.45026258804665714 __DUMMY__ 0.02673410529705325	true	1.0
N1373	favors 1.0		favors 0.5267835968040111 opposes 0.4473758353957977 __DUMMY__ 0.025840567800191235	true	1.0
N2220	opposes 1.0	opposes 1.0	opposes 0.7267177920234524 favors 0.2625463988440975 __DUMMY__ 0.010735809132450176	false	1.0
N955	favors 1.0	favors 1.0	favors 0.7357709312780385 opposes 0.2532310617756772 __DUMMY__ 0.010998006946284245	false	1.0
N1374	opposes 1.0	opposes 1.0	opposes 0.7239173634779928 favors 0.2650616534543984 __DUMMY__ 0.011020983067608752	false	1.0
N2221	favors 1.0		favors 0.5067876937630509 opposes 0.4668876044768055 __DUMMY__ 0.026324701760143718	true	1.0
N1379	favors 1.0	favors 1.0	favors 0.752944510383038 opposes 0.23641553797015982 __DUMMY__ 0.010639951646802127	false	1.0
N2226	opposes 1.0		favors 0.5224427656617772 opposes 0.45119857047404627 __DUMMY__ 0.0263586638641765	true	0.5
N2227	favors 1.0	favors 1.0	favors 0.739043240116647 opposes 0.2499204109314551 __DUMMY__ 0.01103634895189797	false	1.0
N1377	opposes 1.0		favors 0.48815584475073315 opposes 0.4836405431620733 __DUMMY__ 0.028203612087193564	true	0.5
N2224	favors 1.0	favors 1.0	favors 0.7507983942671619 opposes 0.23875927493228116 __DUMMY__ 0.010442330800557006	false	1.0
N1378	favors 1.0		favors 0.5029180299342575 opposes 0.4709008243203287 __DUMMY__ 0.026181145745413716	true	1.0
N2225	favors 1.0	favors 1.0	favors 0.739489120576737 opposes 0.2496825005765435 __DUMMY__ 0.010828378846719503	false	1.0
N2228	opposes 1.0	opposes 1.0	opposes 0.7297285277159508 favors 0.26027139977078223 __DUMMY__ 0.010000072513266895	false	1.0
N2229	opposes 1.0		favors 0.5242961630480978 opposes 0.45017162124592136 __DUMMY__ 0.025532215705981066	true	0.5
N981	favors 1.0		favors 0.5620952567029432 opposes 0.41192681658995733 __DUMMY__ 0.025977926707099475	true	1.0
N982	opposes 1.0	opposes 1.0	opposes 0.7445488139430034 favors 0.24508115661624805 __DUMMY__ 0.010370029440748543	false	1.0
N983	favors 1.0		favors 0.5001128660332251 opposes 0.47262818717947686 __DUMMY__ 0.027258946787297955	true	1.0
N500	favors 1.0		favors 0.5175803287030855 opposes 0.4550541474672308 __DUMMY__ 0.027365523829683897	true	1.0
N984	favors 1.0	favors 1.0	favors 0.7452582570725578 opposes 0.24415087147336925 __DUMMY__ 0.010590871454073022	false	1.0
N980	opposes 1.0		favors 0.5178463462685761 opposes 0.455076159092565 __DUMMY__ 0.027077494638858956	true	0.5
N505	favors 1.0	favors 1.0	favors 0.7638360566458025 opposes 0.22575925329256688 __DUMMY__ 0.010404690061630712	false	1.0
N989	favors 1.0		favors 0.5133050706051693 opposes 0.4603279483006501 __DUMMY__ 0.02636698109418067	true	1.0
N1360	favors 1.0	favors 1.0	favors 0.7516848393120338 opposes 0.23771954799056438 __DUMMY__ 0.010595612697401747	false	1.0
N506	opposes 1.0		opposes 0.5263211868479447 favors 0.44713838614475804 __DUMMY__ 0.026540427007297276	true	1.0
N1361	opposes 1.0		favors 0.5176504777680178 opposes 0.4550089696479397 __DUMMY__ 0.027340552584042475	true	0.5
N507	opposes 1.0		favors 0.49232535391906335 opposes 0.4801528534088173 __DUMMY__ 0.027521792672119388	true	0.5
N508	opposes 1.0		favors 0.5117974191276384 opposes 0.46126402035994474 __DUMMY__ 0.026938560512416818	true	0.5
N501	opposes 1.0		opposes 0.4975814994282811 favors 0.47421278151745194 __DUMMY__ 0.02820571905426703	true	1.0
N985	favors 1.0	favors 1.0	favors 0.7382856925583755 opposes 0.2516537822490387 __DUMMY__ 0.010060525192585745	false	1.0
N1364	favors 1.0		favors 0.5000425057107195 opposes 0.4724449825596269 __DUMMY__ 0.02751251172965372	true	1.0
N2211	favors 1.0	favors 1.0	favors 0.7413304698920963 opposes 0.24896137093824575 __DUMMY__ 0.009708159169658146	false	1.0
N502	opposes 1.0		favors 0.4919909794954431 opposes 0.48202729521461946 __DUMMY__ 0.025981725289937415	true	0.5
N986	opposes 1.0	opposes 1.0	opposes 0.7423294855946523 favors 0.24741485828178683 __DUMMY__ 0.010255656123560844	false	1.0
N1365	favors 1.0		favors 0.5194217588257684 opposes 0.4536283491474622 __DUMMY__ 0.026949892026769413	true	1.0
N2212	favors 1.0	favors 1.0	favors 0.7204389840932565 opposes 0.26887853610501133 __DUMMY__ 0.010682479801732188	false	1.0
N503	favors 1.0	favors 1.0	favors 0.7403782220129838 opposes 0.24867927601357318 __DUMMY__ 0.010942501973443023	false	1.0
N987	opposes 1.0	opposes 1.0	opposes 0.7101071486630337 favors 0.27943477176295817 __DUMMY__ 0.01045807957400813	false	1.0
N1362	favors 1.0		favors 0.5378161171999023 opposes 0.4349852844710847 __DUMMY__ 0.02719859832901319	true	1.0
N504	favors 1.0		favors 0.5313152102722758 opposes 0.44148687714599505 __DUMMY__ 0.027197912581729086	true	1.0
N988	opposes 1.0	opposes 1.0	opposes 0.7214555244067727 favors 0.26769291322271704 __DUMMY__ 0.010851562370510128	false	1.0
N1363	opposes 1.0		opposes 0.5172001107657402 favors 0.4562362584011567 __DUMMY__ 0.026563630833103063	true	1.0
N2210	favors 1.0		opposes 0.5051624002065114 favors 0.4697884926290204 __DUMMY__ 0.025049107164468332	true	0.5
N1368	favors 1.0		favors 0.531613959777287 opposes 0.441682325063437 __DUMMY__ 0.02670371515927599	true	1.0
N2215	opposes 1.0	opposes 1.0	opposes 0.7354573982631035 favors 0.25341670192029025 __DUMMY__ 0.011125899816606296	false	1.0
N1369	favors 1.0	favors 1.0	favors 0.741278176698941 opposes 0.24778686969065053 __DUMMY__ 0.010934953610408386	false	1.0
N2216	opposes 1.0	opposes 1.0	opposes 0.7279615546172216 favors 0.2621341699889005 __DUMMY__ 0.009904275393877962	false	1.0
N1366	favors 1.0		favors 0.5063167227857214 opposes 0.4677110972874645 __DUMMY__ 0.02597217992681413	true	1.0
N2213	opposes 1.0		favors 0.5466222494840087 opposes 0.4271175161580319 __DUMMY__ 0.02626023435795927	true	0.5
N1367	opposes 1.0		opposes 0.49846632477418296 favors 0.47516313618327816 __DUMMY__ 0.026370539042538894	true	1.0
N2214	favors 1.0	favors 1.0	favors 0.7414457395901489 opposes 0.24789951203532004 __DUMMY__ 0.010654748374531007	false	1.0
N509	opposes 1.0	opposes 1.0	opposes 0.7213262175364998 favors 0.2684748360370441 __DUMMY__ 0.01019894642645607	false	1.0
N2219	opposes 1.0	opposes 1.0	opposes 0.751342531892191 favors 0.23844957968771838 __DUMMY__ 0.010207888420090598	false	1.0
N2217	favors 1.0		favors 0.5055495206798155 opposes 0.46769771515783015 __DUMMY__ 0.026752764162354264	true	1.0
N2218	favors 1.0		favors 0.5495220376441042 opposes 0.42486953144456746 __DUMMY__ 0.02560843091132833	true	1.0
N970	favors 1.0	favors 1.0	favors 0.7511943160545056 opposes 0.23842488453728428 __DUMMY__ 0.0103807994082101	false	1.0
N971	favors 1.0	favors 1.0	favors 0.739463964673158 opposes 0.24975288721866218 __DUMMY__ 0.010783148108179784	false	1.0
N972	opposes 1.0		favors 0.5230729650431923 opposes 0.4506900174945124 __DUMMY__ 0.026237017462295235	true	0.5
N973	favors 1.0	favors 1.0	favors 0.7390001760913368 opposes 0.25000177705381693 __DUMMY__ 0.010998046854846252	false	1.0
N978	favors 1.0		favors 0.4995880100205227 opposes 0.47464592868445876 __DUMMY__ 0.0257660612950185	true	1.0
N979	favors 1.0	favors 1.0	favors 0.7518342440897916 opposes 0.2377266926104937 __DUMMY__ 0.010439063299714646	false	1.0
N1350	favors 1.0	favors 1.0	favors 0.7190799298893764 opposes 0.27060582531831545 __DUMMY__ 0.010314244792308117	false	1.0
N974	opposes 1.0	opposes 1.0	opposes 0.7300911346816262 favors 0.2599894934949251 __DUMMY__ 0.00991937182344866	false	1.0
N1353	favors 1.0		favors 0.5074245393309956 opposes 0.46486149500116164 __DUMMY__ 0.027713965667842715	true	1.0
N2200	favors 1.0	favors 1.0	favors 0.7533901762680746 opposes 0.2356828013332961 __DUMMY__ 0.010927022398629244	false	1.0
N975	opposes 1.0	opposes 1.0	opposes 0.7075244542140238 favors 0.28258636676439747 __DUMMY__ 0.009889179021578738	false	1.0
N1354	opposes 1.0	opposes 1.0	opposes 0.7299479802050259 favors 0.2599834172251698 __DUMMY__ 0.010068602569804155	false	1.0
N2201	opposes 1.0		opposes 0.5188618275533133 favors 0.4543737692413079 __DUMMY__ 0.026764403205378758	true	1.0
N976	favors 1.0		favors 0.5598988370112625 opposes 0.41346238191824874 __DUMMY__ 0.026638781070488712	true	1.0
N1351	favors 1.0		favors 0.5300397792956254 opposes 0.4433870586529192 __DUMMY__ 0.026573162051455497	true	1.0
N977	favors 1.0		opposes 0.48886665428934306 favors 0.4832321268258223 __DUMMY__ 0.027901218884834725	true	0.5
N1352	opposes 1.0		favors 0.5228618230313207 opposes 0.4506566187843455 __DUMMY__ 0.02648155818433399	true	0.5
N1357	favors 1.0	favors 1.0	favors 0.7660951714720223 opposes 0.22312564464613685 __DUMMY__ 0.010779183881840852	false	1.0
N2204	opposes 1.0		favors 0.5029759712269246 opposes 0.4708267792827451 __DUMMY__ 0.026197249490330303	true	0.5
N1358	favors 1.0	favors 1.0	favors 0.7252083053271303 opposes 0.263357717984623 __DUMMY__ 0.011433976688246675	false	1.0
N2205	opposes 1.0	opposes 1.0	opposes 0.7440091111366758 favors 0.24597329737857082 __DUMMY__ 0.010017591484753396	false	1.0
N1355	opposes 1.0	opposes 1.0	opposes 0.7075434812980026 favors 0.28241894429666964 __DUMMY__ 0.010037574405327777	false	1.0
N2202	opposes 1.0		favors 0.4969368221823023 opposes 0.47537245700803044 __DUMMY__ 0.027690720809667217	true	0.5
N1356	opposes 1.0		favors 0.48818626791572567 opposes 0.4844073248510703 __DUMMY__ 0.027406407233204134	true	0.5
N2203	favors 1.0		favors 0.515494586164381 opposes 0.45734644775389083 __DUMMY__ 0.027158966081727978	true	1.0
N2208	favors 1.0	favors 1.0	favors 0.7417640747836672 opposes 0.2480884880882818 __DUMMY__ 0.01014743712805087	false	1.0
N2209	opposes 1.0	opposes 1.0	opposes 0.7225935689757518 favors 0.2665635329565504 __DUMMY__ 0.010842898067697776	false	1.0
N1359	favors 1.0	favors 1.0	favors 0.7349447754394038 opposes 0.2548495905274113 __DUMMY__ 0.010205634033184977	false	1.0
N2206	opposes 1.0	opposes 1.0	opposes 0.7109050665078837 favors 0.2788827554742379 __DUMMY__ 0.010212178017878363	false	1.0
N2207	opposes 1.0		favors 0.4963100623519635 opposes 0.4769146287497463 __DUMMY__ 0.0267753088982901	true	0.5
N520	opposes 1.0	opposes 1.0	opposes 0.7318468761656889 favors 0.2569792605287809 __DUMMY__ 0.011173863305530276	false	1.0
N521	opposes 1.0		favors 0.4934821736048549 opposes 0.4808538996007258 __DUMMY__ 0.025663926794419232	true	0.5
