N1742	opposes 1.0		opposes 0.5056945423507033 favors 0.45576702467662605 __DUMMY__ 0.03853843297267071	true	1.0
N1743	favors 1.0		favors 0.4880293816968251 opposes 0.4727876805634673 __DUMMY__ 0.03918293773970755	true	1.0
N1740	opposes 1.0		favors 0.5495286935803909 opposes 0.4126603889450971 __DUMMY__ 0.03781091747451206	true	0.5
N1741	opposes 1.0		opposes 0.5515545777754175 favors 0.4100552793269022 __DUMMY__ 0.038390142897680384	true	1.0
N1746	opposes 1.0	opposes 1.0	opposes 0.7129063002392468 favors 0.270793742037425 __DUMMY__ 0.0162999577233281	false	1.0
N1747	opposes 1.0		favors 0.48076219041477986 opposes 0.4791563751737111 __DUMMY__ 0.040081434411509	true	0.5
N1744	opposes 1.0		opposes 0.49242864828112165 favors 0.47124853776464687 __DUMMY__ 0.03632281395423152	true	1.0
N1745	opposes 1.0		opposes 0.5276081070284584 favors 0.43358177755387106 __DUMMY__ 0.03881011541767048	true	1.0
N1748	favors 1.0	favors 1.0	favors 0.7291958511370147 opposes 0.2542068359462696 __DUMMY__ 0.016597312916715783	false	1.0
N1749	opposes 1.0		opposes 0.4858452288309117 favors 0.4753331901503802 __DUMMY__ 0.038821581018708	true	1.0
N1731	favors 1.0		opposes 0.5170119748346729 favors 0.4447115159019872 __DUMMY__ 0.03827650926333994	true	0.5
N1732	favors 1.0		favors 0.4890761995234644 opposes 0.47354442253374907 __DUMMY__ 0.03737937794278653	true	1.0
N1730	opposes 1.0		opposes 0.48542981921256595 favors 0.4754435807549113 __DUMMY__ 0.03912660003252278	true	1.0
N1735	opposes 1.0		opposes 0.5303943432093695 favors 0.4295242340104431 __DUMMY__ 0.040081422780187455	true	1.0
N1736	opposes 1.0		opposes 0.4966699089673564 favors 0.4639820699008931 __DUMMY__ 0.03934802113175065	true	1.0
N1733	favors 1.0	favors 1.0	favors 0.753143316371452 opposes 0.22823375854663672 __DUMMY__ 0.018622925081911185	false	1.0
N1734	favors 1.0		favors 0.482813575115086 opposes 0.4758252349416488 __DUMMY__ 0.041361189943265264	true	1.0
N1739	favors 1.0		favors 0.5053550429631884 opposes 0.45751508316896033 __DUMMY__ 0.037129873867851194	true	1.0
N1737	favors 1.0		favors 0.49519101332689675 opposes 0.46630088871768177 __DUMMY__ 0.03850809795542143	true	1.0
N1738	favors 1.0		favors 0.49394443030602675 opposes 0.467897030219893 __DUMMY__ 0.038158539474080246	true	1.0
N1720	favors 1.0		favors 0.5043034844299972 opposes 0.45884036316060045 __DUMMY__ 0.036856152409402515	true	1.0
N1721	favors 1.0	favors 1.0	favors 0.7583258077405566 opposes 0.22519842679599703 __DUMMY__ 0.016475765463446337	false	1.0
N1724	favors 1.0		favors 0.48806200983846404 opposes 0.47318369400952287 __DUMMY__ 0.038754296152013055	true	1.0
N1725	favors 1.0		opposes 0.49156674393350924 favors 0.4723310361111674 __DUMMY__ 0.03610221995532343	true	0.5
N1722	opposes 1.0	opposes 1.0	opposes 0.7602768566763101 favors 0.223027584171027 __DUMMY__ 0.01669555915266297	false	1.0
N1723	favors 1.0		opposes 0.5040392507894496 favors 0.45777392959511726 __DUMMY__ 0.03818681961543305	true	0.5
N1728	opposes 1.0		favors 0.48149062240230045 opposes 0.4779821060552648 __DUMMY__ 0.04052727154243459	true	0.5
N1729	favors 1.0		favors 0.48940690748737437 opposes 0.47238846674191276 __DUMMY__ 0.038204625770712965	true	1.0
N1726	opposes 1.0		opposes 0.5318932556854709 favors 0.42900105985878423 __DUMMY__ 0.03910568445574498	true	1.0
N1727	favors 1.0		favors 0.507386455291717 opposes 0.45513564507015264 __DUMMY__ 0.037477899638130384	true	1.0
N1710	favors 1.0		favors 0.481913460724072 opposes 0.47802524868919627 __DUMMY__ 0.04006129058673172	true	1.0
N1713	opposes 1.0	opposes 1.0	opposes 0.7420901100672863 favors 0.2412263085311727 __DUMMY__ 0.016683581401540987	false	1.0
N1714	opposes 1.0		favors 0.48903899833608033 opposes 0.47387748229882454 __DUMMY__ 0.03708351936509516	true	0.5
N1711	opposes 1.0		favors 0.48935876236443854 opposes 0.4727489494002753 __DUMMY__ 0.03789228823528624	true	0.5
N1712	favors 1.0		opposes 0.485018532625742 favors 0.4762419583556675 __DUMMY__ 0.038739509018590475	true	0.5
N1717	favors 1.0		opposes 0.5268833462633998 favors 0.4335189462837677 __DUMMY__ 0.039597707452832503	true	0.5
N1718	favors 1.0		opposes 0.4956024654803424 favors 0.46544179847290684 __DUMMY__ 0.03895573604675084	true	0.5
N1715	opposes 1.0		opposes 0.512778431832997 favors 0.4483350591518658 __DUMMY__ 0.03888650901513728	true	1.0
N1716	opposes 1.0		favors 0.4831745516437162 opposes 0.47600552797053974 __DUMMY__ 0.04081992038574401	true	0.5
N1719	favors 1.0	favors 1.0	favors 0.7311537590564939 opposes 0.25203816436654203 __DUMMY__ 0.016808076576964114	false	1.0
N1782	favors 1.0	favors 1.0	favors 0.71966046424515 opposes 0.2645119002913728 __DUMMY__ 0.015827635463477256	false	1.0
N1783	opposes 1.0		opposes 0.531446915526642 favors 0.4297918865418482 __DUMMY__ 0.03876119793150969	true	1.0
N1780	favors 1.0		opposes 0.503919437668652 favors 0.45763281315751403 __DUMMY__ 0.038447749173833964	true	0.5
N1781	favors 1.0		favors 0.4869915304671134 opposes 0.4739858488748484 __DUMMY__ 0.039022620658038285	true	1.0
N1302	opposes 1.0	opposes 1.0	opposes 0.6944822752667332 favors 0.28723344662476874 __DUMMY__ 0.01828427810849802	false	1.0
N1786	favors 1.0	favors 1.0	favors 0.7279588352679521 opposes 0.25546473289207605 __DUMMY__ 0.01657643183997186	false	1.0
N1303	favors 1.0	favors 1.0	favors 0.7228907820205555 opposes 0.25880394865839645 __DUMMY__ 0.01830526932104807	false	1.0
N1787	opposes 1.0	opposes 1.0	opposes 0.7286121724383519 favors 0.2543008540797879 __DUMMY__ 0.017086973481860234	false	1.0
N1300	favors 1.0		opposes 0.5198066810611116 favors 0.4422314509577903 __DUMMY__ 0.03796186798109802	true	0.5
N1784	opposes 1.0	opposes 1.0	opposes 0.7135452699008403 favors 0.27018681575844283 __DUMMY__ 0.01626791434071675	false	1.0
N1301	favors 1.0		favors 0.4847683865311478 opposes 0.4781276914176392 __DUMMY__ 0.03710392205121297	true	1.0
N1785	opposes 1.0	opposes 1.0	opposes 0.725075752149339 favors 0.2571561336953755 __DUMMY__ 0.01776811415528555	false	1.0
N1306	opposes 1.0		favors 0.4901679609364099 opposes 0.4716768389032769 __DUMMY__ 0.038155200160313284	true	0.5
N1307	favors 1.0		favors 0.48952981313699606 opposes 0.4726165567911996 __DUMMY__ 0.03785363007180415	true	1.0
N1304	opposes 1.0		opposes 0.5327019395544151 favors 0.4276159973106173 __DUMMY__ 0.03968206313496762	true	1.0
N1788	opposes 1.0		opposes 0.5176962354393644 favors 0.44433728130726646 __DUMMY__ 0.037966483253369175	true	1.0
N1305	opposes 1.0		opposes 0.4999729381690071 favors 0.46100860405240146 __DUMMY__ 0.0390184577785915	true	1.0
N1789	favors 1.0		favors 0.48520589595959945 opposes 0.4776527772804027 __DUMMY__ 0.03714132675999783	true	1.0
N1308	favors 1.0		favors 0.5005649092791401 opposes 0.46256329390103446 __DUMMY__ 0.03687179681982534	true	1.0
N1309	opposes 1.0	opposes 1.0	opposes 0.6905364119533789 favors 0.2929439430072194 __DUMMY__ 0.01651964503940165	false	1.0
N1771	favors 1.0		favors 0.48797417371765517 opposes 0.4746332239756652 __DUMMY__ 0.03739260230667956	true	1.0
N1772	opposes 1.0		opposes 0.5123704222369599 favors 0.4484694199429534 __DUMMY__ 0.03916015782008664	true	1.0
N1770	favors 1.0		opposes 0.5140602995141538 favors 0.4477317713035102 __DUMMY__ 0.03820792918233603	true	0.5
N1775	favors 1.0		opposes 0.5260537085212417 favors 0.4341014369585933 __DUMMY__ 0.03984485452016512	true	0.5
N1776	favors 1.0		opposes 0.49571292091323405 favors 0.46509958804241897 __DUMMY__ 0.03918749104434709	true	0.5
N1773	opposes 1.0		favors 0.5317114004912236 opposes 0.427479328459236 __DUMMY__ 0.04080927104954045	true	0.5
N2620	favors 1.0		opposes 0.4939228814102968 favors 0.47010835052354577 __DUMMY__ 0.03596876806615747	true	0.5
N1774	opposes 1.0		favors 0.48230323886940846 opposes 0.4766821052004124 __DUMMY__ 0.04101465593017915	true	0.5
N1779	opposes 1.0	opposes 1.0	opposes 0.7597657556344358 favors 0.2234183061300672 __DUMMY__ 0.01681593823549699	false	1.0
N1777	favors 1.0	favors 1.0	favors 0.7307209373269438 opposes 0.2523334700960316 __DUMMY__ 0.016945592577024687	false	1.0
N1778	favors 1.0		favors 0.5423705309551535 opposes 0.4198412314800935 __DUMMY__ 0.037788237564753135	true	1.0
N901	favors 1.0	favors 1.0	favors 0.7208321604448692 opposes 0.2619200348942929 __DUMMY__ 0.01724780466083796	false	1.0
N902	opposes 1.0		opposes 0.5126316330173543 favors 0.4490497929997108 __DUMMY__ 0.03831857398293489	true	1.0
N903	opposes 1.0		favors 0.4855801138587641 opposes 0.4768410592608088 __DUMMY__ 0.037578826880427144	true	0.5
N904	opposes 1.0	opposes 1.0	opposes 0.7397605318015468 favors 0.24282987795312844 __DUMMY__ 0.01740959024532477	false	1.0
N1760	opposes 1.0	opposes 1.0	opposes 0.6921776780120108 favors 0.2913016772610866 __DUMMY__ 0.016520644726902584	false	1.0
N1761	opposes 1.0		opposes 0.5451699358662775 favors 0.4166650852621593 __DUMMY__ 0.03816497887156319	true	1.0
N900	opposes 1.0		favors 0.4862494845837255 opposes 0.4754969557535188 __DUMMY__ 0.03825355966275561	true	0.5
N909	opposes 1.0		favors 0.4902294113019034 opposes 0.4712614203859757 __DUMMY__ 0.03850916831212084	true	0.5
N1764	opposes 1.0		opposes 0.4921047338749062 favors 0.4715835816343529 __DUMMY__ 0.03631168449074085	true	1.0
N2611	favors 1.0		opposes 0.5285512327591824 favors 0.4320801902774338 __DUMMY__ 0.03936857696338391	true	0.5
N1765	favors 1.0		opposes 0.5279871980091628 favors 0.4330456627121045 __DUMMY__ 0.03896713927873262	true	0.5
N2612	favors 1.0		opposes 0.4977512535688247 favors 0.4634824006450043 __DUMMY__ 0.03876634578617103	true	0.5
N1762	opposes 1.0		opposes 0.5039880611776694 favors 0.45771674910066285 __DUMMY__ 0.03829518972166773	true	1.0
N1763	opposes 1.0		favors 0.48646694720984174 opposes 0.4746891184109544 __DUMMY__ 0.03884393437920394	true	0.5
N2610	opposes 1.0		favors 0.48067613499986395 opposes 0.4787481619301727 __DUMMY__ 0.04057570306996318	true	0.5
N905	opposes 1.0		favors 0.5245185396985937 opposes 0.43482418631216085 __DUMMY__ 0.0406572739892456	true	0.5
N1768	opposes 1.0		favors 0.4884162141712191 opposes 0.4734425624543362 __DUMMY__ 0.03814122337444463	true	0.5
N2615	opposes 1.0	opposes 1.0	opposes 0.7146935453742291 favors 0.2693578310201942 __DUMMY__ 0.015948623605576674	false	1.0
N906	opposes 1.0		favors 0.48047219165675403 opposes 0.47865637093666186 __DUMMY__ 0.04087143740658412	true	0.5
N1769	favors 1.0		opposes 0.48542286539549484 favors 0.47559327494181003 __DUMMY__ 0.03898385966269519	true	0.5
N2616	favors 1.0	favors 1.0	favors 0.7561781566980508 opposes 0.22746288516798663 __DUMMY__ 0.01635895813396261	false	1.0
N907	favors 1.0	favors 1.0	favors 0.6993233718658031 opposes 0.28290548577308394 __DUMMY__ 0.017771142361113053	false	1.0
N1766	favors 1.0		favors 0.5046828630802523 opposes 0.4578384793619165 __DUMMY__ 0.037478657557831065	true	1.0
N2613	opposes 1.0	opposes 1.0	opposes 0.7182930971242873 favors 0.26502678111326977 __DUMMY__ 0.016680121762443018	false	1.0
N908	favors 1.0		opposes 0.4959581496029288 favors 0.4648290756610833 __DUMMY__ 0.03921277473598796	true	0.5
N1767	favors 1.0		favors 0.4811220769882766 opposes 0.47861245404716873 __DUMMY__ 0.040265468964554615	true	1.0
N2614	opposes 1.0		favors 0.490847639654273 opposes 0.4715141900403426 __DUMMY__ 0.037638170305384404	true	0.5
N2619	opposes 1.0		favors 0.4852949467209445 opposes 0.47615891449576436 __DUMMY__ 0.03854613878329113	true	0.5
N2617	favors 1.0		opposes 0.5482151054001301 favors 0.4139028056886809 __DUMMY__ 0.037882088911189014	true	0.5
N2618	favors 1.0	favors 1.0	favors 0.7111263517011418 opposes 0.2721945906957704 __DUMMY__ 0.01667905760308782	false	1.0
N1750	favors 1.0	favors 1.0	favors 0.7066945025036303 opposes 0.27658907130290733 __DUMMY__ 0.016716426193462523	false	1.0
N1753	favors 1.0		favors 0.5301060197512029 opposes 0.42932069690996577 __DUMMY__ 0.04057328333883137	true	1.0
N2600	opposes 1.0	opposes 1.0	opposes 0.7320409248938929 favors 0.2522157220561058 __DUMMY__ 0.015743353050001248	false	1.0
N1754	favors 1.0		favors 0.4819003730493977 opposes 0.47729335861623334 __DUMMY__ 0.040806268334368886	true	1.0
N2601	favors 1.0		opposes 0.5301741590188592 favors 0.4312775234127306 __DUMMY__ 0.03854831756841011	true	0.5
N1751	favors 1.0		favors 0.48744607899947123 opposes 0.4753010326277311 __DUMMY__ 0.037252888372797534	true	1.0
N1752	favors 1.0		opposes 0.5122647472909632 favors 0.4487616402905768 __DUMMY__ 0.038973612418460014	true	0.5
N1757	favors 1.0		favors 0.4926675512144746 opposes 0.46909588791031875 __DUMMY__ 0.0382365608752067	true	1.0
N2604	opposes 1.0		favors 0.4869823431897281 opposes 0.47528500295887144 __DUMMY__ 0.03773265385140039	true	0.5
N1758	favors 1.0		favors 0.4918202506969521 opposes 0.4702366433532308 __DUMMY__ 0.03794310594981699	true	1.0
N2605	favors 1.0	favors 1.0	favors 0.72092719107171 opposes 0.2621106940203951 __DUMMY__ 0.01696211490789495	false	1.0
N1755	opposes 1.0		opposes 0.5256604868215251 favors 0.4346909433289427 __DUMMY__ 0.039648569849532175	true	1.0
N2602	favors 1.0		favors 0.5031904050841839 opposes 0.45978576638003765 __DUMMY__ 0.037023828535778534	true	1.0
N1756	opposes 1.0		opposes 0.4959329202705159 favors 0.4650419851224239 __DUMMY__ 0.03902509460706036	true	1.0
N2603	favors 1.0	favors 1.0	favors 0.7241286555752494 opposes 0.2582316332977627 __DUMMY__ 0.01763971112698778	false	1.0
N2608	opposes 1.0	opposes 1.0	opposes 0.7422010431525377 favors 0.24070485933302008 __DUMMY__ 0.017094097514442318	false	1.0
N2609	opposes 1.0		favors 0.5301333912228937 opposes 0.42957067142088795 __DUMMY__ 0.04029593735621831	true	0.5
N1759	favors 1.0	favors 1.0	favors 0.7364086975427444 opposes 0.24748473678832308 __DUMMY__ 0.016106565668932482	false	1.0
N2606	opposes 1.0	opposes 1.0	opposes 0.743286627266267 favors 0.24014426162121671 __DUMMY__ 0.016569111112516192	false	1.0
N2607	opposes 1.0	opposes 1.0	opposes 0.7220471121776896 favors 0.2618345475643654 __DUMMY__ 0.016118340257945098	false	1.0
N923	favors 1.0		opposes 0.514288546001171 favors 0.44655641615073477 __DUMMY__ 0.03915503784809434	true	0.5
N924	favors 1.0		favors 0.5296924166143834 opposes 0.42950329539265164 __DUMMY__ 0.04080428799296492	true	1.0
N925	favors 1.0		favors 0.4805577691666975 opposes 0.47843167081071986 __DUMMY__ 0.04101056002258262	true	1.0
N926	opposes 1.0		opposes 0.5279333525463733 favors 0.4322266081375661 __DUMMY__ 0.03984003931606064	true	1.0
N1342	opposes 1.0	opposes 1.0	opposes 0.7335680476642633 favors 0.24928283495453382 __DUMMY__ 0.017149117381202846	false	1.0
N920	opposes 1.0		opposes 0.48711089687983006 favors 0.4739095056600454 __DUMMY__ 0.03897959746012463	true	1.0
N1343	favors 1.0		favors 0.49242949042850276 opposes 0.46944088899207004 __DUMMY__ 0.038129620579427155	true	1.0
N921	favors 1.0		opposes 0.5158770085371306 favors 0.4459200373689659 __DUMMY__ 0.03820295409390355	true	0.5
N1340	favors 1.0		favors 0.48140038300578475 opposes 0.4778195361842129 __DUMMY__ 0.04078008081000233	true	1.0
N922	favors 1.0		favors 0.48618638953105126 opposes 0.47642602640357934 __DUMMY__ 0.0373875840653693	true	1.0
N1341	opposes 1.0		opposes 0.5276038727973973 favors 0.43280987237085966 __DUMMY__ 0.039586254831742926	true	1.0
N1346	opposes 1.0	opposes 1.0	opposes 0.7605391558679878 favors 0.2227699662714483 __DUMMY__ 0.016690877860563877	false	1.0
N1347	opposes 1.0		opposes 0.5051874982139899 favors 0.45660746592868334 __DUMMY__ 0.0382050358573268	true	1.0
N1344	favors 1.0		favors 0.4915839863056791 opposes 0.4705752639299668 __DUMMY__ 0.03784074976435422	true	1.0
N1345	favors 1.0	favors 1.0	favors 0.7566819126483314 opposes 0.22684426734748303 __DUMMY__ 0.016473820004185562	false	1.0
N927	opposes 1.0		opposes 0.4973602009470241 favors 0.46345636989557953 __DUMMY__ 0.03918342915739636	true	1.0
N928	favors 1.0		favors 0.4914084843313782 opposes 0.4701852229614347 __DUMMY__ 0.038406292707187074	true	1.0
N929	favors 1.0		favors 0.49067508881282274 opposes 0.4712346422340942 __DUMMY__ 0.038090268953083074	true	1.0
N1348	favors 1.0	favors 1.0	favors 0.7271540559694556 opposes 0.25574636056923805 __DUMMY__ 0.017099583461306366	false	1.0
N1349	opposes 1.0	opposes 1.0	opposes 0.7310477456341742 favors 0.2532615306324247 __DUMMY__ 0.01569072373340113	false	1.0
N912	favors 1.0		favors 0.5345082033834 opposes 0.42754897343952253 __DUMMY__ 0.037942823177077395	true	1.0
N913	favors 1.0		opposes 0.5034567766571667 favors 0.45800825822587105 __DUMMY__ 0.03853496511696245	true	0.5
N914	opposes 1.0		favors 0.4846179069932418 opposes 0.476321073942199 __DUMMY__ 0.039061019064559076	true	0.5
N915	favors 1.0	favors 1.0	favors 0.7187722941787464 opposes 0.265218137426353 __DUMMY__ 0.016009568394900624	false	1.0
N1331	favors 1.0		opposes 0.4922302152873821 favors 0.47146211567973667 __DUMMY__ 0.03630766903288127	true	0.5
N1332	opposes 1.0		opposes 0.5293499797306198 favors 0.4319133516314098 __DUMMY__ 0.03873666863797028	true	1.0
N910	opposes 1.0	opposes 1.0	opposes 0.7197673069594853 favors 0.26343468734664816 __DUMMY__ 0.01679800569386653	false	1.0
N911	favors 1.0		favors 0.4992104222634916 opposes 0.46342519046535025 __DUMMY__ 0.03736438727115812	true	1.0
N1330	favors 1.0		favors 0.4873344844095647 opposes 0.47365611770423927 __DUMMY__ 0.03900939788619607	true	1.0
N1335	favors 1.0	favors 1.0	favors 0.7289207127704592 opposes 0.25451994884947937 __DUMMY__ 0.01655933838006135	false	1.0
N1336	opposes 1.0		opposes 0.4865723866283749 favors 0.4746821495388357 __DUMMY__ 0.03874546383278952	true	1.0
N1333	favors 1.0		favors 0.503928061868997 opposes 0.45884837842280085 __DUMMY__ 0.03722355970820236	true	1.0
N1334	favors 1.0		favors 0.48025930006497913 opposes 0.4797019482129527 __DUMMY__ 0.04003875172206819	true	1.0
N916	opposes 1.0	opposes 1.0	opposes 0.7511536300195659 favors 0.2316940970436325 __DUMMY__ 0.017152272936801504	false	1.0
N1339	favors 1.0		favors 0.5310254635067004 opposes 0.4284401847609162 __DUMMY__ 0.04053435173238348	true	1.0
N917	opposes 1.0		favors 0.5029553828005803 opposes 0.45957077060441853 __DUMMY__ 0.037473846595001276	true	0.5
N918	opposes 1.0		opposes 0.48027133122497184 favors 0.47946708636585045 __DUMMY__ 0.040261582409177765	true	1.0
N1337	favors 1.0		opposes 0.5154817336209583 favors 0.44657133792098536 __DUMMY__ 0.0379469284580564	true	0.5
N919	favors 1.0		favors 0.4868461187700717 opposes 0.4750167197472115 __DUMMY__ 0.03813716148271667	true	1.0
N1338	favors 1.0		favors 0.4870856046236559 opposes 0.4757858900891799 __DUMMY__ 0.03712850528716425	true	1.0
N940	opposes 1.0		opposes 0.486570142298665 favors 0.47440472726049715 __DUMMY__ 0.03902513044083776	true	1.0
N945	favors 1.0		favors 0.4804721916567541 opposes 0.47865637093666175 __DUMMY__ 0.040871437406584124	true	1.0
N946	opposes 1.0		opposes 0.5234415743444512 favors 0.43676208015176393 __DUMMY__ 0.039796345503784816	true	1.0
N947	opposes 1.0	opposes 1.0	opposes 0.7327461619038134 favors 0.24993512241072874 __DUMMY__ 0.017318715685457932	false	1.0
N948	favors 1.0		favors 0.48967109071447595 opposes 0.4721101675043761 __DUMMY__ 0.03821874178114787	true	1.0
N941	favors 1.0		opposes 0.5126316330173543 favors 0.4490497929997108 __DUMMY__ 0.03831857398293489	true	0.5
N1320	favors 1.0		opposes 0.5137996536038207 favors 0.4470497088792242 __DUMMY__ 0.03915063751695518	true	0.5
N942	favors 1.0		favors 0.4855801138587641 opposes 0.47684105926080866 __DUMMY__ 0.037578826880427144	true	1.0
N1321	favors 1.0	favors 1.0	favors 0.7518773036637693 opposes 0.22975105002924157 __DUMMY__ 0.018371646306989207	false	1.0
N943	favors 1.0		opposes 0.5110356163124304 favors 0.4497834462076041 __DUMMY__ 0.03918093747996542	true	0.5
N944	opposes 1.0		favors 0.5245185396985936 opposes 0.43482418631216085 __DUMMY__ 0.0406572739892456	true	0.5
N1324	opposes 1.0		opposes 0.49627715897907065 favors 0.4645387844410236 __DUMMY__ 0.039184056579905896	true	1.0
N1325	favors 1.0		favors 0.49403193911670845 opposes 0.46760114607605485 __DUMMY__ 0.03836691480723666	true	1.0
N1322	favors 1.0		favors 0.48242930893198716 opposes 0.47648523244354624 __DUMMY__ 0.041085458624466636	true	1.0
N1323	opposes 1.0		opposes 0.5280674990869356 favors 0.4320682299843073 __DUMMY__ 0.03986427092875705	true	1.0
N949	favors 1.0		favors 0.4992104222634917 opposes 0.46342519046535013 __DUMMY__ 0.037364387271158095	true	1.0
N1328	opposes 1.0		opposes 0.5484620139678287 favors 0.4132649534691427 __DUMMY__ 0.03827303256302858	true	1.0
N1329	opposes 1.0		opposes 0.504835811205844 favors 0.4567517540095796 __DUMMY__ 0.03841243478457646	true	1.0
N1326	favors 1.0		favors 0.49297981532955937 opposes 0.46897519711182345 __DUMMY__ 0.03804498755861724	true	1.0
N1327	favors 1.0		favors 0.5452925607592914 opposes 0.4169930510451804 __DUMMY__ 0.03771438819552809	true	1.0
N934	favors 1.0		favors 0.48514389275337627 opposes 0.47583820707137203 __DUMMY__ 0.039017900175251786	true	1.0
N935	opposes 1.0		opposes 0.49353082479508315 favors 0.4700463273230107 __DUMMY__ 0.036422847881906195	true	1.0
N1790	opposes 1.0		opposes 0.516186575670958 favors 0.44489365216216237 __DUMMY__ 0.03891977216687963	true	1.0
N936	opposes 1.0		opposes 0.525509617391341 favors 0.4354795966244003 __DUMMY__ 0.03901078598425871	true	1.0
N937	opposes 1.0		favors 0.5008634709218535 opposes 0.46148172941420285 __DUMMY__ 0.037654799663943604	true	0.5
N930	favors 1.0	favors 1.0	favors 0.7357865915583931 opposes 0.24802714174105273 __DUMMY__ 0.0161862667005541	false	1.0
N1793	opposes 1.0		opposes 0.529997935110709 favors 0.43038243129429304 __DUMMY__ 0.03961963359499782	true	1.0
N931	opposes 1.0		favors 0.5404710171484641 opposes 0.4217461653803985 __DUMMY__ 0.03778281747113741	true	0.5
N1310	opposes 1.0		opposes 0.5527827717166784 favors 0.4091219876335875 __DUMMY__ 0.03809524064973411	true	1.0
N1794	opposes 1.0		opposes 0.4987630520471652 favors 0.46225408799480383 __DUMMY__ 0.038982859958030955	true	1.0
N932	opposes 1.0	opposes 1.0	opposes 0.760639803313398 favors 0.22254388374497466 __DUMMY__ 0.016816312941627325	false	1.0
N1791	favors 1.0	favors 1.0	favors 0.7494877604388643 opposes 0.23233484336174998 __DUMMY__ 0.01817739619938575	false	1.0
N933	opposes 1.0		opposes 0.50561837026153 favors 0.455938355070626 __DUMMY__ 0.03844327466784384	true	1.0
N1792	favors 1.0		opposes 0.4796566941005206 favors 0.479521121475456 __DUMMY__ 0.040822184424023536	true	0.5
N1313	opposes 1.0		opposes 0.5298072358271768 favors 0.4312379010118994 __DUMMY__ 0.038954863160923635	true	1.0
N1797	favors 1.0		favors 0.5003966503299337 opposes 0.4626887193564118 __DUMMY__ 0.03691463031365444	true	1.0
N1314	favors 1.0		favors 0.5057413799837986 opposes 0.4568562329973255 __DUMMY__ 0.037402387018876	true	1.0
N1798	opposes 1.0	opposes 1.0	opposes 0.692018141251637 favors 0.2914855267774851 __DUMMY__ 0.016496331970877902	false	1.0
N1311	opposes 1.0	opposes 1.0	opposes 0.7391963393418797 favors 0.24397170291447215 __DUMMY__ 0.016831957743648113	false	1.0
N1795	opposes 1.0		favors 0.49041745853429947 opposes 0.47143023713049853 __DUMMY__ 0.03815230433520213	true	0.5
N1312	opposes 1.0		opposes 0.4960860666111459 favors 0.4678152337959332 __DUMMY__ 0.03609869959292092	true	1.0
N1796	favors 1.0		favors 0.4897783045276897 opposes 0.47236181101399527 __DUMMY__ 0.03785988445831503	true	1.0
N938	opposes 1.0		opposes 0.4803253294154306 favors 0.4794770347982065 __DUMMY__ 0.04019763578636294	true	1.0
N1317	opposes 1.0	opposes 1.0	opposes 0.7268946501802926 favors 0.2558920191474552 __DUMMY__ 0.01721333067225209	false	1.0
N939	favors 1.0		favors 0.4862494845837255 opposes 0.4754969557535188 __DUMMY__ 0.03825355966275561	true	1.0
N1318	favors 1.0	favors 1.0	favors 0.7051927621462607 opposes 0.2779810503014997 __DUMMY__ 0.016826187552239566	false	1.0
N1315	opposes 1.0		favors 0.4811934866648576 opposes 0.47850211124285363 __DUMMY__ 0.04030440209228859	true	0.5
N1799	opposes 1.0		opposes 0.549664781580924 favors 0.41224207109227 __DUMMY__ 0.038093147326806014	true	1.0
N1316	favors 1.0		favors 0.4887582261472511 opposes 0.47314238224367616 __DUMMY__ 0.03809939160907272	true	1.0
N1319	opposes 1.0		favors 0.4883483728641704 opposes 0.4743428542736249 __DUMMY__ 0.03730877286220476	true	0.5
N960	favors 1.0		favors 0.4809090896628803 opposes 0.4778677313122813 __DUMMY__ 0.041223179024838325	true	1.0
N961	favors 1.0		opposes 0.5282896752897759 favors 0.43166613945701005 __DUMMY__ 0.04004418525321411	true	0.5
N962	opposes 1.0		opposes 0.49715290844396903 favors 0.46349510246604825 __DUMMY__ 0.03935198908998285	true	1.0
N967	opposes 1.0		favors 0.4856044941456929 opposes 0.47519035733646825 __DUMMY__ 0.03920514851783877	true	0.5
N1382	favors 1.0		favors 0.5426071123506141 opposes 0.41973292647191013 __DUMMY__ 0.03765996117747571	true	1.0
N968	favors 1.0		opposes 0.49324372121267784 favors 0.47020539517277193 __DUMMY__ 0.03655088361455018	true	0.5
N1383	opposes 1.0		opposes 0.5434190784584005 favors 0.4183908974317883 __DUMMY__ 0.03819002410981105	true	1.0
N2230	opposes 1.0	opposes 1.0	opposes 0.7410275830048602 favors 0.24171255561992777 __DUMMY__ 0.017259861375212095	false	1.0
N969	favors 1.0		opposes 0.5273482950312491 favors 0.4341409818024959 __DUMMY__ 0.038510723166254916	true	0.5
N1380	favors 1.0		favors 0.4936420875445604 opposes 0.46838826514736653 __DUMMY__ 0.037969647308073146	true	1.0
N1381	favors 1.0	favors 1.0	favors 0.7373749557910265 opposes 0.2465049588935332 __DUMMY__ 0.01612008531544022	false	1.0
N963	opposes 1.0		favors 0.49202481937034975 opposes 0.4693828079176854 __DUMMY__ 0.038592372711964806	true	0.5
N1386	opposes 1.0		opposes 0.4902829731383131 favors 0.4733791639289073 __DUMMY__ 0.036337862932779796	true	1.0
N2233	favors 1.0		opposes 0.5262525270348 favors 0.4340726632866664 __DUMMY__ 0.0396748096785338	true	0.5
N964	favors 1.0		favors 0.5420502038513162 opposes 0.41999776980047804 __DUMMY__ 0.03795202634820567	true	1.0
N1387	opposes 1.0	opposes 1.0	opposes 0.7508823488407566 favors 0.23210833487721474 __DUMMY__ 0.01700931628202874	false	1.0
N2234	favors 1.0		opposes 0.49588107670160736 favors 0.46508068260577917 __DUMMY__ 0.03903824069261352	true	0.5
N965	favors 1.0		opposes 0.5482213175738242 favors 0.4133156220823088 __DUMMY__ 0.03846306034386695	true	0.5
N1384	favors 1.0		opposes 0.5022047768116485 favors 0.45947446217573973 __DUMMY__ 0.038320761012611754	true	0.5
N2231	favors 1.0		favors 0.5317059793395287 opposes 0.427669894895073 __DUMMY__ 0.04062412576539835	true	1.0
N966	favors 1.0		opposes 0.5055495342779828 favors 0.45584658246105264 __DUMMY__ 0.03860388326096476	true	0.5
N1385	favors 1.0		favors 0.4883858155948354 opposes 0.47274238139696806 __DUMMY__ 0.038871803008196544	true	1.0
N2232	opposes 1.0	opposes 1.0	opposes 0.7222472670165776 favors 0.25953012952875876 __DUMMY__ 0.018222603454663578	false	1.0
N2237	opposes 1.0		favors 0.5028371373607249 opposes 0.4601613468644169 __DUMMY__ 0.03700151577485821	true	0.5
N2238	favors 1.0		favors 0.5423680841090301 opposes 0.42001883752200403 __DUMMY__ 0.03761307836896574	true	1.0
N1388	opposes 1.0		favors 0.5055960975357648 opposes 0.4572933021750247 __DUMMY__ 0.037110600289210566	true	0.5
N2235	favors 1.0		favors 0.49334933267968856 opposes 0.468418026208772 __DUMMY__ 0.038232641111539435	true	1.0
N1389	opposes 1.0	opposes 1.0	opposes 0.7234921986232513 favors 0.2587734860478468 __DUMMY__ 0.01773431532890189	false	1.0
N2236	opposes 1.0		favors 0.4924125262813728 opposes 0.4696525553513713 __DUMMY__ 0.03793491836725588	true	0.5
N2239	favors 1.0		opposes 0.5460742992287061 favors 0.41576450050711 __DUMMY__ 0.03816120026418393	true	0.5
N950	opposes 1.0		opposes 0.541839182973974 favors 0.4197491050505427 __DUMMY__ 0.0384117119754833	true	1.0
N951	opposes 1.0	opposes 1.0	opposes 0.7363824077862327 favors 0.2466249338020368 __DUMMY__ 0.01699265841173061	false	1.0
N956	favors 1.0		opposes 0.48671927074174237 favors 0.47413185468647867 __DUMMY__ 0.03914887457177895	true	0.5
N1371	opposes 1.0		opposes 0.48406986565712673 favors 0.4770831713346352 __DUMMY__ 0.03884696300823808	true	1.0
N957	opposes 1.0		opposes 0.5159957146032947 favors 0.4456342379669192 __DUMMY__ 0.03837004742978594	true	1.0
N1372	favors 1.0	favors 1.0	favors 0.7077110708343972 opposes 0.27555845237374027 __DUMMY__ 0.016730476791862476	false	1.0
N958	opposes 1.0		favors 0.48665131491758695 opposes 0.47581045819565077 __DUMMY__ 0.03753822688676227	true	0.5
N959	opposes 1.0		opposes 0.514382499183894 favors 0.44626691202821156 __DUMMY__ 0.039350588787894415	true	1.0
N1370	favors 1.0		favors 0.4895798638677005 opposes 0.4723925218764543 __DUMMY__ 0.038027614255845194	true	1.0
N952	opposes 1.0		opposes 0.49240450291987015 favors 0.4708990566727574 __DUMMY__ 0.03669644040737233	true	1.0
N1375	favors 1.0		favors 0.532208228729036 opposes 0.42718793281331385 __DUMMY__ 0.04060383845765018	true	1.0
N2222	opposes 1.0	opposes 1.0	opposes 0.7309749927950043 favors 0.2533484727414472 __DUMMY__ 0.015676534463548497	false	1.0
N953	favors 1.0		opposes 0.5299660259857689 favors 0.43090762582093556 __DUMMY__ 0.039126348193295434	true	0.5
N1376	favors 1.0		favors 0.4837144046151874 opposes 0.4754529616861154 __DUMMY__ 0.040832633698697225	true	1.0
N2223	favors 1.0	favors 1.0	favors 0.6992638603899763 opposes 0.28366093257568237 __DUMMY__ 0.01707520703434132	false	1.0
N954	favors 1.0		favors 0.5037069134223661 opposes 0.4586717768796979 __DUMMY__ 0.03762130969793612	true	1.0
N1373	favors 1.0		favors 0.48930425815080936 opposes 0.4734157238478212 __DUMMY__ 0.037280018001369486	true	1.0
N2220	opposes 1.0	opposes 1.0	opposes 0.7377252446785882 favors 0.2454852363515837 __DUMMY__ 0.016789518969828002	false	1.0
N955	favors 1.0		favors 0.4797810554492999 opposes 0.47976876580611627 __DUMMY__ 0.04045017874458382	true	1.0
N1374	opposes 1.0	opposes 1.0	opposes 0.739979060471888 favors 0.24277179070780905 __DUMMY__ 0.017249148820303074	false	1.0
N2221	favors 1.0		favors 0.48626929492995036 opposes 0.4749711904301811 __DUMMY__ 0.038759514639868625	true	1.0
N1379	favors 1.0	favors 1.0	favors 0.7316033048667319 opposes 0.25154485057007575 __DUMMY__ 0.016851844563192428	false	1.0
N2226	opposes 1.0		favors 0.48840286225682716 opposes 0.4735991201635114 __DUMMY__ 0.0379980175796614	true	0.5
N2227	favors 1.0		opposes 0.4855931875977157 favors 0.4755762258888665 __DUMMY__ 0.0388305865134177	true	0.5
N1377	opposes 1.0		opposes 0.5236959977618054 favors 0.43662721408364813 __DUMMY__ 0.039676788154546554	true	1.0
N2224	favors 1.0	favors 1.0	favors 0.7374065840798238 opposes 0.24629087695220647 __DUMMY__ 0.016302538967969772	false	1.0
N1378	favors 1.0		opposes 0.49420137845665046 favors 0.46674880946104724 __DUMMY__ 0.03904981208230244	true	0.5
N2225	favors 1.0		favors 0.4811064800291993 opposes 0.478778485441784 __DUMMY__ 0.040115034529016574	true	1.0
N2228	opposes 1.0		opposes 0.5142498501247981 favors 0.4477070714299294 __DUMMY__ 0.038043078445272556	true	1.0
N2229	opposes 1.0		favors 0.48795903547334807 opposes 0.4748119356769066 __DUMMY__ 0.037229028849745306	true	0.5
N981	favors 1.0		favors 0.5460176638296288 opposes 0.4167598559007749 __DUMMY__ 0.03722248026959629	true	1.0
N982	opposes 1.0	opposes 1.0	opposes 0.7594953182432577 favors 0.22393494063091293 __DUMMY__ 0.016569741125829464	false	1.0
N983	favors 1.0		opposes 0.5027995364988067 favors 0.4592374522925854 __DUMMY__ 0.03796301120860802	true	0.5
N500	favors 1.0		favors 0.48134862474263657 opposes 0.4776833551895316 __DUMMY__ 0.04096802006783178	true	1.0
N984	favors 1.0	favors 1.0	favors 0.7288318718262735 opposes 0.2541982781069212 __DUMMY__ 0.016969850066805334	false	1.0
N980	opposes 1.0		favors 0.49477788354278224 opposes 0.46763721875751757 __DUMMY__ 0.03758489769970011	true	0.5
N505	favors 1.0		favors 0.5436256262332668 opposes 0.4187628175087178 __DUMMY__ 0.037611556258015384	true	1.0
N989	favors 1.0		favors 0.484676672569291 opposes 0.47724929974503 __DUMMY__ 0.0380740276856789	true	1.0
N1360	favors 1.0		favors 0.49130256525081184 opposes 0.47034630135541233 __DUMMY__ 0.038351133393775834	true	1.0
N506	opposes 1.0		opposes 0.5491267212620534 favors 0.4126935683530512 __DUMMY__ 0.03817971038489533	true	1.0
N1361	opposes 1.0		favors 0.4905685686618256 opposes 0.47139473056290343 __DUMMY__ 0.03803670077527115	true	0.5
N507	opposes 1.0		opposes 0.5058049966780663 favors 0.45587847058895126 __DUMMY__ 0.03831653273298243	true	1.0
N508	opposes 1.0		favors 0.48615164009232176 opposes 0.4749484389185086 __DUMMY__ 0.03889992098916975	true	0.5
N501	opposes 1.0		opposes 0.5289681911092018 favors 0.43128305066892875 __DUMMY__ 0.03974875822186946	true	1.0
N985	favors 1.0	favors 1.0	favors 0.720561759239851 opposes 0.2638871975978489 __DUMMY__ 0.015551043162300063	false	1.0
N1364	favors 1.0		opposes 0.506293363173256 favors 0.4553099219549525 __DUMMY__ 0.038396714871791526	true	0.5
N2211	favors 1.0	favors 1.0	favors 0.7275875891947787 opposes 0.25618930685249164 __DUMMY__ 0.016223103952729526	false	1.0
N502	opposes 1.0		opposes 0.4972725806479237 favors 0.46364185566498034 __DUMMY__ 0.039085563687095946	true	1.0
N986	opposes 1.0	opposes 1.0	opposes 0.7526332545156903 favors 0.23023779364890742 __DUMMY__ 0.017128951835402192	false	1.0
N1365	favors 1.0		favors 0.4849398191000196 opposes 0.4760837021689962 __DUMMY__ 0.03897647873098422	true	1.0
N2212	favors 1.0	favors 1.0	favors 0.7052055601022214 opposes 0.2775642021850884 __DUMMY__ 0.017230237712690208	false	1.0
N503	favors 1.0	favors 1.0	favors 0.7305245834373708 opposes 0.2528389961939923 __DUMMY__ 0.016636420368636974	false	1.0
N987	opposes 1.0		favors 0.5007419400134135 opposes 0.46186191521981934 __DUMMY__ 0.03739614476676712	true	0.5
N1362	favors 1.0		favors 0.5011871625461973 opposes 0.46172588465088465 __DUMMY__ 0.03708695280291822	true	1.0
N504	favors 1.0		favors 0.5026127496834775 opposes 0.4604054696424462 __DUMMY__ 0.036981780674076384	true	1.0
N988	opposes 1.0		opposes 0.4826802381675098 favors 0.47710232233237376 __DUMMY__ 0.04021743950011642	true	1.0
N1363	opposes 1.0		opposes 0.5488523061511403 favors 0.41288739192086366 __DUMMY__ 0.03826030192799605	true	1.0
N2210	favors 1.0		opposes 0.5161548907353997 favors 0.4459175952145722 __DUMMY__ 0.037927514050028185	true	0.5
N1368	favors 1.0		favors 0.5056420115997875 opposes 0.4569905831508717 __DUMMY__ 0.037367405249340964	true	1.0
N2215	opposes 1.0		opposes 0.528570855479394 favors 0.43182771248209467 __DUMMY__ 0.03960143203851132	true	1.0
N1369	favors 1.0	favors 1.0	favors 0.7258696434602996 opposes 0.2563676928910601 __DUMMY__ 0.017762663648640365	false	1.0
N2216	opposes 1.0	opposes 1.0	opposes 0.7335624712344951 favors 0.24927331136519484 __DUMMY__ 0.01716421740030996	false	1.0
N1366	favors 1.0		opposes 0.4940339858717073 favors 0.46962216810766494 __DUMMY__ 0.03634384602062766	true	0.5
N2213	opposes 1.0		favors 0.5323460997003461 opposes 0.4270796437699262 __DUMMY__ 0.04057425652972777	true	0.5
N1367	opposes 1.0		opposes 0.5258893871368746 favors 0.4352759135687343 __DUMMY__ 0.03883469929439107	true	1.0
N2214	favors 1.0		favors 0.48149438980429143 opposes 0.47768485526152493 __DUMMY__ 0.040820754934183655	true	1.0
N509	opposes 1.0		opposes 0.49330774645520564 favors 0.47046825043685514 __DUMMY__ 0.03622400310793925	true	1.0
N2219	opposes 1.0		opposes 0.5486362952492904 favors 0.41330447547480875 __DUMMY__ 0.038059229275900816	true	1.0
N2217	favors 1.0		favors 0.4918913222055505 opposes 0.4702876072384365 __DUMMY__ 0.037821070556013074	true	1.0
N2218	favors 1.0		favors 0.5432879754047818 opposes 0.4192351947163373 __DUMMY__ 0.03747682987888095	true	1.0
N970	favors 1.0	favors 1.0	favors 0.7387049778823283 opposes 0.24517700278231894 __DUMMY__ 0.016118019335352816	false	1.0
N971	favors 1.0	favors 1.0	favors 0.7259965047031715 opposes 0.25637116267583315 __DUMMY__ 0.01763233262099543	false	1.0
N972	opposes 1.0		favors 0.4904482682572285 opposes 0.4718655709396039 __DUMMY__ 0.037686160803167626	true	0.5
N973	favors 1.0	favors 1.0	favors 0.7227833192267935 opposes 0.2602712511808041 __DUMMY__ 0.016945429592402392	false	1.0
N978	favors 1.0		opposes 0.49447545102111773 favors 0.4667932258987003 __DUMMY__ 0.038731323080181984	true	0.5
N979	favors 1.0	favors 1.0	favors 0.7319922406213244 opposes 0.25135176555441946 __DUMMY__ 0.01665599382425611	false	1.0
N1350	favors 1.0		opposes 0.5306263416695362 favors 0.43044751802790693 __DUMMY__ 0.03892614030255701	true	0.5
N974	opposes 1.0	opposes 1.0	opposes 0.7414314717239612 favors 0.24202303548156914 __DUMMY__ 0.01654549279446955	false	1.0
N1353	favors 1.0		opposes 0.48750396092151516 favors 0.4735546313777958 __DUMMY__ 0.03894140770068911	true	0.5
N2200	favors 1.0		favors 0.5009456626077807 opposes 0.4619458178781348 __DUMMY__ 0.037108519514084365	true	1.0
N975	opposes 1.0	opposes 1.0	opposes 0.7199002098177476 favors 0.26401148657863927 __DUMMY__ 0.01608830360361312	false	1.0
N1354	opposes 1.0	opposes 1.0	opposes 0.74344750716374 favors 0.23975906481265655 __DUMMY__ 0.016793428023603486	false	1.0
N2201	opposes 1.0		opposes 0.5478154096595309 favors 0.41392007956221555 __DUMMY__ 0.038264510778253595	true	1.0
N976	favors 1.0		favors 0.5353436698221739 opposes 0.42437932380150906 __DUMMY__ 0.04027700637631718	true	1.0
N1351	favors 1.0		favors 0.5030411030940654 opposes 0.4595477929647474 __DUMMY__ 0.037411103941187254	true	1.0
N977	favors 1.0		opposes 0.5252797032865761 favors 0.4353830930972441 __DUMMY__ 0.0393372036161797	true	0.5
N1352	opposes 1.0		favors 0.4866968837225196 opposes 0.47521312166362883 __DUMMY__ 0.0380899946138515	true	0.5
N1357	favors 1.0	favors 1.0	favors 0.7500777286640816 opposes 0.23163754284929453 __DUMMY__ 0.01828472848662385	false	1.0
N2204	opposes 1.0		opposes 0.4937714429752426 favors 0.4698513519481812 __DUMMY__ 0.036377205076576324	true	1.0
N1358	favors 1.0		opposes 0.5290528790311072 favors 0.4311360138747445 __DUMMY__ 0.039811107094148465	true	0.5
N2205	opposes 1.0		opposes 0.5302232456817971 favors 0.43104097568868116 __DUMMY__ 0.03873577862952164	true	1.0
N1355	opposes 1.0	opposes 1.0	opposes 0.7219798692631636 favors 0.26168425955202224 __DUMMY__ 0.016335871184814103	false	1.0
N2202	opposes 1.0		opposes 0.5058574823625592 favors 0.4557432563455704 __DUMMY__ 0.03839926129187038	true	1.0
N1356	opposes 1.0		opposes 0.515199706141022 favors 0.4456860415582636 __DUMMY__ 0.039114252300714455	true	1.0
N2203	favors 1.0		favors 0.4849402097468556 opposes 0.4760897071274884 __DUMMY__ 0.03897008312565607	true	1.0
N2208	favors 1.0	favors 1.0	favors 0.7289087589933101 opposes 0.25452929127464724 __DUMMY__ 0.016561949732042648	false	1.0
N2209	opposes 1.0		opposes 0.4866181908449722 favors 0.4746375667884411 __DUMMY__ 0.0387442423665866	true	1.0
N1359	favors 1.0		opposes 0.49789364144205894 favors 0.4629569773037221 __DUMMY__ 0.0391493812542189	true	0.5
N2206	opposes 1.0		favors 0.5044872970625488 opposes 0.45832189644683435 __DUMMY__ 0.03719080649061676	true	0.5
N2207	opposes 1.0		favors 0.4803253816168976 opposes 0.4796111973536157 __DUMMY__ 0.040063421029486866	true	0.5
N520	opposes 1.0	opposes 1.0	opposes 0.750151095177497 favors 0.232369643287395 __DUMMY__ 0.017479261535108044	false	1.0
N521	opposes 1.0		opposes 0.4990871673689285 favors 0.4621638247617943 __DUMMY__ 0.038749007869277305	true	1.0
N522	favors 1.0	favors 1.0	favors 0.7288304048894333 opposes 0.254504829419292 __DUMMY__ 0.01666476569127479	false	1.0
N2270	opposes 1.0		opposes 0.5244387732967898 favors 0.43605134610299645 __DUMMY__ 0.0395098806002136	true	1.0
N527	favors 1.0		favors 0.48371293531084003 opposes 0.47775921545242517 __DUMMY__ 0.03852784923673468	true	1.0
N2273	favors 1.0	favors 1.0	favors 0.7319272036010319 opposes 0.25154501018957826 __DUMMY__ 0.016527786209389782	false	1.0
N528	opposes 1.0	opposes 1.0	opposes 0.7323182490288256 favors 0.2521027766632008 __DUMMY__ 0.015578974307973541	false	1.0
N2274	favors 1.0	favors 1.0	favors 0.7375295109786917 opposes 0.2464441928693822 __DUMMY__ 0.016026296151926148	false	1.0
N529	opposes 1.0		opposes 0.528545400770981 favors 0.4324933526677671 __DUMMY__ 0.03896124656125189	true	1.0
N2271	opposes 1.0		opposes 0.49443422801523906 favors 0.46667026474949896 __DUMMY__ 0.038895507235262035	true	1.0
