N1742	opposes 1.0	opposes 1.0	opposes 0.7327592022439444 favors 0.26491374674662493 __DUMMY__ 0.0023270510094306413	false	1.0
N1743	favors 1.0		favors 0.5750934095800988 opposes 0.41313934226734195 __DUMMY__ 0.011767248152559227	true	1.0
N1740	opposes 1.0	opposes 1.0	opposes 0.6442176422434925 favors 0.35350034370653777 __DUMMY__ 0.002282014049969638	false	1.0
N1741	opposes 1.0	opposes 1.0	opposes 0.7664119549316551 favors 0.23127279724064148 __DUMMY__ 0.0023152478277032804	false	1.0
N1746	opposes 1.0	opposes 1.0	opposes 0.6871280828491093 favors 0.31023303432577737 __DUMMY__ 0.002638882825113296	false	1.0
N1747	opposes 1.0	opposes 1.0	opposes 0.7285901613788733 favors 0.2689801357839782 __DUMMY__ 0.0024297028371484245	false	1.0
N1744	opposes 1.0		opposes 0.4967901270616536 favors 0.49186209214994253 __DUMMY__ 0.011347780788403945	true	1.0
N1745	opposes 1.0	opposes 1.0	opposes 0.7435808363660678 favors 0.25400389061356954 __DUMMY__ 0.0024152730203626633	false	1.0
N1748	favors 1.0	favors 1.0	favors 0.7692740615368177 opposes 0.22854322341185715 __DUMMY__ 0.002182715051325035	false	1.0
N1749	opposes 1.0	opposes 1.0	opposes 0.7260936386533836 favors 0.2710971762569445 __DUMMY__ 0.0028091850896718794	false	1.0
N1731	favors 1.0	favors 1.0	favors 0.7566517856899925 opposes 0.24093667355378864 __DUMMY__ 0.0024115407562188725	false	1.0
N1732	favors 1.0	favors 1.0	favors 0.7641225063912231 opposes 0.23377481416024823 __DUMMY__ 0.0021026794485286904	false	1.0
N1730	opposes 1.0		favors 0.5045398403394196 opposes 0.48314669898426477 __DUMMY__ 0.012313460676315642	true	0.5
N1735	opposes 1.0	opposes 1.0	opposes 0.7413976307294288 favors 0.2557895718208298 __DUMMY__ 0.0028127974497414343	false	1.0
N1736	opposes 1.0		favors 0.5178164055785669 opposes 0.47134867337407105 __DUMMY__ 0.010834921047361985	true	0.5
N1733	favors 1.0	favors 1.0	favors 0.787490645074518 opposes 0.20941257909973746 __DUMMY__ 0.0030967758257444762	false	1.0
N1734	favors 1.0	favors 1.0	favors 0.7657580979642034 opposes 0.23167509936915723 __DUMMY__ 0.0025668026666394875	false	1.0
N1739	favors 1.0	favors 1.0	favors 0.7878848442618924 opposes 0.20964223849977204 __DUMMY__ 0.0024729172383355625	false	1.0
N1737	favors 1.0	favors 1.0	favors 0.7684261974364364 opposes 0.22935798291017812 __DUMMY__ 0.002215819653385497	false	1.0
N1738	favors 1.0		favors 0.5410228414888494 opposes 0.4469403294615451 __DUMMY__ 0.012036829049605475	true	1.0
N1720	favors 1.0	favors 1.0	favors 0.7886680178074108 opposes 0.20895225900323663 __DUMMY__ 0.002379723189352524	false	1.0
N1721	favors 1.0	favors 1.0	favors 0.8147198950746726 opposes 0.18309019048812722 __DUMMY__ 0.0021899144372001223	false	1.0
N1724	favors 1.0	favors 1.0	favors 0.7761284408150353 opposes 0.22136662814373514 __DUMMY__ 0.0025049310412296314	false	1.0
N1725	favors 1.0	favors 1.0	favors 0.7341961132927578 opposes 0.26351247111608506 __DUMMY__ 0.0022914155911570745	false	1.0
N1722	opposes 1.0	opposes 1.0	opposes 0.7611572643756376 favors 0.2366074800447174 __DUMMY__ 0.00223525557964501	false	1.0
N1723	favors 1.0	favors 1.0	favors 0.7338246641496374 opposes 0.2639309406527178 __DUMMY__ 0.0022443951976447592	false	1.0
N1728	opposes 1.0	opposes 1.0	opposes 0.7279397177122404 favors 0.2695950740309562 __DUMMY__ 0.0024652082568033104	false	1.0
N1729	favors 1.0	favors 1.0	favors 0.7720797905040891 opposes 0.22573204922393733 __DUMMY__ 0.002188160271973409	false	1.0
N1726	opposes 1.0	opposes 1.0	opposes 0.7446920702506119 favors 0.2528596752256107 __DUMMY__ 0.0024482545237772668	false	1.0
N1727	favors 1.0		favors 0.5860134009255114 opposes 0.4020302708178517 __DUMMY__ 0.011956328256636938	true	1.0
N1710	favors 1.0	favors 1.0	favors 0.7387549044522481 opposes 0.2588689234037996 __DUMMY__ 0.0023761721439522305	false	1.0
N1713	opposes 1.0	opposes 1.0	opposes 0.7027874449809782 favors 0.2948958340883638 __DUMMY__ 0.0023167209306580792	false	1.0
N1714	opposes 1.0	opposes 1.0	opposes 0.6964167593552085 favors 0.30155349293783074 __DUMMY__ 0.002029747706960664	false	1.0
N1711	opposes 1.0	opposes 1.0	opposes 0.6912631634013308 favors 0.30661635950529564 __DUMMY__ 0.0021204770933736113	false	1.0
N1712	favors 1.0	favors 1.0	favors 0.7406511021222495 opposes 0.2565752855784362 __DUMMY__ 0.002773612299314342	false	1.0
N1717	favors 1.0	favors 1.0	favors 0.723596708063536 opposes 0.2737183593090659 __DUMMY__ 0.002684932627397993	false	1.0
N1718	favors 1.0	favors 1.0	favors 0.7475748475211148 opposes 0.25041145328034825 __DUMMY__ 0.0020136991985369337	false	1.0
N1715	opposes 1.0		opposes 0.5058132981118492 favors 0.4827589960489915 __DUMMY__ 0.011427705839159492	true	1.0
N1716	opposes 1.0	opposes 1.0	opposes 0.6947088588133261 favors 0.3028258832942797 __DUMMY__ 0.002465257892394201	false	1.0
N1719	favors 1.0	favors 1.0	favors 0.7708885943708904 opposes 0.22698460982396407 __DUMMY__ 0.0021267958051454294	false	1.0
N1782	favors 1.0	favors 1.0	favors 0.7353956511791375 opposes 0.26226796730393265 __DUMMY__ 0.0023363815169298373	false	1.0
N1783	opposes 1.0		opposes 0.5170771854003214 favors 0.4712818134134292 __DUMMY__ 0.011641001186249474	true	1.0
N1780	favors 1.0	favors 1.0	favors 0.7350089315464419 opposes 0.26270137059587034 __DUMMY__ 0.002289697857687792	false	1.0
N1781	favors 1.0	favors 1.0	favors 0.7761088658088895 opposes 0.22134467878158504 __DUMMY__ 0.002546455409525468	false	1.0
N1302	opposes 1.0	opposes 1.0	opposes 0.6762950312575104 favors 0.32072823897575126 __DUMMY__ 0.0029767297667383234	false	1.0
N1786	favors 1.0	favors 1.0	favors 0.7696485713922637 opposes 0.22810717915566672 __DUMMY__ 0.002244249452069611	false	1.0
N1303	favors 1.0	favors 1.0	favors 0.763110256280762 opposes 0.23440118761295214 __DUMMY__ 0.0024885561062858055	false	1.0
N1787	opposes 1.0	opposes 1.0	opposes 0.7262385053176569 favors 0.27086425811328896 __DUMMY__ 0.0028972365690541502	false	1.0
N1300	favors 1.0	favors 1.0	favors 0.7543252714548989 opposes 0.24333765733875481 __DUMMY__ 0.002337071206346343	false	1.0
N1784	opposes 1.0	opposes 1.0	opposes 0.6858853706789544 favors 0.3113911068234097 __DUMMY__ 0.002723522497635794	false	1.0
N1301	favors 1.0	favors 1.0	favors 0.7614778670832086 opposes 0.23647969730870014 __DUMMY__ 0.0020424356080912627	false	1.0
N1785	opposes 1.0	opposes 1.0	opposes 0.7288262888058133 favors 0.26867049733814524 __DUMMY__ 0.0025032138560413986	false	1.0
N1306	opposes 1.0	opposes 1.0	opposes 0.6962149302975295 favors 0.30164140242748366 __DUMMY__ 0.002143667274986906	false	1.0
N1307	favors 1.0	favors 1.0	favors 0.7541753361487005 opposes 0.24317706025294594 __DUMMY__ 0.0026476035983536896	false	1.0
N1304	opposes 1.0		opposes 0.5183776818508963 favors 0.46969634856945375 __DUMMY__ 0.011925969579650043	true	1.0
N1788	opposes 1.0		favors 0.5387793937465074 opposes 0.44969893377900105 __DUMMY__ 0.011521672474491658	true	0.5
N1305	opposes 1.0	opposes 1.0	opposes 0.7215509000692011 favors 0.27642442994185634 __DUMMY__ 0.002024669988942554	false	1.0
N1789	favors 1.0		favors 0.5512821682951002 opposes 0.4377129910766117 __DUMMY__ 0.011004840628287941	true	1.0
N1308	favors 1.0	favors 1.0	favors 0.7843141884792201 opposes 0.21328549182299097 __DUMMY__ 0.002400319697788941	false	1.0
N1309	opposes 1.0	opposes 1.0	opposes 0.6507289477528168 favors 0.34706281839413783 __DUMMY__ 0.002208233853045328	false	1.0
N1771	favors 1.0		favors 0.559894993758512 opposes 0.4292521403995294 __DUMMY__ 0.01085286584195859	true	1.0
N1772	opposes 1.0	opposes 1.0	opposes 0.736009696313749 favors 0.26152391787267043 __DUMMY__ 0.002466385813580502	false	1.0
N1770	favors 1.0	favors 1.0	favors 0.7601858175851058 opposes 0.23745133728556767 __DUMMY__ 0.002362845129326456	false	1.0
N1775	favors 1.0	favors 1.0	favors 0.7252724079391776 opposes 0.2720067945264306 __DUMMY__ 0.002720797534391852	false	1.0
N1776	favors 1.0	favors 1.0	favors 0.7483299605479593 opposes 0.24960595866467541 __DUMMY__ 0.0020640807873651894	false	1.0
N1773	opposes 1.0		favors 0.6007279179600593 opposes 0.3868458739186371 __DUMMY__ 0.012426208121303456	true	0.5
N2620	favors 1.0	favors 1.0	favors 0.7317667657514589 opposes 0.2658966003352954 __DUMMY__ 0.002336633913245676	false	1.0
N1774	opposes 1.0	opposes 1.0	opposes 0.6949087290132303 favors 0.30258571252650823 __DUMMY__ 0.0025055584602614216	false	1.0
N1779	opposes 1.0	opposes 1.0	opposes 0.7594851584651588 favors 0.2382348938453388 __DUMMY__ 0.0022799476895022652	false	1.0
N1777	favors 1.0	favors 1.0	favors 0.7710564405071181 opposes 0.2267603680360823 __DUMMY__ 0.002183191456799637	false	1.0
N1778	favors 1.0	favors 1.0	favors 0.8134741932697132 opposes 0.18428288332437354 __DUMMY__ 0.0022429234059132093	false	1.0
N901	favors 1.0	favors 1.0	favors 0.7377344023709045 opposes 0.25943095069534494 __DUMMY__ 0.002834646933750588	false	1.0
N902	opposes 1.0		favors 0.5373832731827956 opposes 0.4511548935058634 __DUMMY__ 0.01146183331134112	true	0.5
N903	opposes 1.0	opposes 1.0	opposes 0.7021019403762911 favors 0.29571533254344373 __DUMMY__ 0.0021827270802651554	false	1.0
N904	opposes 1.0	opposes 1.0	opposes 0.7380164619304141 favors 0.2594487542155054 __DUMMY__ 0.0025347838540804163	false	1.0
N1760	opposes 1.0	opposes 1.0	opposes 0.6554764098473641 favors 0.3422621910233304 __DUMMY__ 0.002261399129305427	false	1.0
N1761	opposes 1.0	opposes 1.0	opposes 0.7630225032025676 favors 0.2346821528878194 __DUMMY__ 0.0022953439096130234	false	1.0
N900	opposes 1.0	opposes 1.0	opposes 0.6969578113959634 favors 0.3007966888838545 __DUMMY__ 0.0022454997201820375	false	1.0
N909	opposes 1.0	opposes 1.0	opposes 0.6980437124562133 favors 0.2996753413613794 __DUMMY__ 0.0022809461824072974	false	1.0
N1764	opposes 1.0		opposes 0.4954405776909065 favors 0.49318583284464684 __DUMMY__ 0.01137358946444681	true	1.0
N2611	favors 1.0		opposes 0.511469741684642 favors 0.4765489894499901 __DUMMY__ 0.011981268865367982	true	0.5
N1765	favors 1.0	favors 1.0	favors 0.724618730877816 opposes 0.27297883062086864 __DUMMY__ 0.0024024385013152144	false	1.0
N2612	favors 1.0		favors 0.5181775039267016 opposes 0.4709662615669273 __DUMMY__ 0.010856234506371137	true	1.0
N1762	opposes 1.0	opposes 1.0	opposes 0.7329602212867015 favors 0.2647346000287978 __DUMMY__ 0.0023051786845008	false	1.0
N1763	opposes 1.0	opposes 1.0	opposes 0.692474776470704 favors 0.30496736565867144 __DUMMY__ 0.0025578578706246503	false	1.0
N2610	opposes 1.0	opposes 1.0	opposes 0.6982346382577004 favors 0.29925853789628315 __DUMMY__ 0.002506823846016511	false	1.0
N905	opposes 1.0		favors 0.5838254535885714 opposes 0.40375288249420627 __DUMMY__ 0.012421663917222358	true	0.5
N1768	opposes 1.0	opposes 1.0	opposes 0.6914997114056562 favors 0.3063343185302113 __DUMMY__ 0.002165970064132399	false	1.0
N2615	opposes 1.0	opposes 1.0	opposes 0.6791233231838467 favors 0.31845387564943844 __DUMMY__ 0.00242280116671484	false	1.0
N906	opposes 1.0		favors 0.5510871842936667 opposes 0.4371957764650209 __DUMMY__ 0.011717039241312505	true	0.5
N1769	favors 1.0	favors 1.0	favors 0.7416322692586004 opposes 0.255563924560758 __DUMMY__ 0.002803806180641529	false	1.0
N2616	favors 1.0	favors 1.0	favors 0.8099283869810646 opposes 0.1878289108846882 __DUMMY__ 0.002242702134247129	false	1.0
N907	favors 1.0	favors 1.0	favors 0.722320796301999 opposes 0.27491457546798514 __DUMMY__ 0.0027646282300158955	false	1.0
N1766	favors 1.0	favors 1.0	favors 0.7815914239175463 opposes 0.21577874437093655 __DUMMY__ 0.0026298317115171356	false	1.0
N2613	opposes 1.0	opposes 1.0	opposes 0.6953131177122355 favors 0.3025043451684557 __DUMMY__ 0.002182537119308708	false	1.0
N908	favors 1.0	favors 1.0	favors 0.744003091559287 opposes 0.2538411440216265 __DUMMY__ 0.0021557644190865546	false	1.0
N1767	favors 1.0		favors 0.5085612485593335 opposes 0.4799260758577834 __DUMMY__ 0.011512675582883129	true	1.0
N2614	opposes 1.0	opposes 1.0	opposes 0.7074811775342026 favors 0.28986012587760374 __DUMMY__ 0.0026586965881937857	false	1.0
N2619	opposes 1.0		favors 0.5703326312961773 opposes 0.4179553584295109 __DUMMY__ 0.011712010274311943	true	0.5
N2617	favors 1.0	favors 1.0	favors 0.701029648508678 opposes 0.2966904858985399 __DUMMY__ 0.00227986559278218	false	1.0
N2618	favors 1.0	favors 1.0	favors 0.7314580890273547 opposes 0.26625222456726916 __DUMMY__ 0.0022896864053762044	false	1.0
N1750	favors 1.0	favors 1.0	favors 0.7553864856844127 opposes 0.24223572505217666 __DUMMY__ 0.0023777892634107016	false	1.0
N1753	favors 1.0	favors 1.0	favors 0.7821848885706678 opposes 0.21484731387346842 __DUMMY__ 0.0029677975558638297	false	1.0
N2600	opposes 1.0	opposes 1.0	opposes 0.7323976392939591 favors 0.26527003796751375 __DUMMY__ 0.002332322738527287	false	1.0
N1754	favors 1.0		favors 0.5532260508740319 opposes 0.43509987645647347 __DUMMY__ 0.01167407266949474	true	1.0
N2601	favors 1.0	favors 1.0	favors 0.7211546197103584 opposes 0.27644238285228 __DUMMY__ 0.0024029974373615402	false	1.0
N1751	favors 1.0		favors 0.5505718708673865 opposes 0.43852679997607524 __DUMMY__ 0.010901329156538188	true	1.0
N1752	favors 1.0	favors 1.0	favors 0.7220412752037236 opposes 0.27547888124160663 __DUMMY__ 0.0024798435546696833	false	1.0
N1757	favors 1.0	favors 1.0	favors 0.7656047834935789 opposes 0.23219174708594534 __DUMMY__ 0.002203469420475844	false	1.0
N2604	opposes 1.0	opposes 1.0	opposes 0.6944771475960183 favors 0.3033576015899851 __DUMMY__ 0.0021652508139966657	false	1.0
N1758	favors 1.0		favors 0.5370257627159502 opposes 0.45099071652164124 __DUMMY__ 0.0119835207624086	true	1.0
N2605	favors 1.0	favors 1.0	favors 0.7381361722828936 opposes 0.25905719112883 __DUMMY__ 0.0028066365882763763	false	1.0
N1755	opposes 1.0	opposes 1.0	opposes 0.7408169679936746 favors 0.2564547103466386 __DUMMY__ 0.00272832165968688	false	1.0
N2602	favors 1.0	favors 1.0	favors 0.7782175057528049 opposes 0.21915072787502649 __DUMMY__ 0.002631766372168556	false	1.0
N1756	opposes 1.0		favors 0.5164357997679977 opposes 0.472657034642077 __DUMMY__ 0.01090716558992539	true	0.5
N2603	favors 1.0	favors 1.0	favors 0.7363212018097914 opposes 0.26126120192844554 __DUMMY__ 0.002417596261762946	false	1.0
N2608	opposes 1.0	opposes 1.0	opposes 0.7399014517698487 favors 0.25763096694560156 __DUMMY__ 0.00246758128454984	false	1.0
N2609	opposes 1.0		favors 0.5935851903329041 opposes 0.3939887581741536 __DUMMY__ 0.012426051492942278	true	0.5
N1759	favors 1.0	favors 1.0	favors 0.7831234276738814 opposes 0.21444126250386558 __DUMMY__ 0.002435309822252985	false	1.0
N2606	opposes 1.0	opposes 1.0	opposes 0.7062409256400999 favors 0.2913957488195629 __DUMMY__ 0.002363325540337128	false	1.0
N2607	opposes 1.0	opposes 1.0	opposes 0.6999916724915385 favors 0.29792535246993457 __DUMMY__ 0.0020829750385270296	false	1.0
N923	favors 1.0	favors 1.0	favors 0.7231529971763243 opposes 0.27436227895698495 __DUMMY__ 0.0024847238666908028	false	1.0
N924	favors 1.0	favors 1.0	favors 0.7848434029050686 opposes 0.21217142343031453 __DUMMY__ 0.0029851736646169416	false	1.0
N925	favors 1.0	favors 1.0	favors 0.7653826824712652 opposes 0.23209499755565408 __DUMMY__ 0.0025223199730806897	false	1.0
N926	opposes 1.0	opposes 1.0	opposes 0.7393478209048078 favors 0.2579133314720279 __DUMMY__ 0.0027388476231643847	false	1.0
N1342	opposes 1.0	opposes 1.0	opposes 0.7183503950318274 favors 0.27962599920161274 __DUMMY__ 0.0020236057665599123	false	1.0
N920	opposes 1.0	opposes 1.0	opposes 0.7244995198392962 favors 0.2726804591738372 __DUMMY__ 0.002820020986866705	false	1.0
N1343	favors 1.0	favors 1.0	favors 0.7688122922062653 opposes 0.229052214394761 __DUMMY__ 0.002135493398973712	false	1.0
N921	favors 1.0	favors 1.0	favors 0.7571694406688974 opposes 0.24045041654334748 __DUMMY__ 0.0023801427877551368	false	1.0
N1340	favors 1.0	favors 1.0	favors 0.7662817617652543 opposes 0.23125297865666208 __DUMMY__ 0.002465259578083605	false	1.0
N922	favors 1.0		favors 0.5543987458305804 opposes 0.43471925518033566 __DUMMY__ 0.010881998989083836	true	1.0
N1341	opposes 1.0	opposes 1.0	opposes 0.7387044088604534 favors 0.25861641897881354 __DUMMY__ 0.0026791721607331014	false	1.0
N1346	opposes 1.0	opposes 1.0	opposes 0.7617557665718085 favors 0.2360038547370769 __DUMMY__ 0.002240378691114576	false	1.0
N1347	opposes 1.0	opposes 1.0	opposes 0.7308681546764013 favors 0.2668824767493562 __DUMMY__ 0.0022493685742425717	false	1.0
N1344	favors 1.0	favors 1.0	favors 0.7577386161929301 opposes 0.23964422700744314 __DUMMY__ 0.0026171567996267292	false	1.0
N1345	favors 1.0	favors 1.0	favors 0.8115826532362719 opposes 0.18622061190459036 __DUMMY__ 0.002196734859137702	false	1.0
N927	opposes 1.0		favors 0.5192857065114715 opposes 0.46982390613133385 __DUMMY__ 0.010890387357194546	true	0.5
N928	favors 1.0		favors 0.5622011294794692 opposes 0.4267573815322135 __DUMMY__ 0.011041488988317293	true	1.0
N929	favors 1.0	favors 1.0	favors 0.7568885898681887 opposes 0.24043794365543422 __DUMMY__ 0.0026734664763769724	false	1.0
N1348	favors 1.0	favors 1.0	favors 0.7740307236049554 opposes 0.2234652641368532 __DUMMY__ 0.002504012258191461	false	1.0
N1349	opposes 1.0	opposes 1.0	opposes 0.7303543460872498 favors 0.2673502195947399 __DUMMY__ 0.002295434318010281	false	1.0
N912	favors 1.0		favors 0.6265149829774984 opposes 0.36224607775293116 __DUMMY__ 0.011238939269570451	true	1.0
N913	favors 1.0		favors 0.4946703241018852 opposes 0.4939669187212317 __DUMMY__ 0.0113627571768832	true	1.0
N914	opposes 1.0		favors 0.5636909658168185 opposes 0.4245215047384685 __DUMMY__ 0.011787529444713094	true	0.5
N915	favors 1.0	favors 1.0	favors 0.7319241762483913 opposes 0.2656665385018839 __DUMMY__ 0.0024092852497248738	false	1.0
N1331	favors 1.0		favors 0.49531382798788753 opposes 0.49343425576071404 __DUMMY__ 0.011251916251398462	true	1.0
N1332	opposes 1.0	opposes 1.0	opposes 0.7418481909591305 favors 0.255787449073895 __DUMMY__ 0.0023643599669745	false	1.0
N910	opposes 1.0	opposes 1.0	opposes 0.7089207658939888 favors 0.288377616359418 __DUMMY__ 0.0027016177465931106	false	1.0
N911	favors 1.0		favors 0.5844069985132065 opposes 0.4039789088741802 __DUMMY__ 0.011614092612613387	true	1.0
N1330	favors 1.0	favors 1.0	favors 0.7742952266653716 opposes 0.22318125773476272 __DUMMY__ 0.002523515599865717	false	1.0
N1335	favors 1.0	favors 1.0	favors 0.7719409221363763 opposes 0.22593125171668996 __DUMMY__ 0.0021278261469337948	false	1.0
N1336	opposes 1.0	opposes 1.0	opposes 0.7238317844475662 favors 0.2734013526000261 __DUMMY__ 0.0027668629524075367	false	1.0
N1333	favors 1.0	favors 1.0	favors 0.7796810378159541 opposes 0.2177283076748641 __DUMMY__ 0.00259065450918184	false	1.0
N1334	favors 1.0	favors 1.0	favors 0.7376868045571956 opposes 0.25993493925841066 __DUMMY__ 0.0023782561843938453	false	1.0
N916	opposes 1.0	opposes 1.0	opposes 0.7423903396513378 favors 0.25519169009775755 __DUMMY__ 0.002417970250904652	false	1.0
N1339	favors 1.0		favors 0.5967265112933311 opposes 0.39093243593041205 __DUMMY__ 0.012341052776256852	true	1.0
N917	opposes 1.0	opposes 1.0	opposes 0.6846733375377579 favors 0.3126801723769839 __DUMMY__ 0.0026464900852581222	false	1.0
N918	opposes 1.0	opposes 1.0	opposes 0.7270774971060147 favors 0.2704897444140625 __DUMMY__ 0.0024327584799229236	false	1.0
N1337	favors 1.0	favors 1.0	favors 0.7580472803221334 opposes 0.2396325077172433 __DUMMY__ 0.0023202119606233465	false	1.0
N919	favors 1.0	favors 1.0	favors 0.7711039307765396 opposes 0.22671519104485727 __DUMMY__ 0.0021808781786031026	false	1.0
N1338	favors 1.0	favors 1.0	favors 0.7648111338260839 opposes 0.23314881776353932 __DUMMY__ 0.0020400484103767044	false	1.0
N940	opposes 1.0	opposes 1.0	opposes 0.7248919002389005 favors 0.2722734528273489 __DUMMY__ 0.0028346469337505874	false	1.0
N945	favors 1.0	favors 1.0	favors 0.7618479216980354 opposes 0.23558762622640292 __DUMMY__ 0.0025644520755616243	false	1.0
N946	opposes 1.0		opposes 0.5086652142226566 favors 0.47931268131339294 __DUMMY__ 0.012022104463950313	true	1.0
N947	opposes 1.0	opposes 1.0	opposes 0.7199135650335287 favors 0.2779306705473848 __DUMMY__ 0.0021557644190865546	false	1.0
N948	favors 1.0	favors 1.0	favors 0.7541579638749589 opposes 0.243140418378448 __DUMMY__ 0.0027016177465931115	false	1.0
N941	favors 1.0	favors 1.0	favors 0.7542462499628553 opposes 0.24331682352145081 __DUMMY__ 0.0024369265156939596	false	1.0
N1320	favors 1.0	favors 1.0	favors 0.722068583325685 opposes 0.27549219546646203 __DUMMY__ 0.0024392212078529567	false	1.0
N942	favors 1.0	favors 1.0	favors 0.7604059290613502 opposes 0.23741134385838467 __DUMMY__ 0.0021827270802651567	false	1.0
N1321	favors 1.0	favors 1.0	favors 0.7867884420969953 opposes 0.2102493083077285 __DUMMY__ 0.0029622495952762685	false	1.0
N943	favors 1.0	favors 1.0	favors 0.7233076267493725 opposes 0.2741575893965471 __DUMMY__ 0.002534783854080414	false	1.0
N944	opposes 1.0	opposes 1.0	opposes 0.6812755571144019 favors 0.315736446712607 __DUMMY__ 0.00298799617299111	false	1.0
N1324	opposes 1.0	opposes 1.0	opposes 0.7185297105916549 favors 0.27944623077715974 __DUMMY__ 0.002024058631185242	false	1.0
N1325	favors 1.0	favors 1.0	favors 0.7688528577100135 opposes 0.22900595840659557 __DUMMY__ 0.0021411838833908584	false	1.0
N1322	favors 1.0	favors 1.0	favors 0.7662398610856364 opposes 0.2312778688603446 __DUMMY__ 0.0024822700540190062	false	1.0
N1323	opposes 1.0	opposes 1.0	opposes 0.7396066703331335 favors 0.2576868171854568 __DUMMY__ 0.002706512481409752	false	1.0
N949	favors 1.0	favors 1.0	favors 0.7802248058867616 opposes 0.21728833615109666 __DUMMY__ 0.002486857962141871	false	1.0
N1328	opposes 1.0	opposes 1.0	opposes 0.7634256535720513 favors 0.23432589360320674 __DUMMY__ 0.002248452824741971	false	1.0
N1329	opposes 1.0	opposes 1.0	opposes 0.7314683161552339 favors 0.2662736411995155 __DUMMY__ 0.0022580426452506147	false	1.0
N1326	favors 1.0	favors 1.0	favors 0.75741648138497 opposes 0.23994407663950917 __DUMMY__ 0.0026394419755208657	false	1.0
N1327	favors 1.0	favors 1.0	favors 0.8133452218833892 opposes 0.18444982567263696 __DUMMY__ 0.0022049524439738074	false	1.0
N934	favors 1.0	favors 1.0	favors 0.773027482454262 opposes 0.2244083057992235 __DUMMY__ 0.0025642117465145046	false	1.0
N935	opposes 1.0		favors 0.495716842635137 opposes 0.49291841441974754 __DUMMY__ 0.011364742945115405	true	0.5
N1790	opposes 1.0	opposes 1.0	opposes 0.7413175508953466 favors 0.25611515424948655 __DUMMY__ 0.002567294855166923	false	1.0
N936	opposes 1.0	opposes 1.0	opposes 0.7413165039765658 favors 0.25621821618210716 __DUMMY__ 0.002465279841327088	false	1.0
N937	opposes 1.0	opposes 1.0	opposes 0.6885831913235421 favors 0.3087398292269234 __DUMMY__ 0.0026769794495345024	false	1.0
N930	favors 1.0	favors 1.0	favors 0.785413673665253 opposes 0.21214775513117407 __DUMMY__ 0.002438571203572911	false	1.0
N1793	opposes 1.0		opposes 0.514211442853653 favors 0.4736299200923008 __DUMMY__ 0.012158637054046292	true	1.0
N931	opposes 1.0		favors 0.6412099679244401 opposes 0.34764733077307836 __DUMMY__ 0.011142701302481493	true	0.5
N1310	opposes 1.0	opposes 1.0	opposes 0.7669931705583656 favors 0.23075515240224087 __DUMMY__ 0.0022516770393935324	false	1.0
N1794	opposes 1.0		favors 0.5159623610279769 opposes 0.47303394479284694 __DUMMY__ 0.01100369417917609	true	0.5
N932	opposes 1.0	opposes 1.0	opposes 0.7621919334185674 favors 0.23551232052665078 __DUMMY__ 0.0022957460547817954	false	1.0
N1791	favors 1.0	favors 1.0	favors 0.7831412413441919 opposes 0.21377646884091345 __DUMMY__ 0.0030822898148945917	false	1.0
N933	opposes 1.0	opposes 1.0	opposes 0.7314965345911808 favors 0.26619763592729123 __DUMMY__ 0.002305829481528033	false	1.0
N1792	favors 1.0	favors 1.0	favors 0.7636573251687134 opposes 0.23374443695527933 __DUMMY__ 0.00259823787600709	false	1.0
N1313	opposes 1.0		opposes 0.5145929345818496 favors 0.47398534885492194 __DUMMY__ 0.01142171656322849	true	1.0
N1797	favors 1.0		favors 0.5910696276960364 opposes 0.3972476075416642 __DUMMY__ 0.011682764762299411	true	1.0
N1314	favors 1.0	favors 1.0	favors 0.7801429448852998 opposes 0.21724514940180326 __DUMMY__ 0.002611905712896978	false	1.0
N1798	opposes 1.0	opposes 1.0	opposes 0.6527894469652097 favors 0.34486985042284224 __DUMMY__ 0.002340702611948134	false	1.0
N1311	opposes 1.0	opposes 1.0	opposes 0.7347375695221048 favors 0.2630009714227712 __DUMMY__ 0.002261459055124071	false	1.0
N1795	opposes 1.0		favors 0.558909593862127 opposes 0.4299120304049537 __DUMMY__ 0.011178375732919247	true	0.5
N1312	opposes 1.0	opposes 1.0	opposes 0.7342898922182691 favors 0.2634000404930398 __DUMMY__ 0.0023100672886911915	false	1.0
N1796	favors 1.0	favors 1.0	favors 0.7550447277854725 opposes 0.24220355674852723 __DUMMY__ 0.002751715466000347	false	1.0
N938	opposes 1.0		favors 0.5024183131855741 opposes 0.48598245266984896 __DUMMY__ 0.011599234144576878	true	0.5
N1317	opposes 1.0	opposes 1.0	opposes 0.7241883057053687 favors 0.27301801377182794 __DUMMY__ 0.0027936805228032744	false	1.0
N939	favors 1.0	favors 1.0	favors 0.7675482023564959 opposes 0.23020629792332203 __DUMMY__ 0.002245499720182038	false	1.0
N1318	favors 1.0	favors 1.0	favors 0.7576787546346094 opposes 0.2399888213708855 __DUMMY__ 0.002332423994504959	false	1.0
N1315	opposes 1.0	opposes 1.0	opposes 0.7268882406067768 favors 0.27072072186624985 __DUMMY__ 0.0023910375269734032	false	1.0
N1799	opposes 1.0	opposes 1.0	opposes 0.7644288119322358 favors 0.23320679802997538 __DUMMY__ 0.0023643900377888624	false	1.0
N1316	favors 1.0	favors 1.0	favors 0.7721329036769007 opposes 0.22573555694373404 __DUMMY__ 0.0021315393793653807	false	1.0
N1319	opposes 1.0	opposes 1.0	opposes 0.6980166233034543 favors 0.2999418915574182 __DUMMY__ 0.0020414851391275905	false	1.0
N960	favors 1.0	favors 1.0	favors 0.7658549035788177 opposes 0.23158274323527214 __DUMMY__ 0.0025623531859102306	false	1.0
N961	favors 1.0	favors 1.0	favors 0.7217831207601112 opposes 0.27543078664075105 __DUMMY__ 0.0027860925991377056	false	1.0
N962	opposes 1.0	opposes 1.0	opposes 0.7188040256528803 favors 0.27908649502193067 __DUMMY__ 0.002109479325189055	false	1.0
N967	opposes 1.0		favors 0.572606954964646 opposes 0.4155719562963197 __DUMMY__ 0.01182108873903433	true	0.5
N1382	favors 1.0		favors 0.6451331065356998 opposes 0.3437271249394252 __DUMMY__ 0.011139768524875008	true	1.0
N968	favors 1.0	favors 1.0	favors 0.7323759661709286 opposes 0.2652346435092389 __DUMMY__ 0.002389390319832546	false	1.0
N1383	opposes 1.0	opposes 1.0	opposes 0.7584084168955426 favors 0.2393051958811544 __DUMMY__ 0.002286387223302918	false	1.0
N2230	opposes 1.0	opposes 1.0	opposes 0.736697725991282 favors 0.26083308780289216 __DUMMY__ 0.0024691862058259027	false	1.0
N969	favors 1.0	favors 1.0	favors 0.7230495462509655 opposes 0.27456768058148956 __DUMMY__ 0.0023827731675449735	false	1.0
N1380	favors 1.0		favors 0.5461335220187844 opposes 0.44190016092495515 __DUMMY__ 0.011966317056260525	true	1.0
N1381	favors 1.0	favors 1.0	favors 0.78793236904419 opposes 0.20964163794339613 __DUMMY__ 0.0024259930124139765	false	1.0
N963	opposes 1.0	opposes 1.0	opposes 0.6940009820091032 favors 0.3037586300240113 __DUMMY__ 0.0022403879668854145	false	1.0
N1386	opposes 1.0	opposes 1.0	opposes 0.7276967260819898 favors 0.2699613549542117 __DUMMY__ 0.0023419189637985498	false	1.0
N2233	favors 1.0	favors 1.0	favors 0.7245115120259255 opposes 0.27276483610567176 __DUMMY__ 0.0027236518684027895	false	1.0
N964	favors 1.0	favors 1.0	favors 0.8117148519295644 opposes 0.18598506668054504 __DUMMY__ 0.0023000813898905255	false	1.0
N1387	opposes 1.0	opposes 1.0	opposes 0.7434399485043434 favors 0.25409931511898776 __DUMMY__ 0.0024607363766687854	false	1.0
N2234	favors 1.0	favors 1.0	favors 0.7476799169188783 opposes 0.2502538008727322 __DUMMY__ 0.0020662822083895313	false	1.0
N965	favors 1.0		opposes 0.5515145255800492 favors 0.4371468648413869 __DUMMY__ 0.011338609578563868	true	0.5
N1384	favors 1.0	favors 1.0	favors 0.7357291660798513 opposes 0.26197480009305674 __DUMMY__ 0.0022960338270920566	false	1.0
N2231	favors 1.0		favors 0.5993109434014748 opposes 0.3882607661589398 __DUMMY__ 0.012428290439585266	true	1.0
N966	favors 1.0		favors 0.49485878191996385 opposes 0.49379874989044614 __DUMMY__ 0.011342468189590147	true	1.0
N1385	favors 1.0	favors 1.0	favors 0.7760121227529467 opposes 0.22144002992460837 __DUMMY__ 0.002547847322444948	false	1.0
N2232	opposes 1.0	opposes 1.0	opposes 0.6955273086235725 favors 0.3019645922173884 __DUMMY__ 0.0025080991590391943	false	1.0
N2237	opposes 1.0	opposes 1.0	opposes 0.6765518317128351 favors 0.321023617022438 __DUMMY__ 0.00242455126472698	false	1.0
N2238	favors 1.0	favors 1.0	favors 0.8127300858927912 opposes 0.18502426725365753 __DUMMY__ 0.0022456468535512154	false	1.0
N1388	opposes 1.0		favors 0.5821238118041588 opposes 0.4058778311365692 __DUMMY__ 0.011998357059271793	true	0.5
N2235	favors 1.0	favors 1.0	favors 0.7702790132327852 opposes 0.22753504677445957 __DUMMY__ 0.0021859399927553393	false	1.0
N1389	opposes 1.0	opposes 1.0	opposes 0.7276996789767098 favors 0.26982353476933174 __DUMMY__ 0.0024767862539584445	false	1.0
N2236	opposes 1.0		favors 0.5446521904159359 opposes 0.4433868414851321 __DUMMY__ 0.011960968098932113	true	0.5
N2239	favors 1.0	favors 1.0	favors 0.7039984056792623 opposes 0.2937193308674722 __DUMMY__ 0.0022822634532654452	false	1.0
N950	opposes 1.0		opposes 0.5458271975180597 favors 0.4428117703129317 __DUMMY__ 0.01136103216900863	true	1.0
N951	opposes 1.0	opposes 1.0	opposes 0.7312697417246458 favors 0.26636518038256507 __DUMMY__ 0.0023650778927892416	false	1.0
N956	favors 1.0		favors 0.5072728742553019 opposes 0.48040534163767873 __DUMMY__ 0.012321784107019514	true	1.0
N1371	opposes 1.0	opposes 1.0	opposes 0.7214077865937809 favors 0.2757921578619432 __DUMMY__ 0.0028000555442758185	false	1.0
N957	opposes 1.0	opposes 1.0	opposes 0.7051780197952329 favors 0.2924030970332239 __DUMMY__ 0.0024188831715432164	false	1.0
N1372	favors 1.0	favors 1.0	favors 0.7604315362684005 opposes 0.237200450330853 __DUMMY__ 0.0023680134007464946	false	1.0
N958	opposes 1.0		favors 0.5553571583376731 opposes 0.4337043705864995 __DUMMY__ 0.010938471075827537	true	0.5
N959	opposes 1.0	opposes 1.0	opposes 0.7392511807861126 favors 0.2582210019429641 __DUMMY__ 0.002527817270923231	false	1.0
N1370	favors 1.0	favors 1.0	favors 0.7736621306555252 opposes 0.2241636333360088 __DUMMY__ 0.002174236008465889	false	1.0
N952	opposes 1.0	opposes 1.0	opposes 0.730804297976215 favors 0.26678641677405995 __DUMMY__ 0.0024092852497248738	false	1.0
N1375	favors 1.0	favors 1.0	favors 0.787863874711241 opposes 0.2091793861641072 __DUMMY__ 0.0029567391246518616	false	1.0
N2222	opposes 1.0	opposes 1.0	opposes 0.7335943893841307 favors 0.2641140080649789 __DUMMY__ 0.0022916025508904264	false	1.0
N953	favors 1.0		opposes 0.5137214737035114 favors 0.4746961119739069 __DUMMY__ 0.011582414322581813	true	0.5
N1376	favors 1.0	favors 1.0	favors 0.7683655678625835 opposes 0.22912675454458226 __DUMMY__ 0.002507677592834171	false	1.0
N2223	favors 1.0	favors 1.0	favors 0.723965279230245 opposes 0.27362998051676524 __DUMMY__ 0.002404740252989748	false	1.0
N954	favors 1.0	favors 1.0	favors 0.7794204559946754 opposes 0.21789111370890218 __DUMMY__ 0.0026884302964224564	false	1.0
N1373	favors 1.0	favors 1.0	favors 0.7669871443115751 opposes 0.2309177094142966 __DUMMY__ 0.002095146274128274	false	1.0
N2220	opposes 1.0	opposes 1.0	opposes 0.7340455527521439 favors 0.26370978172340864 __DUMMY__ 0.002244665524447378	false	1.0
N955	favors 1.0	favors 1.0	favors 0.7369582584839677 opposes 0.2605727037192396 __DUMMY__ 0.0024690377967928083	false	1.0
N1374	opposes 1.0	opposes 1.0	opposes 0.7353072651569108 favors 0.2622232209699997 __DUMMY__ 0.0024695138730894068	false	1.0
N2221	favors 1.0	favors 1.0	favors 0.7711322695260745 opposes 0.22636306583773577 __DUMMY__ 0.00250466463618977	false	1.0
N1379	favors 1.0	favors 1.0	favors 0.7710763040241376 opposes 0.22673080907963497 __DUMMY__ 0.002192886896227469	false	1.0
N2226	opposes 1.0		favors 0.5699933895912368 opposes 0.4189265681325633 __DUMMY__ 0.011080042276199959	true	0.5
N2227	favors 1.0	favors 1.0	favors 0.7409609235499456 opposes 0.2562327515853198 __DUMMY__ 0.0028063248647345715	false	1.0
N1377	opposes 1.0		opposes 0.502645214665918 favors 0.48536119767098407 __DUMMY__ 0.01199358766309792	true	1.0
N2224	favors 1.0	favors 1.0	favors 0.780912148163485 opposes 0.21645546811461283 __DUMMY__ 0.0026323837219021703	false	1.0
N1378	favors 1.0	favors 1.0	favors 0.7487660938963714 opposes 0.24915930384204174 __DUMMY__ 0.0020746022615868056	false	1.0
N2225	favors 1.0	favors 1.0	favors 0.7391061628397958 opposes 0.2584745482845209 __DUMMY__ 0.002419288875683213	false	1.0
N2228	opposes 1.0	opposes 1.0	opposes 0.7033972350425599 favors 0.29423732450948503 __DUMMY__ 0.002365440447955114	false	1.0
N2229	opposes 1.0		favors 0.5586377161065249 opposes 0.43050771896166 __DUMMY__ 0.0108545649318151	true	0.5
N981	favors 1.0		favors 0.6474431854969944 opposes 0.34150746444516605 __DUMMY__ 0.011049350057839533	true	1.0
N982	opposes 1.0	opposes 1.0	opposes 0.761272544789083 favors 0.23646985767327247 __DUMMY__ 0.002257597537644544	false	1.0
N983	favors 1.0	favors 1.0	favors 0.7335700393170155 opposes 0.2641628650554854 __DUMMY__ 0.0022670956274991215	false	1.0
N500	favors 1.0		favors 0.5571563509859583 opposes 0.43116984924192797 __DUMMY__ 0.01167379977211378	true	1.0
N984	favors 1.0	favors 1.0	favors 0.7754058274277196 opposes 0.22206707790158442 __DUMMY__ 0.0025270946706961047	false	1.0
N980	opposes 1.0	opposes 1.0	opposes 0.7048696082067478 favors 0.2924899357721939 __DUMMY__ 0.0026404560210583307	false	1.0
N505	favors 1.0	favors 1.0	favors 0.8118719864370786 opposes 0.18586317616146017 __DUMMY__ 0.002264837401461308	false	1.0
N989	favors 1.0	favors 1.0	favors 0.768824389138046 opposes 0.22902357965997291 __DUMMY__ 0.002152031201981016	false	1.0
N1360	favors 1.0	favors 1.0	favors 0.7694895372945978 opposes 0.22828800919813017 __DUMMY__ 0.0022224535072719563	false	1.0
N506	opposes 1.0		opposes 0.5542347292517679 favors 0.43449525399936856 __DUMMY__ 0.011270016748863671	true	1.0
N1361	opposes 1.0		favors 0.5431279361489694 opposes 0.4448413967311974 __DUMMY__ 0.01203066711983313	true	0.5
N507	opposes 1.0	opposes 1.0	opposes 0.7323126050498188 favors 0.26537714522884415 __DUMMY__ 0.002310249721337097	false	1.0
N508	opposes 1.0	opposes 1.0	opposes 0.6892972401858433 favors 0.3081239364358553 __DUMMY__ 0.0025788233783015334	false	1.0
N501	opposes 1.0		opposes 0.5127038465053517 favors 0.47526837588422066 __DUMMY__ 0.01202777761042754	true	1.0
N985	favors 1.0	favors 1.0	favors 0.733931814799293 opposes 0.2637540052299189 __DUMMY__ 0.0023141799707880792	false	1.0
N1364	favors 1.0		favors 0.4968396447637456 opposes 0.4918479565406163 __DUMMY__ 0.011312398695638038	true	1.0
N2211	favors 1.0	favors 1.0	favors 0.7618004273810093 opposes 0.2361690877013081 __DUMMY__ 0.0020304849176825605	false	1.0
N502	opposes 1.0		favors 0.5181934488805893 opposes 0.47093757977256195 __DUMMY__ 0.010868971346848747	true	0.5
N986	opposes 1.0	opposes 1.0	opposes 0.7451669704731895 favors 0.25244235264459264 __DUMMY__ 0.0023906768822179276	false	1.0
N1365	favors 1.0	favors 1.0	favors 0.7747295873936559 opposes 0.22268081095512363 __DUMMY__ 0.002589601651220422	false	1.0
N2212	favors 1.0	favors 1.0	favors 0.7196592699368097 opposes 0.2779197796048279 __DUMMY__ 0.002420950458362253	false	1.0
N503	favors 1.0	favors 1.0	favors 0.7564620812416735 opposes 0.24084693893798276 __DUMMY__ 0.0026909798203438367	false	1.0
N987	opposes 1.0	opposes 1.0	opposes 0.6869667046825269 favors 0.3104132650421144 __DUMMY__ 0.0026200302753587	false	1.0
N1362	favors 1.0		favors 0.5969214050300643 opposes 0.39148902523819706 __DUMMY__ 0.011589569731738662	true	1.0
N504	favors 1.0		favors 0.5949055467768032 opposes 0.39353999770952863 __DUMMY__ 0.011554455513668141	true	1.0
N988	opposes 1.0	opposes 1.0	opposes 0.7297345842526434 favors 0.26786027087040915 __DUMMY__ 0.002405144876947562	false	1.0
N1363	opposes 1.0		opposes 0.5494698976162925 favors 0.43922099252086644 __DUMMY__ 0.011309109862841091	true	1.0
N2210	favors 1.0	favors 1.0	favors 0.7548542112324926 opposes 0.24282893805227143 __DUMMY__ 0.0023168507152359834	false	1.0
N1368	favors 1.0	favors 1.0	favors 0.7813866215422133 opposes 0.21598388386584358 __DUMMY__ 0.002629494591943123	false	1.0
N2215	opposes 1.0	opposes 1.0	opposes 0.7423769983372209 favors 0.2549387810357994 __DUMMY__ 0.002684220626979557	false	1.0
N1369	favors 1.0	favors 1.0	favors 0.7403736792962081 opposes 0.2572055709276632 __DUMMY__ 0.0024207497761286824	false	1.0
N2216	opposes 1.0	opposes 1.0	opposes 0.7211891628028776 favors 0.2767964217157349 __DUMMY__ 0.0020144154813874506	false	1.0
N1366	favors 1.0	favors 1.0	favors 0.7334521384429564 opposes 0.2641746042572177 __DUMMY__ 0.002373257299825913	false	1.0
N2213	opposes 1.0	opposes 1.0	opposes 0.6773432896487251 favors 0.3197232795216446 __DUMMY__ 0.0029334308296303227	false	1.0
N1367	opposes 1.0		opposes 0.5068693871866123 favors 0.48162141439343853 __DUMMY__ 0.01150919841994905	true	1.0
N2214	favors 1.0	favors 1.0	favors 0.7633795029670619 opposes 0.23415541366542864 __DUMMY__ 0.002465083367509414	false	1.0
N509	opposes 1.0	opposes 1.0	opposes 0.7318187581083239 favors 0.26582218140367364 __DUMMY__ 0.002359060488002457	false	1.0
N2219	opposes 1.0	opposes 1.0	opposes 0.7655002219635203 favors 0.2322642371812419 __DUMMY__ 0.0022355408552377828	false	1.0
N2217	favors 1.0		favors 0.5366157386258714 opposes 0.45150840624936284 __DUMMY__ 0.011875855124765805	true	1.0
N2218	favors 1.0	favors 1.0	favors 0.8094449575321175 opposes 0.1883647150342862 __DUMMY__ 0.002190327433596214	false	1.0
N970	favors 1.0	favors 1.0	favors 0.7810432467718804 opposes 0.21634336972307844 __DUMMY__ 0.002613383505041146	false	1.0
N971	favors 1.0	favors 1.0	favors 0.7384536663436748 opposes 0.25914913337930556 __DUMMY__ 0.002397200277019632	false	1.0
N972	opposes 1.0	opposes 1.0	opposes 0.6919800198331347 favors 0.3058772693515685 __DUMMY__ 0.002142710815296664	false	1.0
N973	favors 1.0	favors 1.0	favors 0.7403300897264438 opposes 0.2568787127842337 __DUMMY__ 0.002791197489322551	false	1.0
N978	favors 1.0	favors 1.0	favors 0.7471939412780997 opposes 0.25076817528268325 __DUMMY__ 0.002037883439217034	false	1.0
N979	favors 1.0	favors 1.0	favors 0.7701890712496132 opposes 0.22765645472270662 __DUMMY__ 0.0021544740276801255	false	1.0
N1350	favors 1.0	favors 1.0	favors 0.7226389900016323 opposes 0.2749230159242249 __DUMMY__ 0.002437994074142726	false	1.0
N974	opposes 1.0	opposes 1.0	opposes 0.7035221174522366 favors 0.2941376540234184 __DUMMY__ 0.002340228524344956	false	1.0
N1353	favors 1.0		favors 0.509216570528023 opposes 0.47849374867103933 __DUMMY__ 0.012289680800937623	true	1.0
N2200	favors 1.0	favors 1.0	favors 0.7867848170666327 opposes 0.21073533154931134 __DUMMY__ 0.00247985138405596	false	1.0
N975	opposes 1.0	opposes 1.0	opposes 0.6972068567667 favors 0.3007371512645717 __DUMMY__ 0.0020559919687282483	false	1.0
N1354	opposes 1.0	opposes 1.0	opposes 0.7041063832453426 favors 0.2934916947181702 __DUMMY__ 0.0024019220364871656	false	1.0
N2201	opposes 1.0		opposes 0.5480688400449288 favors 0.4405728701721776 __DUMMY__ 0.011358289782893416	true	1.0
N976	favors 1.0		favors 0.6000649219213902 opposes 0.38754508921304154 __DUMMY__ 0.012389988865568241	true	1.0
N1351	favors 1.0	favors 1.0	favors 0.7803901489427197 opposes 0.21693832297258692 __DUMMY__ 0.0026715280846933433	false	1.0
N977	favors 1.0	favors 1.0	favors 0.7234463095227411 opposes 0.2738484846823454 __DUMMY__ 0.002705205794913437	false	1.0
N1352	opposes 1.0	opposes 1.0	opposes 0.6925207448292274 favors 0.30528244643620406 __DUMMY__ 0.002196808734568475	false	1.0
N1357	favors 1.0	favors 1.0	favors 0.786931844098169 opposes 0.21004692273357534 __DUMMY__ 0.003021233168255633	false	1.0
N2204	opposes 1.0	opposes 1.0	opposes 0.7297153042879294 favors 0.2678904267830893 __DUMMY__ 0.002394268928981374	false	1.0
N1358	favors 1.0	favors 1.0	favors 0.722970513294306 opposes 0.27426183033350454 __DUMMY__ 0.0027676563721895477	false	1.0
