N1742	opposes 1.0		opposes 0.5253745576981484 favors 0.4179021679825509 __DUMMY__ 0.05672327431930056	true	1.0
N1743	favors 1.0		opposes 0.5195716721186852 favors 0.42394970728909914 __DUMMY__ 0.05647862059221583	true	0.5
N1740	opposes 1.0		opposes 0.5057022690456034 favors 0.4370974141211012 __DUMMY__ 0.05720031683329527	true	1.0
N1741	opposes 1.0		opposes 0.5256097554246071 favors 0.4174189615063393 __DUMMY__ 0.05697128306905362	true	1.0
N1746	opposes 1.0	opposes 1.0	opposes 0.7437391840731516 favors 0.2297181752521355 __DUMMY__ 0.026542640674712917	false	1.0
N1747	opposes 1.0		opposes 0.5142905792288315 favors 0.42851785613343035 __DUMMY__ 0.057191564637738126	true	1.0
N1744	opposes 1.0		opposes 0.501476678748764 favors 0.4430102165217628 __DUMMY__ 0.05551310472947316	true	1.0
N1745	opposes 1.0		opposes 0.5273907855444655 favors 0.41685858451183566 __DUMMY__ 0.055750629943698865	true	1.0
N1748	favors 1.0		opposes 0.5173896011334832 favors 0.4266694489102019 __DUMMY__ 0.05594094995631478	true	0.5
N1749	opposes 1.0		opposes 0.5166874429835141 favors 0.4263191832203034 __DUMMY__ 0.05699337379618264	true	1.0
N1731	favors 1.0		opposes 0.5471303068722548 favors 0.3977573598854728 __DUMMY__ 0.05511233324227227	true	0.5
N1732	favors 1.0		opposes 0.5129617922173105 favors 0.4303976712576049 __DUMMY__ 0.05664053652508465	true	0.5
N1730	opposes 1.0		opposes 0.5146318032885793 favors 0.42807012577527453 __DUMMY__ 0.05729807093614608	true	1.0
N1735	opposes 1.0		opposes 0.5212885267073202 favors 0.42133462332538185 __DUMMY__ 0.05737684996729783	true	1.0
N1736	opposes 1.0		opposes 0.5263902859136923 favors 0.41665441103614625 __DUMMY__ 0.056955303050161464	true	1.0
N1733	favors 1.0		opposes 0.4928715988278716 favors 0.4504868359076575 __DUMMY__ 0.05664156526447088	true	0.5
N1734	favors 1.0		opposes 0.5039571584722005 favors 0.4377990273063757 __DUMMY__ 0.05824381422142391	true	0.5
N1739	favors 1.0		opposes 0.49426344806269723 favors 0.44976515911939186 __DUMMY__ 0.05597139281791084	true	0.5
N1737	favors 1.0		opposes 0.5168161438702591 favors 0.42584633013431356 __DUMMY__ 0.057337525995427276	true	0.5
N1738	favors 1.0		opposes 0.5109219532795812 favors 0.4328832468372161 __DUMMY__ 0.05619479988320272	true	0.5
N1720	favors 1.0		opposes 0.49194675608448496 favors 0.45261011702089693 __DUMMY__ 0.05544312689461818	true	0.5
N1721	favors 1.0	favors 1.0	favors 0.7027417442329449 opposes 0.27056114572026846 __DUMMY__ 0.026697110046786647	false	1.0
N1724	favors 1.0		opposes 0.513843326924469 favors 0.43029952962461193 __DUMMY__ 0.055857143450919154	true	0.5
N1725	favors 1.0		opposes 0.49827724346116464 favors 0.44667831772772915 __DUMMY__ 0.05504443881110607	true	0.5
N1722	opposes 1.0		opposes 0.5197085743004343 favors 0.4239446936074457 __DUMMY__ 0.056346732092120114	true	1.0
N1723	favors 1.0		opposes 0.5193956874313918 favors 0.42448494226357764 __DUMMY__ 0.05611937030503062	true	0.5
N1728	opposes 1.0		opposes 0.5116992043961646 favors 0.4307592947488245 __DUMMY__ 0.057541500855010884	true	1.0
N1729	favors 1.0		opposes 0.5156233618113473 favors 0.4283786227474215 __DUMMY__ 0.05599801544123128	true	0.5
N1726	opposes 1.0		opposes 0.5278944914515924 favors 0.41634552677230985 __DUMMY__ 0.05575998177609787	true	1.0
N1727	favors 1.0		opposes 0.5134732542899606 favors 0.42987800490439343 __DUMMY__ 0.056648740805645956	true	0.5
N1710	favors 1.0		opposes 0.5074272176468688 favors 0.43572355783511185 __DUMMY__ 0.056849224518019395	true	0.5
N1713	opposes 1.0		opposes 0.5380492892133113 favors 0.40727028985762753 __DUMMY__ 0.05468042092906113	true	1.0
N1714	opposes 1.0		opposes 0.5082222500717454 favors 0.43575954117048454 __DUMMY__ 0.05601820875776999	true	1.0
N1711	opposes 1.0		opposes 0.5111087560755363 favors 0.4333863622640026 __DUMMY__ 0.055504881660461095	true	1.0
N1712	favors 1.0		opposes 0.5099479595472028 favors 0.4334254153925457 __DUMMY__ 0.05662662506025155	true	0.5
N1717	favors 1.0		opposes 0.5152909552978813 favors 0.4280611292314532 __DUMMY__ 0.05664791547066553	true	0.5
N1718	favors 1.0		opposes 0.520452469584706 favors 0.42321216916459403 __DUMMY__ 0.05633536125069988	true	0.5
N1715	opposes 1.0		opposes 0.5288624701659707 favors 0.41559507143465146 __DUMMY__ 0.05554245839937784	true	1.0
N1716	opposes 1.0		opposes 0.5004219739913016 favors 0.44214016688133917 __DUMMY__ 0.05743785912735918	true	1.0
N1719	favors 1.0	favors 1.0	favors 0.6976317859618458 opposes 0.2756271418396407 __DUMMY__ 0.02674107219851348	false	1.0
N1782	favors 1.0		opposes 0.5059711477274507 favors 0.4385053908197687 __DUMMY__ 0.05552346145278059	true	0.5
N1783	opposes 1.0		opposes 0.5248068237849726 favors 0.41986142360370193 __DUMMY__ 0.05533175261132546	true	1.0
N1780	favors 1.0		opposes 0.5258444225555825 favors 0.417622178072172 __DUMMY__ 0.056533399372245524	true	0.5
N1781	favors 1.0		opposes 0.5211098870976751 favors 0.422571959817157 __DUMMY__ 0.056318153085167764	true	0.5
N1302	opposes 1.0		opposes 0.4951188229020192 favors 0.4482190559838702 __DUMMY__ 0.056662121114110765	true	1.0
N1786	favors 1.0	favors 1.0	favors 0.6979141247374316 opposes 0.27605486238334714 __DUMMY__ 0.026031012879221244	false	1.0
N1303	favors 1.0		opposes 0.5050260605359965 favors 0.43684988518582335 __DUMMY__ 0.0581240542781802	true	0.5
N1787	opposes 1.0		opposes 0.5133338478943557 favors 0.43002466372078996 __DUMMY__ 0.05664148838485447	true	1.0
N1300	favors 1.0		opposes 0.54465900517173 favors 0.40009067524787006 __DUMMY__ 0.05525031958039991	true	0.5
N1784	opposes 1.0		opposes 0.5123105293588159 favors 0.431619283129129 __DUMMY__ 0.056070187512054954	true	1.0
N1301	favors 1.0		opposes 0.5133160031351546 favors 0.4300337573390527 __DUMMY__ 0.056650239525792755	true	0.5
N1785	opposes 1.0		opposes 0.5108314528154582 favors 0.4323106349733767 __DUMMY__ 0.056857912211165276	true	1.0
N1306	opposes 1.0		opposes 0.5168553722087473 favors 0.4258554705076588 __DUMMY__ 0.05728915728359399	true	1.0
N1307	favors 1.0		opposes 0.5114372536676094 favors 0.43232810072256594 __DUMMY__ 0.05623464560982461	true	0.5
N1304	opposes 1.0		opposes 0.5209416769286058 favors 0.42172509035837885 __DUMMY__ 0.057333232713015325	true	1.0
N1788	opposes 1.0		opposes 0.5408471614508091 favors 0.4044011396230133 __DUMMY__ 0.05475169892617768	true	1.0
N1305	opposes 1.0		opposes 0.525703186790081 favors 0.41736219893410487 __DUMMY__ 0.05693461427581423	true	1.0
N1789	favors 1.0		opposes 0.5118407822618851 favors 0.43210804807684916 __DUMMY__ 0.056051169661265686	true	0.5
N1308	favors 1.0		opposes 0.49609170444084283 favors 0.44788008885868946 __DUMMY__ 0.05602820670046773	true	0.5
N1309	opposes 1.0		opposes 0.5067105605793251 favors 0.43612211989278005 __DUMMY__ 0.05716731952789492	true	1.0
N1771	favors 1.0		opposes 0.5156015447963338 favors 0.4279398750214085 __DUMMY__ 0.056458580182257724	true	0.5
N1772	opposes 1.0		opposes 0.5354423554744566 favors 0.40852301470827856 __DUMMY__ 0.05603462981726494	true	1.0
N1770	favors 1.0		opposes 0.5438315580626485 favors 0.4009702140567701 __DUMMY__ 0.05519822788058141	true	0.5
N1775	favors 1.0		opposes 0.5225216717927522 favors 0.4204087675998722 __DUMMY__ 0.057069560607375565	true	0.5
N1776	favors 1.0		opposes 0.5266880000100791 favors 0.41658491466020053 __DUMMY__ 0.056727085329720275	true	0.5
N1773	opposes 1.0		opposes 0.4996573173516418 favors 0.44389056203081884 __DUMMY__ 0.05645212061753935	true	1.0
N2620	favors 1.0		opposes 0.5073245208665715 favors 0.4373568376487851 __DUMMY__ 0.05531864148464338	true	0.5
N1774	opposes 1.0		opposes 0.5080697582350796 favors 0.4341373780916196 __DUMMY__ 0.057792863673300714	true	1.0
N1779	opposes 1.0	opposes 1.0	opposes 0.7492058769962319 favors 0.22409973846210013 __DUMMY__ 0.02669438454166809	false	1.0
N1777	favors 1.0		opposes 0.5189400385696136 favors 0.42404459536645694 __DUMMY__ 0.05701536606392955	true	0.5
N1778	favors 1.0		opposes 0.5098187459942691 favors 0.4332683649679639 __DUMMY__ 0.056912889037767034	true	0.5
N901	favors 1.0	favors 1.0	favors 0.6969323574518012 opposes 0.2764051569491549 __DUMMY__ 0.026662485599043974	false	1.0
N902	opposes 1.0		opposes 0.5349173654916304 favors 0.410244536628594 __DUMMY__ 0.05483809787977564	true	1.0
N903	opposes 1.0		opposes 0.5112402590165234 favors 0.43285850868141007 __DUMMY__ 0.0559012323020667	true	1.0
N904	opposes 1.0	opposes 1.0	opposes 0.7482592047423593 favors 0.225458602204533 __DUMMY__ 0.02628219305310766	false	1.0
N1760	opposes 1.0		opposes 0.5098974588693352 favors 0.43320634382003875 __DUMMY__ 0.056896197310626034	true	1.0
N1761	opposes 1.0		opposes 0.5255352234805597 favors 0.41773254616700795 __DUMMY__ 0.056732230352432175	true	1.0
N900	opposes 1.0		opposes 0.5133121641126472 favors 0.4311811815713385 __DUMMY__ 0.05550665431601427	true	1.0
N909	opposes 1.0		opposes 0.5137329751846045 favors 0.429944380279414 __DUMMY__ 0.05632264453598139	true	1.0
N1764	opposes 1.0		opposes 0.506183895785027 favors 0.4382578301263472 __DUMMY__ 0.05555827408862595	true	1.0
N2611	favors 1.0		opposes 0.5241473262361962 favors 0.41898528674678287 __DUMMY__ 0.05686738701702095	true	0.5
N1765	favors 1.0		opposes 0.5279491621056303 favors 0.41632581274038905 __DUMMY__ 0.05572502515398081	true	0.5
N2612	favors 1.0		opposes 0.5281876751038244 favors 0.41526892091189904 __DUMMY__ 0.05654340398427664	true	0.5
N1762	opposes 1.0		opposes 0.5253434356773828 favors 0.4181251357400051 __DUMMY__ 0.0565314285826121	true	1.0
N1763	opposes 1.0		opposes 0.5207530292038298 favors 0.4229226469319141 __DUMMY__ 0.05632432386425617	true	1.0
N2610	opposes 1.0		opposes 0.5094575416357611 favors 0.4329328316059306 __DUMMY__ 0.057609626758308365	true	1.0
N905	opposes 1.0		opposes 0.4976791240985801 favors 0.44648817132478597 __DUMMY__ 0.05583270457663396	true	1.0
N1768	opposes 1.0		opposes 0.5175832623563156 favors 0.4264937313455563 __DUMMY__ 0.055923006298128033	true	1.0
N2615	opposes 1.0		opposes 0.5012512737195941 favors 0.4430499735083642 __DUMMY__ 0.05569875277204182	true	1.0
N906	opposes 1.0		opposes 0.5049632425894551 favors 0.43799983399643744 __DUMMY__ 0.05703692341410755	true	1.0
N1769	favors 1.0		opposes 0.5168670956703527 favors 0.42612044050877124 __DUMMY__ 0.05701246382087606	true	0.5
N2616	favors 1.0		opposes 0.5113383067335155 favors 0.4319571822200537 __DUMMY__ 0.05670451104643089	true	0.5
N907	favors 1.0	favors 1.0	favors 0.6934567060760006 opposes 0.2797636265781994 __DUMMY__ 0.026779667345799965	false	1.0
N1766	favors 1.0		opposes 0.5159593822149028 favors 0.4275748688123408 __DUMMY__ 0.056465748972756385	true	0.5
N2613	opposes 1.0		opposes 0.5205933675450022 favors 0.4226021151185254 __DUMMY__ 0.0568045173364723	true	1.0
N908	favors 1.0		opposes 0.5209208376276708 favors 0.4229066273209347 __DUMMY__ 0.05617253505139459	true	0.5
N1767	favors 1.0		opposes 0.5143803423248058 favors 0.42840180152641577 __DUMMY__ 0.05721785614877848	true	0.5
N2614	opposes 1.0		opposes 0.5153236020148706 favors 0.4287944339763929 __DUMMY__ 0.05588196400873652	true	1.0
N2619	opposes 1.0		opposes 0.5227089337584766 favors 0.42118105344822243 __DUMMY__ 0.056110012793300974	true	1.0
N2617	favors 1.0		opposes 0.527540952266202 favors 0.4159026558403836 __DUMMY__ 0.05655639189341439	true	0.5
N2618	favors 1.0		opposes 0.5273742680562846 favors 0.416283128628202 __DUMMY__ 0.0563426033155133	true	0.5
N1750	favors 1.0		opposes 0.542625579150591 favors 0.4021276727386682 __DUMMY__ 0.055246748110740776	true	0.5
N1753	favors 1.0		opposes 0.5001599932765947 favors 0.44338579735370076 __DUMMY__ 0.056454209369704494	true	0.5
N2600	opposes 1.0		opposes 0.5053476143867145 favors 0.43923639718885665 __DUMMY__ 0.055415988424428894	true	1.0
N1754	favors 1.0		opposes 0.5082072319095872 favors 0.4340481195205648 __DUMMY__ 0.05774464856984804	true	0.5
N2601	favors 1.0		opposes 0.5294505883774263 favors 0.41501678904286926 __DUMMY__ 0.05553262257970443	true	0.5
N1751	favors 1.0		opposes 0.5154599429674486 favors 0.4280805512380542 __DUMMY__ 0.056459505794497135	true	0.5
N1752	favors 1.0		opposes 0.5345130051919241 favors 0.40943456629074515 __DUMMY__ 0.05605242851733066	true	0.5
N1757	favors 1.0		opposes 0.518653538526411 favors 0.42435232856091565 __DUMMY__ 0.056994132912673294	true	0.5
N2604	opposes 1.0		opposes 0.5189424282345984 favors 0.42531919807771507 __DUMMY__ 0.055738373687686776	true	1.0
N1758	favors 1.0		opposes 0.5137949147838179 favors 0.4301079106710446 __DUMMY__ 0.05609717454513768	true	0.5
N2605	favors 1.0		opposes 0.5183008604365803 favors 0.4248718020899346 __DUMMY__ 0.0568273374734851	true	0.5
N1755	opposes 1.0		opposes 0.5221075138182633 favors 0.42084471021662884 __DUMMY__ 0.05704777596510788	true	1.0
N2602	favors 1.0		opposes 0.5174200269688277 favors 0.4263098436102868 __DUMMY__ 0.05627012942088546	true	0.5
N1756	opposes 1.0		opposes 0.5261697575984978 favors 0.41711225150749237 __DUMMY__ 0.05671799089400985	true	1.0
N2603	favors 1.0		opposes 0.5157692317105913 favors 0.42719329531493433 __DUMMY__ 0.05703747297447437	true	0.5
N2608	opposes 1.0		opposes 0.5372430817209388 favors 0.4069396423169025 __DUMMY__ 0.05581727596215877	true	1.0
N2609	opposes 1.0		opposes 0.5011335071731718 favors 0.44263874837365697 __DUMMY__ 0.05622774445317109	true	1.0
N1759	favors 1.0		opposes 0.5003937422859993 favors 0.44368689242823517 __DUMMY__ 0.055919365285765625	true	0.5
N2606	opposes 1.0	opposes 1.0	opposes 0.759214507748779 favors 0.2149630225337011 __DUMMY__ 0.025822469717520013	false	1.0
N2607	opposes 1.0	opposes 1.0	opposes 0.7439353864609279 favors 0.22956765947646038 __DUMMY__ 0.02649695406261163	false	1.0
N923	favors 1.0		opposes 0.5336627452280699 favors 0.41050296583098966 __DUMMY__ 0.05583428894094048	true	0.5
N924	favors 1.0		opposes 0.49776361387843354 favors 0.44599519411427013 __DUMMY__ 0.056241192007296194	true	0.5
N925	favors 1.0		opposes 0.5064029526489408 favors 0.43598954447804433 __DUMMY__ 0.05760750287301476	true	0.5
N926	opposes 1.0		opposes 0.5207682852421053 favors 0.422358324213107 __DUMMY__ 0.05687339054478781	true	1.0
N1342	opposes 1.0		opposes 0.5252117004251577 favors 0.41787087065364087 __DUMMY__ 0.056917428921201454	true	1.0
N920	opposes 1.0		opposes 0.5152546233523893 favors 0.4279127984005849 __DUMMY__ 0.056832578247025936	true	1.0
N1343	favors 1.0		opposes 0.5171221261321346 favors 0.42563740682786977 __DUMMY__ 0.057240467039995566	true	0.5
N921	favors 1.0		opposes 0.5421340941474416 favors 0.40285943416467695 __DUMMY__ 0.05500647168788138	true	0.5
N1340	favors 1.0		opposes 0.5062887288633565 favors 0.43570489263555945 __DUMMY__ 0.05800637850108402	true	0.5
N922	favors 1.0		opposes 0.5139032798194627 favors 0.42982791300006223 __DUMMY__ 0.05626880718047512	true	0.5
N1341	opposes 1.0		opposes 0.5208236060737796 favors 0.421890447687163 __DUMMY__ 0.0572859462390575	true	1.0
N1346	opposes 1.0		opposes 0.5245384016398607 favors 0.418527765227761 __DUMMY__ 0.05693383313237832	true	1.0
N1347	opposes 1.0		opposes 0.5243203138041417 favors 0.4189533804314702 __DUMMY__ 0.05672630576438815	true	1.0
N1344	favors 1.0		opposes 0.5121519137619231 favors 0.4315709660829582 __DUMMY__ 0.05627712015511867	true	0.5
N1345	favors 1.0		opposes 0.5079166593944215 favors 0.43495105811271456 __DUMMY__ 0.05713228249286394	true	0.5
N927	opposes 1.0		opposes 0.5251140558685542 favors 0.41833492146136275 __DUMMY__ 0.056551022670082905	true	1.0
N928	favors 1.0		opposes 0.5171112307528825 favors 0.4260777418900675 __DUMMY__ 0.056811027357050056	true	0.5
N929	favors 1.0		opposes 0.5121991006982487 favors 0.4319042730149294 __DUMMY__ 0.055896626286821884	true	0.5
N1348	favors 1.0		opposes 0.5194050896600445 favors 0.4240711200894775 __DUMMY__ 0.056523790250477976	true	0.5
N1349	opposes 1.0		opposes 0.5041811579434712 favors 0.4401108463033974 __DUMMY__ 0.055707995753131324	true	1.0
N912	favors 1.0		opposes 0.5062184031807605 favors 0.43753613571668293 __DUMMY__ 0.05624546110255665	true	0.5
N913	favors 1.0		opposes 0.5200856145158854 favors 0.4239233144902442 __DUMMY__ 0.05599107099387039	true	0.5
N914	opposes 1.0		opposes 0.5157481782446456 favors 0.4284795574559755 __DUMMY__ 0.055772264299378864	true	1.0
N915	favors 1.0		opposes 0.5032138470712127 favors 0.4416571411498656 __DUMMY__ 0.05512901177892172	true	0.5
N1331	favors 1.0		opposes 0.5033606008372434 favors 0.4409953260719366 __DUMMY__ 0.05564407309082007	true	0.5
N1332	opposes 1.0		opposes 0.5264978584366288 favors 0.417599650065044 __DUMMY__ 0.055902491498327066	true	1.0
N910	opposes 1.0	opposes 1.0	opposes 0.7394898175364953 favors 0.23429185610467104 __DUMMY__ 0.026218326358833557	false	1.0
N911	favors 1.0		opposes 0.4981415601139361 favors 0.44640729869520046 __DUMMY__ 0.05545114119086334	true	0.5
N1330	favors 1.0		opposes 0.519643616808086 favors 0.42384107990198355 __DUMMY__ 0.056515303289930416	true	0.5
N1335	favors 1.0		opposes 0.5160596583490599 favors 0.4278427255920593 __DUMMY__ 0.05609761605888067	true	0.5
N1336	opposes 1.0		opposes 0.5152434930031202 favors 0.4275461680628904 __DUMMY__ 0.0572103389339894	true	1.0
N1333	favors 1.0		opposes 0.5142838949878212 favors 0.4290540511985496 __DUMMY__ 0.056662053813629175	true	0.5
N1334	favors 1.0		opposes 0.5127508688331829 favors 0.4298338227143754 __DUMMY__ 0.057415308452441804	true	0.5
N916	opposes 1.0	opposes 1.0	opposes 0.7494623181111402 favors 0.22449235311201443 __DUMMY__ 0.02604532877684543	false	1.0
N1339	favors 1.0		opposes 0.4975199348199465 favors 0.44580364716346826 __DUMMY__ 0.056676418016585135	true	0.5
N917	opposes 1.0		opposes 0.5143062817025739 favors 0.4294126955538283 __DUMMY__ 0.05628102274359772	true	1.0
N918	opposes 1.0		opposes 0.5127891577022763 favors 0.43017026506352374 __DUMMY__ 0.05704057723419993	true	1.0
N1337	favors 1.0		opposes 0.5424429690394718 favors 0.4021715067471084 __DUMMY__ 0.055385524213419766	true	0.5
N919	favors 1.0		opposes 0.5160615087236051 favors 0.42818559078883733 __DUMMY__ 0.05575290048755748	true	0.5
N1338	favors 1.0		opposes 0.5138754978528531 favors 0.4294642926270832 __DUMMY__ 0.05666020952006354	true	0.5
N940	opposes 1.0		opposes 0.5124951149185027 favors 0.43110494291743656 __DUMMY__ 0.05639994216406062	true	1.0
N945	favors 1.0		opposes 0.5049632425894551 favors 0.43799983399643744 __DUMMY__ 0.05703692341410755	true	0.5
N946	opposes 1.0		opposes 0.5169062220607666 favors 0.4267088574005771 __DUMMY__ 0.05638492053865637	true	1.0
N947	opposes 1.0	opposes 1.0	opposes 0.7456353219874211 favors 0.22786030703558366 __DUMMY__ 0.026504370976995286	false	1.0
N948	favors 1.0		opposes 0.5098382282731636 favors 0.4345616933342502 __DUMMY__ 0.055600078392586155	true	0.5
N941	favors 1.0		opposes 0.5349173654916304 favors 0.410244536628594 __DUMMY__ 0.05483809787977564	true	0.5
N1320	favors 1.0		opposes 0.5352115814744753 favors 0.4085791693198288 __DUMMY__ 0.05620924920569594	true	0.5
N942	favors 1.0		opposes 0.5112402590165234 favors 0.43285850868141 __DUMMY__ 0.05590123230206668	true	0.5
N1321	favors 1.0		opposes 0.4960440872624038 favors 0.44728127596407613 __DUMMY__ 0.05667463677352	true	0.5
N943	favors 1.0		opposes 0.5275856792391652 favors 0.41689732136776103 __DUMMY__ 0.05551699939307361	true	0.5
N944	opposes 1.0		opposes 0.4976791240985801 favors 0.44648817132478597 __DUMMY__ 0.05583270457663395	true	1.0
N1324	opposes 1.0		opposes 0.5258046232744623 favors 0.4172575507463289 __DUMMY__ 0.056937825979208746	true	1.0
N1325	favors 1.0		opposes 0.5171987348965524 favors 0.4255162751687119 __DUMMY__ 0.057284989934735735	true	0.5
N1322	favors 1.0		opposes 0.5056068349637601 favors 0.4362925727778856 __DUMMY__ 0.05810059225835428	true	0.5
N1323	opposes 1.0		opposes 0.5211704610839665 favors 0.42150079611945035 __DUMMY__ 0.05732874279658323	true	1.0
N949	favors 1.0		opposes 0.49814156011393623 favors 0.44640729869520046 __DUMMY__ 0.05545114119086337	true	0.5
N1328	opposes 1.0		opposes 0.5250928503960078 favors 0.4179527187220294 __DUMMY__ 0.05695443088196268	true	1.0
N1329	opposes 1.0		opposes 0.5248706219201942 favors 0.41839711159485354 __DUMMY__ 0.056732266484952415	true	1.0
N1326	favors 1.0		opposes 0.5118733103372528 favors 0.43187253743105836 __DUMMY__ 0.05625415223168891	true	0.5
N1327	favors 1.0		opposes 0.5072995288135644 favors 0.4355343147217466 __DUMMY__ 0.0571661564646889	true	0.5
N934	favors 1.0		opposes 0.5193671191680633 favors 0.42450970739808713 __DUMMY__ 0.05612317343384954	true	0.5
N935	opposes 1.0		opposes 0.5043183448494613 favors 0.4403427683523712 __DUMMY__ 0.05533888679816767	true	1.0
N1790	opposes 1.0		opposes 0.5320663597410419 favors 0.41234212301518935 __DUMMY__ 0.055591517243768734	true	1.0
N936	opposes 1.0		opposes 0.522028632623579 favors 0.4226480565025854 __DUMMY__ 0.05532331087383549	true	1.0
N937	opposes 1.0		opposes 0.5116373654090586 favors 0.4324382450756183 __DUMMY__ 0.05592438951532325	true	1.0
N930	favors 1.0	favors 1.0	favors 0.7062151498410674 opposes 0.2676436709416759 __DUMMY__ 0.026141179217256717	false	1.0
N1793	opposes 1.0		opposes 0.518831023717023 favors 0.42450480922089423 __DUMMY__ 0.05666416706208281	true	1.0
N931	opposes 1.0		opposes 0.5080199487583433 favors 0.43526783290404153 __DUMMY__ 0.05671221833761499	true	1.0
N1310	opposes 1.0		opposes 0.5249747070525983 favors 0.41807396936678703 __DUMMY__ 0.056951323580614686	true	1.0
N1794	opposes 1.0		opposes 0.523489435788142 favors 0.42015322482479367 __DUMMY__ 0.05635733938706442	true	1.0
N932	opposes 1.0		opposes 0.5244473546143008 favors 0.418988563982159 __DUMMY__ 0.05656408140354028	true	1.0
N1791	favors 1.0	favors 1.0	favors 0.7064762178576759 opposes 0.2670693858010704 __DUMMY__ 0.026454396341253676	false	1.0
N933	opposes 1.0		opposes 0.5242302020137044 favors 0.4194171715068335 __DUMMY__ 0.0563526264794621	true	1.0
N1792	favors 1.0		opposes 0.5041796940925166 favors 0.4383893675925276 __DUMMY__ 0.0574309383149556	true	0.5
N1313	opposes 1.0		opposes 0.5271701098347542 favors 0.416973464875601 __DUMMY__ 0.055856425289644754	true	1.0
N1797	favors 1.0		opposes 0.49589392364802537 favors 0.44861573834860563 __DUMMY__ 0.05549033800336901	true	0.5
N1314	favors 1.0		opposes 0.5141559645779621 favors 0.42917973123500663 __DUMMY__ 0.05666430418703116	true	0.5
N1798	opposes 1.0	opposes 1.0	opposes 0.7372767565555366 favors 0.2360331930070222 __DUMMY__ 0.026690050437441236	false	1.0
N1311	opposes 1.0		opposes 0.5247452435037568 favors 0.4185307963812022 __DUMMY__ 0.05672396011504097	true	1.0
N1795	opposes 1.0		opposes 0.5149798460520155 favors 0.42842823351716924 __DUMMY__ 0.05659192043081525	true	1.0
N1312	opposes 1.0		opposes 0.5027333126550971 favors 0.4416564450914798 __DUMMY__ 0.05561024225342307	true	1.0
N1796	favors 1.0		opposes 0.5101246390202315 favors 0.43420180064833935 __DUMMY__ 0.055673560331428965	true	0.5
N938	opposes 1.0		opposes 0.51043371119067 favors 0.4329823421841408 __DUMMY__ 0.05658394662518932	true	1.0
N1317	opposes 1.0		opposes 0.5151832227378824 favors 0.4275675030011928 __DUMMY__ 0.05724927426092492	true	1.0
N939	favors 1.0		opposes 0.5133121641126472 favors 0.4311811815713385 __DUMMY__ 0.05550665431601427	true	0.5
N1318	favors 1.0		opposes 0.5443218110321026 favors 0.40038389785254713 __DUMMY__ 0.05529429111535021	true	0.5
N1315	opposes 1.0		opposes 0.5125264490507838 favors 0.4300054098321621 __DUMMY__ 0.057468141117053985	true	1.0
N1799	opposes 1.0		opposes 0.5227914614677777 favors 0.4208398016457733 __DUMMY__ 0.05636873688644901	true	1.0
N1316	favors 1.0		opposes 0.5160529735126586 favors 0.42788020610613714 __DUMMY__ 0.05606682038120424	true	0.5
N1319	opposes 1.0		opposes 0.513715668594726 favors 0.42962338986705184 __DUMMY__ 0.05666094153822226	true	1.0
N960	favors 1.0		opposes 0.5063474766821277 favors 0.4356403371790434 __DUMMY__ 0.058012186138829046	true	0.5
N961	favors 1.0		opposes 0.5212362003991003 favors 0.4214894772738296 __DUMMY__ 0.057274322327070144	true	0.5
N962	opposes 1.0		opposes 0.5256755960669117 favors 0.4174248576746354 __DUMMY__ 0.05689954625845274	true	1.0
N967	opposes 1.0		opposes 0.5197807431138773 favors 0.4237247803711157 __DUMMY__ 0.05649447651500699	true	1.0
N1382	favors 1.0		opposes 0.510057777360828 favors 0.4330093978305282 __DUMMY__ 0.05693282480864378	true	0.5
N968	favors 1.0		opposes 0.5041917040157252 favors 0.44014650671992395 __DUMMY__ 0.05566178926435079	true	0.5
N1383	opposes 1.0		opposes 0.5256767828484826 favors 0.4175587115396288 __DUMMY__ 0.05676450561188852	true	1.0
N2230	opposes 1.0	opposes 1.0	opposes 0.7514891037805675 favors 0.22233416999548064 __DUMMY__ 0.026176726223951795	false	1.0
N969	favors 1.0		opposes 0.5250346804224454 favors 0.41929553591742547 __DUMMY__ 0.055669783660129264	true	0.5
N1380	favors 1.0		opposes 0.5139441986564584 favors 0.42992469280029627 __DUMMY__ 0.056131108543245316	true	0.5
N1381	favors 1.0		opposes 0.5005421203390892 favors 0.44350510829840856 __DUMMY__ 0.05595277136250225	true	0.5
N963	opposes 1.0		opposes 0.5174594329382816 favors 0.42531299286237884 __DUMMY__ 0.057227574199339715	true	1.0
N1386	opposes 1.0		opposes 0.5063320395597223 favors 0.43807617660965464 __DUMMY__ 0.05559178383062303	true	1.0
N2233	favors 1.0		opposes 0.5186316533902139 favors 0.4247113558277612 __DUMMY__ 0.05665699078202496	true	0.5
N964	favors 1.0		opposes 0.5080204336163127 favors 0.43486267587744853 __DUMMY__ 0.05711689050623891	true	0.5
N1387	opposes 1.0	opposes 1.0	opposes 0.7511486557670359 favors 0.22302661120025505 __DUMMY__ 0.02582473303270898	false	1.0
N2234	favors 1.0		opposes 0.5231941129528435 favors 0.42044896399314713 __DUMMY__ 0.056356923054009474	true	0.5
N965	favors 1.0		opposes 0.5249917489892323 favors 0.4180921958467213 __DUMMY__ 0.056916055164046415	true	0.5
N1384	favors 1.0		opposes 0.5254872640798895 favors 0.4179484162779971 __DUMMY__ 0.056564319642113406	true	0.5
N2231	favors 1.0		opposes 0.4954691934876671 favors 0.44852195535367523 __DUMMY__ 0.056008851158657794	true	0.5
N966	favors 1.0		opposes 0.5247767124136631 favors 0.41851974654842494 __DUMMY__ 0.05670354103791192	true	0.5
N1385	favors 1.0		opposes 0.5209081439744909 favors 0.422732199937657 __DUMMY__ 0.05635965608785204	true	0.5
N2232	opposes 1.0		opposes 0.5043791636408471 favors 0.438218078675999 __DUMMY__ 0.05740275768315392	true	1.0
N2237	opposes 1.0		opposes 0.4963088190355481 favors 0.44817866545459367 __DUMMY__ 0.05551251550985831	true	1.0
N2238	favors 1.0		opposes 0.5058349484350256 favors 0.43767408317203904 __DUMMY__ 0.056490968392935326	true	0.5
N1388	opposes 1.0		opposes 0.5175158364211272 favors 0.42667469136325975 __DUMMY__ 0.055809472215613005	true	1.0
N2235	favors 1.0		opposes 0.5148847264744314 favors 0.42852966708414447 __DUMMY__ 0.05658560644142399	true	0.5
N1389	opposes 1.0	opposes 1.0	opposes 0.743378142499334 favors 0.22994426872922114 __DUMMY__ 0.02667758877144492	false	1.0
N2236	opposes 1.0		opposes 0.5101674668028523 favors 0.43414139865058005 __DUMMY__ 0.05569113454656781	true	1.0
N2239	favors 1.0		opposes 0.5225111842514936 favors 0.42112054615593236 __DUMMY__ 0.05636826959257401	true	0.5
N950	opposes 1.0		opposes 0.520325974253874 favors 0.42349503965581003 __DUMMY__ 0.05617898609031601	true	1.0
N951	opposes 1.0		opposes 0.5200856145158853 favors 0.42392331449024423 __DUMMY__ 0.0559910709938704	true	1.0
N956	favors 1.0		opposes 0.5154979769012008 favors 0.42730368936382285 __DUMMY__ 0.057198333734976355	true	0.5
N1371	opposes 1.0		opposes 0.5168315979382617 favors 0.4261423773042841 __DUMMY__ 0.05702602475745411	true	1.0
N957	opposes 1.0		opposes 0.5433510189506103 favors 0.4013190971155759 __DUMMY__ 0.05532988393381383	true	1.0
N1372	favors 1.0		opposes 0.5427756103141044 favors 0.40194277959272884 __DUMMY__ 0.05528161009316673	true	0.5
N958	opposes 1.0		opposes 0.5141120489443168 favors 0.4292531673735787 __DUMMY__ 0.056634783682104436	true	1.0
N959	opposes 1.0		opposes 0.534621226302369 favors 0.40917447655897177 __DUMMY__ 0.056204297138659244	true	1.0
N1370	favors 1.0		opposes 0.5175259210700839 favors 0.42650223387576736 __DUMMY__ 0.055971845054148886	true	0.5
N952	opposes 1.0		opposes 0.5032138470712126 favors 0.44165714114986565 __DUMMY__ 0.05512901177892172	true	1.0
N1375	favors 1.0		opposes 0.5003291185966836 favors 0.4431785043734885 __DUMMY__ 0.05649237702982793	true	0.5
N2222	opposes 1.0		opposes 0.5036452844936917 favors 0.4411102173562083 __DUMMY__ 0.05524449815009996	true	1.0
N953	favors 1.0		opposes 0.526985976132923 favors 0.4171510955447406 __DUMMY__ 0.05586292832233624	true	0.5
N1376	favors 1.0		opposes 0.5083563915171468 favors 0.43386517914018974 __DUMMY__ 0.05777842934266346	true	0.5
N2223	favors 1.0	favors 1.0	favors 0.692412688604174 opposes 0.28164450327018264 __DUMMY__ 0.025942808125643257	false	1.0
N954	favors 1.0		opposes 0.5145231690221695 favors 0.42883939402744026 __DUMMY__ 0.05663743695039028	true	0.5
N1373	favors 1.0		opposes 0.5156114775592755 favors 0.4278945230835469 __DUMMY__ 0.05649399935717768	true	0.5
N2220	opposes 1.0	opposes 1.0	opposes 0.7479724393179571 favors 0.225502519521802 __DUMMY__ 0.026525041160240827	false	1.0
N955	favors 1.0		opposes 0.5129474101813949 favors 0.4296444938775085 __DUMMY__ 0.05740809594109664	true	0.5
N1374	opposes 1.0	opposes 1.0	opposes 0.7534898204394886 favors 0.2201175491760927 __DUMMY__ 0.02639263038441863	false	1.0
N2221	favors 1.0		opposes 0.5194797557615739 favors 0.42445397502732324 __DUMMY__ 0.056066269211102936	true	0.5
N1379	favors 1.0		opposes 0.5188161229892189 favors 0.4241528132842914 __DUMMY__ 0.05703106372648979	true	0.5
N2226	opposes 1.0		opposes 0.514209494124792 favors 0.4302248199417184 __DUMMY__ 0.05556568593348961	true	1.0
N2227	favors 1.0		opposes 0.5132925287467315 favors 0.4300733230096934 __DUMMY__ 0.056634148243575065	true	0.5
N1377	opposes 1.0		opposes 0.5222633419692144 favors 0.4206531533507425 __DUMMY__ 0.057083504680043154	true	1.0
N2224	favors 1.0		opposes 0.5122951572494661 favors 0.431627259158601 __DUMMY__ 0.056077583591932906	true	0.5
N1378	favors 1.0		opposes 0.5263101555257793 favors 0.4169399090968845 __DUMMY__ 0.0567499353773361	true	0.5
N2225	favors 1.0		opposes 0.5108541797753474 favors 0.4323008900470677 __DUMMY__ 0.05684493017758484	true	0.5
N2228	opposes 1.0		opposes 0.5400543844960686 favors 0.405149683692505 __DUMMY__ 0.054795931811426564	true	1.0
N2229	opposes 1.0		opposes 0.5118374315913906 favors 0.4321028247382479 __DUMMY__ 0.056059743670361456	true	1.0
N981	favors 1.0		opposes 0.5057253800158042 favors 0.4373779879349555 __DUMMY__ 0.0568966320492402	true	0.5
N982	opposes 1.0		opposes 0.5230044036663373 favors 0.42027358143523635 __DUMMY__ 0.05672201489842646	true	1.0
N983	favors 1.0		opposes 0.5227543595711709 favors 0.42074015691515904 __DUMMY__ 0.05650548351367007	true	0.5
N500	favors 1.0		opposes 0.5056137185763965 favors 0.43675008906395146 __DUMMY__ 0.05763619235965218	true	0.5
N984	favors 1.0		opposes 0.5175817397472772 favors 0.4261384918771233 __DUMMY__ 0.05627976837559956	true	0.5
N980	opposes 1.0		opposes 0.5102265502157333 favors 0.4337353251435095 __DUMMY__ 0.05603812464075719	true	1.0
N505	favors 1.0		opposes 0.5072818478251123 favors 0.4360415033520128 __DUMMY__ 0.056676648822874806	true	0.5
N989	favors 1.0		opposes 0.516014081742755 favors 0.42786105602021773 __DUMMY__ 0.05612486223702723	true	0.5
N1360	favors 1.0		opposes 0.5172143403087395 favors 0.42601072614907315 __DUMMY__ 0.056774933542187454	true	0.5
N506	opposes 1.0		opposes 0.5248509247158439 favors 0.41862367276286516 __DUMMY__ 0.056525402521291034	true	1.0
N1361	opposes 1.0		opposes 0.5121451819691849 favors 0.4320177240797557 __DUMMY__ 0.05583709395105936	true	1.0
N507	opposes 1.0		opposes 0.5246270443334525 favors 0.41907410031718834 __DUMMY__ 0.05629885534935913	true	1.0
N508	opposes 1.0		opposes 0.519453117369092 favors 0.4244980393020773 __DUMMY__ 0.056048843328830755	true	1.0
N501	opposes 1.0		opposes 0.5209561892632601 favors 0.422194867940492 __DUMMY__ 0.056848942796248005	true	1.0
N985	favors 1.0		opposes 0.5020829517256375 favors 0.44245953467895927 __DUMMY__ 0.05545751359540314	true	0.5
N1364	favors 1.0		opposes 0.5245275967872612 favors 0.41916458952114594 __DUMMY__ 0.05630781369159296	true	0.5
N2211	favors 1.0		opposes 0.5137211217350189 favors 0.43005801144877426 __DUMMY__ 0.05622086681620678	true	0.5
N502	opposes 1.0		opposes 0.5255560362677738 favors 0.41793145840670765 __DUMMY__ 0.05651250532551852	true	1.0
N986	opposes 1.0		opposes 0.526547193708944 favors 0.4175244965345384 __DUMMY__ 0.05592830975651774	true	1.0
N1365	favors 1.0		opposes 0.5195358695645068 favors 0.4243964980079004 __DUMMY__ 0.05606763242759275	true	0.5
N2212	favors 1.0	favors 1.0	favors 0.6854914227903129 opposes 0.28821186934960696 __DUMMY__ 0.02629670786008006	false	1.0
N503	favors 1.0		opposes 0.5117965922494805 favors 0.43239177136815937 __DUMMY__ 0.05581163638236012	true	0.5
N987	opposes 1.0		opposes 0.5142175612034405 favors 0.42908617830497053 __DUMMY__ 0.05669626049158892	true	1.0
N1362	favors 1.0		opposes 0.49784727280410435 favors 0.4465019080145382 __DUMMY__ 0.05565081918135752	true	0.5
N504	favors 1.0		opposes 0.4969914556879867 favors 0.4473893324426341 __DUMMY__ 0.05561921186937903	true	0.5
N988	opposes 1.0		opposes 0.5126726283443303 favors 0.4298718568357908 __DUMMY__ 0.057455514819878956	true	1.0
N1363	opposes 1.0		opposes 0.5247459110120578 favors 0.4187279699108745 __DUMMY__ 0.05652611907706771	true	1.0
N2210	favors 1.0		opposes 0.5434697369415917 favors 0.40164042801704963 __DUMMY__ 0.054889835041358734	true	0.5
N1368	favors 1.0		opposes 0.5159562593427276 favors 0.42754422745790593 __DUMMY__ 0.0564995131993665	true	0.5
N2215	opposes 1.0		opposes 0.5209602283681907 favors 0.4221841945899194 __DUMMY__ 0.05685557704188996	true	1.0
N1369	favors 1.0		opposes 0.5144330193982167 favors 0.4283432285497068 __DUMMY__ 0.057223752052076325	true	0.5
N2216	opposes 1.0		opposes 0.5254992531203129 favors 0.4179790510978274 __DUMMY__ 0.05652169578185979	true	1.0
N1366	favors 1.0		opposes 0.5040321833003382 favors 0.4407047528894702 __DUMMY__ 0.055263063810191644	true	0.5
N2213	opposes 1.0		opposes 0.49659795906909543 favors 0.44721740300460844 __DUMMY__ 0.05618463792629616	true	1.0
N1367	opposes 1.0		opposes 0.5275300606867159 favors 0.41668740002225246 __DUMMY__ 0.05578253929103152	true	1.0
N2214	favors 1.0		opposes 0.5058327951354314 favors 0.4365365446100211 __DUMMY__ 0.05763066025454744	true	0.5
N509	opposes 1.0		opposes 0.5033973504423405 favors 0.44138608655246214 __DUMMY__ 0.055216563005197485	true	1.0
N2219	opposes 1.0		opposes 0.5248029324567223 favors 0.41866232006261644 __DUMMY__ 0.05653474748066139	true	1.0
N2217	favors 1.0		opposes 0.5119299148826832 favors 0.43223880813741045 __DUMMY__ 0.05583127697990622	true	0.5
N2218	favors 1.0		opposes 0.5074938430737277 favors 0.43582049179227184 __DUMMY__ 0.05668566513400036	true	0.5
N970	favors 1.0		opposes 0.5124321505493539 favors 0.4311330262148929 __DUMMY__ 0.056434823235753294	true	0.5
N971	favors 1.0	favors 1.0	favors 0.6984809851358676 opposes 0.2745549824852976 __DUMMY__ 0.026964032378834723	false	1.0
N972	opposes 1.0		opposes 0.5143998936754665 favors 0.42972355500922504 __DUMMY__ 0.05587655131530856	true	1.0
N973	favors 1.0		opposes 0.5134618935497882 favors 0.4295358880338227 __DUMMY__ 0.057002218416389173	true	0.5
N978	favors 1.0		opposes 0.5237069473126009 favors 0.4195857610974472 __DUMMY__ 0.056707291589951726	true	0.5
N979	favors 1.0		opposes 0.5151427857838279 favors 0.427853513941847 __DUMMY__ 0.05700370027432513	true	0.5
N1350	favors 1.0		opposes 0.5267351503917962 favors 0.41778070636942605 __DUMMY__ 0.05548414323877777	true	0.5
N974	opposes 1.0		opposes 0.5412543926297515 favors 0.40362892227662034 __DUMMY__ 0.05511668509362825	true	1.0
N1353	favors 1.0		opposes 0.5152912308016674 favors 0.42790688175248004 __DUMMY__ 0.05680188744585247	true	0.5
N2200	favors 1.0		opposes 0.4998527715843781 favors 0.4442659322534848 __DUMMY__ 0.055881296162137044	true	0.5
N975	opposes 1.0		opposes 0.511961065834522 favors 0.43161267888232074 __DUMMY__ 0.05642625528315719	true	1.0
N1354	opposes 1.0	opposes 1.0	opposes 0.7577638539779057 favors 0.21644463342022485 __DUMMY__ 0.02579151260186944	false	1.0
N2201	opposes 1.0		opposes 0.5259540249627305 favors 0.4173203963657949 __DUMMY__ 0.05672557867147477	true	1.0
N976	favors 1.0		opposes 0.49491649143457633 favors 0.44866810897236503 __DUMMY__ 0.056415399593058746	true	0.5
N1351	favors 1.0		opposes 0.5143156710705324 favors 0.42945113198491086 __DUMMY__ 0.056233196944556675	true	0.5
N977	favors 1.0		opposes 0.519026112756809 favors 0.42391436513689584 __DUMMY__ 0.05705952210629514	true	0.5
N1352	opposes 1.0		opposes 0.5161178330054602 favors 0.42818727465034845 __DUMMY__ 0.055694892344191366	true	1.0
N1357	favors 1.0	favors 1.0	favors 0.705299449040853 opposes 0.26816119613680306 __DUMMY__ 0.02653935482234404	false	1.0
N2204	opposes 1.0		opposes 0.5058668772876713 favors 0.4386274041958623 __DUMMY__ 0.055505718516466435	true	1.0
N1358	favors 1.0		opposes 0.5209828835620891 favors 0.4221768954670639 __DUMMY__ 0.056840220970847	true	0.5
N2205	opposes 1.0		opposes 0.5268319680033261 favors 0.41769680013910254 __DUMMY__ 0.05547123185757141	true	1.0
N1355	opposes 1.0		opposes 0.5139007303633557 favors 0.429880169894506 __DUMMY__ 0.05621909974213819	true	1.0
N2202	opposes 1.0		opposes 0.5257619386261434 favors 0.4177210788067335 __DUMMY__ 0.05651698256712312	true	1.0
N1356	opposes 1.0		opposes 0.5342962718393719 favors 0.4099361782669766 __DUMMY__ 0.055767549893651444	true	1.0
N2203	favors 1.0		opposes 0.5210156914850463 favors 0.42268382810971056 __DUMMY__ 0.0563004804052432	true	0.5
N2208	favors 1.0		opposes 0.5160010346031977 favors 0.42831184653756293 __DUMMY__ 0.0556871188592393	true	0.5
N2209	opposes 1.0		opposes 0.5151501475540754 favors 0.42803365738683224 __DUMMY__ 0.056816195059092474	true	1.0
N1359	favors 1.0		opposes 0.5254287959924537 favors 0.418057993953477 __DUMMY__ 0.05651321005406937	true	0.5
N2206	opposes 1.0		opposes 0.5141497817247279 favors 0.42961456215602345 __DUMMY__ 0.05623565611924868	true	1.0
N2207	opposes 1.0		opposes 0.5125630807516242 favors 0.4304017450159172 __DUMMY__ 0.057035174232458734	true	1.0
N520	opposes 1.0	opposes 1.0	opposes 0.7491802605931395 favors 0.224408490601596 __DUMMY__ 0.02641124880526453	false	1.0
N521	opposes 1.0		opposes 0.5311119356205143 favors 0.4131072880106401 __DUMMY__ 0.05578077636884563	true	1.0
N522	favors 1.0	favors 1.0	favors 0.6915155054588067 opposes 0.28214958388393724 __DUMMY__ 0.02633491065725607	false	1.0
N2270	opposes 1.0		opposes 0.5188284001583702 favors 0.42452020508263366 __DUMMY__ 0.05665139475899603	true	1.0
N527	favors 1.0		opposes 0.5259873484382145 favors 0.4187422567762952 __DUMMY__ 0.05527039478549039	true	0.5
N2273	favors 1.0	favors 1.0	favors 0.6997296356158091 opposes 0.2741423009729728 __DUMMY__ 0.026128063411218008	false	1.0
N528	opposes 1.0	opposes 1.0	opposes 0.7406502190617699 favors 0.23381238519376407 __DUMMY__ 0.025537395744466125	false	1.0
N2274	favors 1.0	favors 1.0	favors 0.7072421134782623 opposes 0.2667297538582785 __DUMMY__ 0.026028132663459252	false	1.0
N529	opposes 1.0		opposes 0.5267242650584805 favors 0.41745160106667134 __DUMMY__ 0.05582413387484805	true	1.0
N2271	opposes 1.0		opposes 0.5233288983500252 favors 0.4203171698774849 __DUMMY__ 0.05635393177248991	true	1.0
N2272	favors 1.0		opposes 0.5151302235606581 favors 0.42828942692641614 __DUMMY__ 0.0565803495129257	true	0.5
N523	favors 1.0		opposes 0.5045063484756831 favors 0.4405836583512654 __DUMMY__ 0.05490999317305149	true	0.5
N2277	opposes 1.0		opposes 0.5224084864373897 favors 0.42143891593863525 __DUMMY__ 0.05615259762397516	true	1.0
N524	opposes 1.0		opposes 0.5148074412387812 favors 0.42935659988797853 __DUMMY__ 0.055835958873240304	true	1.0
N2278	favors 1.0		opposes 0.5174542892986331 favors 0.4266357105672048 __DUMMY__ 0.055910000134162016	true	0.5
N525	opposes 1.0		opposes 0.5304947114057272 favors 0.4137179087170455 __DUMMY__ 0.055787379877227275	true	1.0
