N1742	opposes 1.0	opposes 1.0	opposes 0.7295601667381605 favors 0.25908565666886807 __DUMMY__ 0.011354176592971487	false	1.0
N1743	favors 1.0		favors 0.5232194559531876 opposes 0.4497884141532494 __DUMMY__ 0.026992129893563054	true	1.0
N1740	opposes 1.0		favors 0.630896681422923 opposes 0.343642543684867 __DUMMY__ 0.0254607748922099	true	0.5
N1741	opposes 1.0		opposes 0.5761102427927283 favors 0.3976485346616902 __DUMMY__ 0.02624122254558155	true	1.0
N1746	opposes 1.0	opposes 1.0	opposes 0.6962540741381468 favors 0.29336760745832885 __DUMMY__ 0.01037831840352429	false	1.0
N1747	opposes 1.0		favors 0.4986708400332386 opposes 0.47367838367612675 __DUMMY__ 0.02765077629063467	true	0.5
N1744	opposes 1.0		favors 0.49506302396574997 opposes 0.4798771771790955 __DUMMY__ 0.025059798855154514	true	0.5
N1745	opposes 1.0	opposes 1.0	opposes 0.7600033473429946 favors 0.2299620130321274 __DUMMY__ 0.01003463962487804	false	1.0
N1748	favors 1.0	favors 1.0	favors 0.7498821074676797 opposes 0.23986086486311367 __DUMMY__ 0.010257027669206711	false	1.0
N1749	opposes 1.0		favors 0.4968457285498025 opposes 0.47474835931355736 __DUMMY__ 0.028405912136640052	true	0.5
N1731	favors 1.0		opposes 0.533743796908695 favors 0.4417911569138631 __DUMMY__ 0.024465046177441826	true	0.5
N1732	favors 1.0	favors 1.0	favors 0.7526161902689169 opposes 0.23798993266910173 __DUMMY__ 0.009393877061981191	false	1.0
N1730	opposes 1.0		favors 0.4968457285498025 opposes 0.47474835931355736 __DUMMY__ 0.028405912136640052	true	0.5
N1735	opposes 1.0	opposes 1.0	opposes 0.7585241112815735 favors 0.2290729520213012 __DUMMY__ 0.012402936697125269	false	1.0
N1736	opposes 1.0		opposes 0.4906438276144429 favors 0.4840653824325614 __DUMMY__ 0.02529078995299578	true	1.0
N1733	favors 1.0	favors 1.0	favors 0.8084685721673317 opposes 0.18063077202621633 __DUMMY__ 0.010900655806452077	false	1.0
N1734	favors 1.0	favors 1.0	favors 0.753201400251876 opposes 0.23556023979875168 __DUMMY__ 0.011238359949372324	false	1.0
N1739	favors 1.0		favors 0.5558078982248226 opposes 0.4167961566038609 __DUMMY__ 0.027395945171316435	true	1.0
N1737	favors 1.0		favors 0.5558915897583283 opposes 0.4178390491300899 __DUMMY__ 0.026269361111581794	true	1.0
N1738	favors 1.0		favors 0.5185253879075415 opposes 0.4537876305770054 __DUMMY__ 0.027686981515452982	true	1.0
N1720	favors 1.0		favors 0.5558078982248226 opposes 0.4167961566038609 __DUMMY__ 0.027395945171316435	true	1.0
N1721	favors 1.0	favors 1.0	favors 0.804061775025644 opposes 0.18589338334836047 __DUMMY__ 0.010044841625995516	false	1.0
N1724	favors 1.0	favors 1.0	favors 0.7465898263278637 opposes 0.2425965052402946 __DUMMY__ 0.010813668431841752	false	1.0
N1725	favors 1.0		favors 0.49506302396574997 opposes 0.4798771771790955 __DUMMY__ 0.025059798855154514	true	1.0
N1722	opposes 1.0	opposes 1.0	opposes 0.7756235076059564 favors 0.2140100373042258 __DUMMY__ 0.010366455089817718	false	1.0
N1723	favors 1.0		opposes 0.49105806862460905 favors 0.4809048495276439 __DUMMY__ 0.028037081847747093	true	0.5
N1728	opposes 1.0		favors 0.4986708400332386 opposes 0.47367838367612675 __DUMMY__ 0.02765077629063467	true	0.5
N1729	favors 1.0	favors 1.0	favors 0.7498821074676797 opposes 0.23986086486311367 __DUMMY__ 0.010257027669206711	false	1.0
N1726	opposes 1.0	opposes 1.0	opposes 0.7600033473429946 favors 0.2299620130321274 __DUMMY__ 0.01003463962487804	false	1.0
N1727	favors 1.0		favors 0.5446174874111835 opposes 0.4291512730358498 __DUMMY__ 0.02623123955296656	true	1.0
N1710	favors 1.0	favors 1.0	favors 0.7340490420850979 opposes 0.2548337851536348 __DUMMY__ 0.0111171727612673	false	1.0
N1713	opposes 1.0	opposes 1.0	opposes 0.7520271737337244 favors 0.23850427707854324 __DUMMY__ 0.00946854918773227	false	1.0
N1714	opposes 1.0		favors 0.534511991509122 opposes 0.44113775078375583 __DUMMY__ 0.02435025770712217	true	0.5
N1711	opposes 1.0		favors 0.5270969293344852 opposes 0.44677505966497755 __DUMMY__ 0.026128011000537323	true	0.5
N1712	favors 1.0		favors 0.4968457285498025 opposes 0.47474835931355736 __DUMMY__ 0.028405912136640052	true	1.0
N1717	favors 1.0		opposes 0.5471817953251619 favors 0.42303765288116235 __DUMMY__ 0.029780551793675798	true	0.5
N1718	favors 1.0		opposes 0.4906438276144429 favors 0.4840653824325614 __DUMMY__ 0.02529078995299578	true	0.5
N1715	opposes 1.0		opposes 0.5278370431165812 favors 0.4441751932610918 __DUMMY__ 0.027987763622327026	true	1.0
N1716	opposes 1.0		favors 0.5353824349989742 opposes 0.4368308827993911 __DUMMY__ 0.02778668220163473	true	0.5
N1719	favors 1.0	favors 1.0	favors 0.76364434612424 opposes 0.2258862992785835 __DUMMY__ 0.010469354597176447	false	1.0
N1782	favors 1.0	favors 1.0	favors 0.7316289601822751 opposes 0.2586146369845929 __DUMMY__ 0.009756402833132055	false	1.0
N1783	opposes 1.0		opposes 0.5466792550261576 favors 0.42766426003657243 __DUMMY__ 0.02565648493726997	true	1.0
N1780	favors 1.0		opposes 0.49105806862460905 favors 0.4809048495276439 __DUMMY__ 0.028037081847747093	true	0.5
N1781	favors 1.0	favors 1.0	favors 0.7465898263278637 opposes 0.2425965052402946 __DUMMY__ 0.010813668431841752	false	1.0
N1302	opposes 1.0	opposes 1.0	opposes 0.64233387571503 favors 0.34676546847851797 __DUMMY__ 0.010900655806452074	false	1.0
N1786	favors 1.0	favors 1.0	favors 0.7498821074676797 opposes 0.23986086486311364 __DUMMY__ 0.01025702766920671	false	1.0
N1303	favors 1.0	favors 1.0	favors 0.753201400251876 opposes 0.23556023979875165 __DUMMY__ 0.011238359949372343	false	1.0
N1787	opposes 1.0	opposes 1.0	opposes 0.720900581412282 favors 0.26755582552489837 __DUMMY__ 0.011543593062819634	false	1.0
N1300	favors 1.0		opposes 0.5337437969086951 favors 0.44179115691386317 __DUMMY__ 0.024465046177441826	true	0.5
N1784	opposes 1.0	opposes 1.0	opposes 0.6962540741381468 favors 0.29336760745832885 __DUMMY__ 0.01037831840352429	false	1.0
N1301	favors 1.0		favors 0.534511991509122 opposes 0.4411377507837558 __DUMMY__ 0.024350257707122177	true	1.0
N1785	opposes 1.0	opposes 1.0	opposes 0.720603492114056 favors 0.26827933512467667 __DUMMY__ 0.0111171727612673	false	1.0
N1306	opposes 1.0		favors 0.5558915897583284 opposes 0.4178390491300898 __DUMMY__ 0.026269361111581804	true	0.5
N1307	favors 1.0		favors 0.5185253879075415 opposes 0.4537876305770054 __DUMMY__ 0.027686981515452985	true	1.0
N1304	opposes 1.0		opposes 0.5471817953251619 favors 0.4230376528811623 __DUMMY__ 0.029780551793675798	true	1.0
N1788	opposes 1.0		opposes 0.533743796908695 favors 0.4417911569138631 __DUMMY__ 0.024465046177441826	true	1.0
N1305	opposes 1.0		opposes 0.4906438276144429 favors 0.4840653824325613 __DUMMY__ 0.02529078995299578	true	1.0
N1789	favors 1.0		favors 0.534511991509122 opposes 0.44113775078375583 __DUMMY__ 0.02435025770712217	true	1.0
N1308	favors 1.0		favors 0.5558078982248226 opposes 0.4167961566038609 __DUMMY__ 0.02739594517131649	true	1.0
N1309	opposes 1.0	opposes 1.0	opposes 0.6486661191894784 favors 0.3412890391845261 __DUMMY__ 0.010044841625995513	false	1.0
N1771	favors 1.0		favors 0.534511991509122 opposes 0.44113775078375583 __DUMMY__ 0.02435025770712217	true	1.0
N1772	opposes 1.0	opposes 1.0	opposes 0.7484819483142333 favors 0.24012004462899786 __DUMMY__ 0.011398007056768857	false	1.0
N1770	favors 1.0	favors 1.0	favors 0.7023841963954338 opposes 0.28814725441683386 __DUMMY__ 0.009468549187732272	false	1.0
N1775	favors 1.0		opposes 0.5471817953251619 favors 0.42303765288116235 __DUMMY__ 0.029780551793675798	true	0.5
N1776	favors 1.0	favors 1.0	favors 0.7263363947847443 opposes 0.26382579719115196 __DUMMY__ 0.00983780802410373	false	1.0
N1773	opposes 1.0		favors 0.6397661431958389 opposes 0.3332625639399615 __DUMMY__ 0.02697129286419954	true	0.5
N2620	favors 1.0	favors 1.0	favors 0.731628960182275 opposes 0.25861463698459297 __DUMMY__ 0.009756402833132052	false	1.0
N1774	opposes 1.0	opposes 1.0	opposes 0.7000562640645501 favors 0.28870537598607743 __DUMMY__ 0.01123835994937232	false	1.0
N1779	opposes 1.0	opposes 1.0	opposes 0.7756235076059564 favors 0.2140100373042258 __DUMMY__ 0.010366455089817718	false	1.0
N1777	favors 1.0	favors 1.0	favors 0.76364434612424 opposes 0.2258862992785835 __DUMMY__ 0.010469354597176447	false	1.0
N1778	favors 1.0		favors 0.630896681422923 opposes 0.343642543684867 __DUMMY__ 0.0254607748922099	true	1.0
N901	favors 1.0	favors 1.0	favors 0.732800029269393 opposes 0.2556563776677874 __DUMMY__ 0.011543593062819622	false	1.0
N902	opposes 1.0		opposes 0.533743796908695 favors 0.4417911569138632 __DUMMY__ 0.024465046177441826	true	1.0
N903	opposes 1.0		favors 0.534511991509122 opposes 0.4411377507837558 __DUMMY__ 0.024350257707122177	true	0.5
N904	opposes 1.0	opposes 1.0	opposes 0.7484819483142333 favors 0.24012004462899786 __DUMMY__ 0.011398007056768857	false	1.0
N1760	opposes 1.0	opposes 1.0	opposes 0.6486661191894784 favors 0.34128903918452613 __DUMMY__ 0.010044841625995516	false	1.0
N1761	opposes 1.0		opposes 0.5761102427927283 favors 0.3976485346616902 __DUMMY__ 0.02624122254558155	true	1.0
N900	opposes 1.0	opposes 1.0	opposes 0.7067591529017158 favors 0.2829838194290776 __DUMMY__ 0.01025702766920671	false	1.0
N909	opposes 1.0		favors 0.5558915897583285 opposes 0.4178390491300897 __DUMMY__ 0.026269361111581797	true	0.5
N1764	opposes 1.0		favors 0.49506302396574997 opposes 0.4798771771790955 __DUMMY__ 0.025059798855154514	true	0.5
N2611	favors 1.0		opposes 0.5471817953251619 favors 0.4230376528811623 __DUMMY__ 0.029780551793675798	true	0.5
N1765	favors 1.0		opposes 0.5466792550261576 favors 0.42766426003657243 __DUMMY__ 0.02565648493726997	true	0.5
N2612	favors 1.0		opposes 0.4906438276144429 favors 0.48406538243256136 __DUMMY__ 0.02529078995299578	true	0.5
N1762	opposes 1.0		opposes 0.49105806862460905 favors 0.4809048495276439 __DUMMY__ 0.028037081847747093	true	1.0
N1763	opposes 1.0		favors 0.5232194559531876 opposes 0.4497884141532494 __DUMMY__ 0.026992129893563054	true	0.5
N2610	opposes 1.0		favors 0.5353824349989743 opposes 0.43683088279939103 __DUMMY__ 0.027786682201634723	true	0.5
N905	opposes 1.0		favors 0.639766143195839 opposes 0.3332625639399614 __DUMMY__ 0.02697129286419954	true	0.5
N1768	opposes 1.0		favors 0.5270969293344852 opposes 0.44677505966497755 __DUMMY__ 0.026128011000537323	true	0.5
N2615	opposes 1.0	opposes 1.0	opposes 0.690063335298148 favors 0.2989608219646756 __DUMMY__ 0.010975842737176373	false	1.0
N906	opposes 1.0		favors 0.5353824349989743 opposes 0.43683088279939103 __DUMMY__ 0.027786682201634723	true	0.5
N1769	favors 1.0		favors 0.4968457285498025 opposes 0.47474835931355736 __DUMMY__ 0.028405912136640052	true	1.0
N2616	favors 1.0	favors 1.0	favors 0.804061775025644 opposes 0.18589338334836047 __DUMMY__ 0.010044841625995513	false	1.0
N907	favors 1.0	favors 1.0	favors 0.6912969923803416 opposes 0.29630007092253313 __DUMMY__ 0.012402936697125267	false	1.0
N1766	favors 1.0		favors 0.5446174874111835 opposes 0.4291512730358498 __DUMMY__ 0.02623123955296656	true	1.0
N2613	opposes 1.0	opposes 1.0	opposes 0.6890099896697249 favors 0.30052065573309855 __DUMMY__ 0.010469354597176449	false	1.0
N908	favors 1.0		opposes 0.49064382761444286 favors 0.48406538243256125 __DUMMY__ 0.025290789952995774	true	0.5
N1767	favors 1.0		favors 0.4986708400332386 opposes 0.47367838367612675 __DUMMY__ 0.02765077629063467	true	1.0
N2614	opposes 1.0		favors 0.5185253879075415 opposes 0.4537876305770054 __DUMMY__ 0.027686981515452985	true	0.5
N2619	opposes 1.0		favors 0.5232194559531875 opposes 0.44978841415324955 __DUMMY__ 0.02699212989356306	true	0.5
N2617	favors 1.0	favors 1.0	favors 0.6795745546721151 opposes 0.31005899023806716 __DUMMY__ 0.010366455089817716	false	1.0
N2618	favors 1.0	favors 1.0	favors 0.7240894217133961 opposes 0.2645564016936325 __DUMMY__ 0.01135417659297151	false	1.0
N1750	favors 1.0	favors 1.0	favors 0.7023841963954338 opposes 0.28814725441683386 __DUMMY__ 0.009468549187732272	false	1.0
N1753	favors 1.0		favors 0.6397661431958389 opposes 0.3332625639399615 __DUMMY__ 0.02697129286419954	true	1.0
N2600	opposes 1.0	opposes 1.0	opposes 0.7234452182500303 favors 0.26679837891683766 __DUMMY__ 0.009756402833132057	false	1.0
N1754	favors 1.0		favors 0.5353824349989742 opposes 0.4368308827993911 __DUMMY__ 0.027786682201634726	true	1.0
N2601	favors 1.0		opposes 0.5466792550261577 favors 0.42766426003657243 __DUMMY__ 0.02565648493726997	true	0.5
N1751	favors 1.0		favors 0.534511991509122 opposes 0.44113775078375583 __DUMMY__ 0.02435025770712217	true	1.0
N1752	favors 1.0		opposes 0.5278370431165812 favors 0.4441751932610918 __DUMMY__ 0.027987763622327026	true	0.5
N1757	favors 1.0	favors 1.0	favors 0.76364434612424 opposes 0.2258862992785835 __DUMMY__ 0.010469354597176447	false	1.0
N2604	opposes 1.0		favors 0.527096929334485 opposes 0.44677505966497755 __DUMMY__ 0.026128011000537327	true	0.5
N1758	favors 1.0		favors 0.5185253879075415 opposes 0.4537876305770054 __DUMMY__ 0.027686981515452982	true	1.0
N2605	favors 1.0	favors 1.0	favors 0.7328000292693927 opposes 0.25565637766778776 __DUMMY__ 0.011543593062819633	false	1.0
N1755	opposes 1.0		opposes 0.5471817953251619 favors 0.42303765288116235 __DUMMY__ 0.029780551793675798	true	1.0
N2602	favors 1.0		favors 0.5446174874111835 opposes 0.42915127303584977 __DUMMY__ 0.026231239552966558	true	1.0
N1756	opposes 1.0		opposes 0.4906438276144429 favors 0.4840653824325614 __DUMMY__ 0.025290789952995784	true	1.0
N2603	favors 1.0	favors 1.0	favors 0.7340490420850979 opposes 0.2548337851536348 __DUMMY__ 0.0111171727612673	false	1.0
N2608	opposes 1.0	opposes 1.0	opposes 0.7484819483142333 favors 0.24012004462899786 __DUMMY__ 0.011398007056768859	false	1.0
N2609	opposes 1.0		favors 0.639766143195839 opposes 0.33326256393996145 __DUMMY__ 0.026971292864199546	true	0.5
N1759	favors 1.0	favors 1.0	favors 0.764836804651236 opposes 0.22418735261158754 __DUMMY__ 0.010975842737176328	false	1.0
N2606	opposes 1.0	opposes 1.0	opposes 0.7520271737337244 favors 0.2385042770785433 __DUMMY__ 0.009468549187732274	false	1.0
N2607	opposes 1.0	opposes 1.0	opposes 0.7022408266394331 favors 0.28836529629858565 __DUMMY__ 0.009393877061981191	false	1.0
N923	favors 1.0		opposes 0.5278370431165812 favors 0.4441751932610918 __DUMMY__ 0.02798776362232703	true	0.5
N924	favors 1.0		favors 0.639766143195839 opposes 0.3332625639399615 __DUMMY__ 0.02697129286419954	true	1.0
N925	favors 1.0		favors 0.5353824349989742 opposes 0.43683088279939114 __DUMMY__ 0.02778668220163473	true	1.0
N926	opposes 1.0	opposes 1.0	opposes 0.7585241112815735 favors 0.22907295202130123 __DUMMY__ 0.012402936697125274	false	1.0
N1342	opposes 1.0	opposes 1.0	opposes 0.729874008331121 favors 0.2602881836447752 __DUMMY__ 0.00983780802410373	false	1.0
N920	opposes 1.0	opposes 1.0	opposes 0.7209005814122821 favors 0.2675558255248983 __DUMMY__ 0.011543593062819631	false	1.0
N1343	favors 1.0		favors 0.5558915897583284 opposes 0.4178390491300898 __DUMMY__ 0.026269361111581804	true	1.0
N921	favors 1.0		opposes 0.533743796908695 favors 0.4417911569138631 __DUMMY__ 0.024465046177441826	true	0.5
N1340	favors 1.0	favors 1.0	favors 0.753201400251876 opposes 0.23556023979875165 __DUMMY__ 0.011238359949372343	false	1.0
N922	favors 1.0		favors 0.534511991509122 opposes 0.4411377507837558 __DUMMY__ 0.02435025770712217	true	1.0
N1341	opposes 1.0		opposes 0.5471817953251619 favors 0.4230376528811623 __DUMMY__ 0.029780551793675798	true	1.0
N1346	opposes 1.0	opposes 1.0	opposes 0.7756235076059566 favors 0.21401003730422574 __DUMMY__ 0.010366455089817714	false	1.0
N1347	opposes 1.0		opposes 0.4910580686246091 favors 0.48090484952764384 __DUMMY__ 0.028037081847747097	true	1.0
N1344	favors 1.0		favors 0.5185253879075415 opposes 0.4537876305770054 __DUMMY__ 0.027686981515452985	true	1.0
N1345	favors 1.0	favors 1.0	favors 0.804061775025644 opposes 0.18589338334836047 __DUMMY__ 0.010044841625995513	false	1.0
N927	opposes 1.0		opposes 0.4906438276144429 favors 0.4840653824325614 __DUMMY__ 0.025290789952995777	true	1.0
N928	favors 1.0		favors 0.5558915897583285 opposes 0.4178390491300897 __DUMMY__ 0.026269361111581797	true	1.0
N929	favors 1.0		favors 0.5185253879075415 opposes 0.4537876305770054 __DUMMY__ 0.027686981515452985	true	1.0
N1348	favors 1.0	favors 1.0	favors 0.7465898263278637 opposes 0.24259650524029455 __DUMMY__ 0.010813668431841757	false	1.0
N1349	opposes 1.0	opposes 1.0	opposes 0.7234452182500303 favors 0.26679837891683766 __DUMMY__ 0.009756402833132057	false	1.0
N912	favors 1.0		favors 0.630896681422923 opposes 0.343642543684867 __DUMMY__ 0.0254607748922099	true	1.0
N913	favors 1.0		opposes 0.49105806862460905 favors 0.4809048495276439 __DUMMY__ 0.028037081847747093	true	0.5
N914	opposes 1.0		favors 0.5232194559531875 opposes 0.4497884141532495 __DUMMY__ 0.026992129893563054	true	0.5
N915	favors 1.0	favors 1.0	favors 0.731628960182275 opposes 0.2586146369845929 __DUMMY__ 0.009756402833132055	false	1.0
N1331	favors 1.0		favors 0.4950630239657499 opposes 0.47987717717909556 __DUMMY__ 0.02505979885515452	true	1.0
N1332	opposes 1.0		opposes 0.5466792550261577 favors 0.42766426003657243 __DUMMY__ 0.02565648493726997	true	1.0
N910	opposes 1.0	opposes 1.0	opposes 0.709893667186476 favors 0.27896943453388184 __DUMMY__ 0.011136898279642206	false	1.0
N911	favors 1.0		favors 0.5558078982248226 opposes 0.4167961566038609 __DUMMY__ 0.027395945171316476	true	1.0
N1330	favors 1.0	favors 1.0	favors 0.7465898263278637 opposes 0.24259650524029455 __DUMMY__ 0.010813668431841757	false	1.0
N1335	favors 1.0	favors 1.0	favors 0.7498821074676797 opposes 0.23986086486311364 __DUMMY__ 0.010257027669206706	false	1.0
N1336	opposes 1.0	opposes 1.0	opposes 0.7209005814122817 favors 0.2675558255248987 __DUMMY__ 0.01154359306281962	false	1.0
N1333	favors 1.0		favors 0.5446174874111835 opposes 0.4291512730358498 __DUMMY__ 0.02623123955296656	true	1.0
N1334	favors 1.0		favors 0.4986708400332386 opposes 0.4736783836761268 __DUMMY__ 0.02765077629063467	true	1.0
N916	opposes 1.0	opposes 1.0	opposes 0.7600033473429947 favors 0.2299620130321273 __DUMMY__ 0.010034639624878045	false	1.0
N1339	favors 1.0		favors 0.639766143195839 opposes 0.33326256393996145 __DUMMY__ 0.026971292864199546	true	1.0
N917	opposes 1.0		favors 0.5446174874111835 opposes 0.42915127303584977 __DUMMY__ 0.026231239552966558	true	0.5
N918	opposes 1.0		favors 0.4986708400332386 opposes 0.4736783836761268 __DUMMY__ 0.02765077629063467	true	0.5
N1337	favors 1.0	favors 1.0	favors 0.7023841963954338 opposes 0.28814725441683386 __DUMMY__ 0.009468549187732274	false	1.0
N919	favors 1.0		favors 0.527096929334485 opposes 0.44677505966497744 __DUMMY__ 0.026128011000537327	true	1.0
N1338	favors 1.0		favors 0.534511991509122 opposes 0.44113775078375583 __DUMMY__ 0.024350257707122177	true	1.0
N940	opposes 1.0		favors 0.4968457285498025 opposes 0.47474835931355736 __DUMMY__ 0.028405912136640052	true	0.5
N945	favors 1.0	favors 1.0	favors 0.753201400251876 opposes 0.23556023979875165 __DUMMY__ 0.011238359949372346	false	1.0
N946	opposes 1.0		opposes 0.5471817953251619 favors 0.42303765288116235 __DUMMY__ 0.029780551793675798	true	1.0
N947	opposes 1.0	opposes 1.0	opposes 0.729874008331121 favors 0.26028818364477513 __DUMMY__ 0.009837808024103728	false	1.0
N948	favors 1.0	favors 1.0	favors 0.7447233926408584 opposes 0.2441397090794994 __DUMMY__ 0.011136898279642206	false	1.0
N941	favors 1.0	favors 1.0	favors 0.7023841963954338 opposes 0.2881472544168338 __DUMMY__ 0.00946854918773227	false	1.0
N1320	favors 1.0		opposes 0.5278370431165812 favors 0.44417519326109184 __DUMMY__ 0.02798776362232703	true	0.5
N942	favors 1.0	favors 1.0	favors 0.752616190268917 opposes 0.2379899326691017 __DUMMY__ 0.009393877061981191	false	1.0
N1321	favors 1.0	favors 1.0	favors 0.8084685721673316 opposes 0.18063077202621633 __DUMMY__ 0.010900655806452074	false	1.0
N943	favors 1.0	favors 1.0	favors 0.7032518655395906 opposes 0.2853501274036406 __DUMMY__ 0.01139800705676885	false	1.0
N944	opposes 1.0		favors 0.639766143195839 opposes 0.3332625639399615 __DUMMY__ 0.02697129286419954	true	0.5
N1324	opposes 1.0	opposes 1.0	opposes 0.729874008331121 favors 0.2602881836447752 __DUMMY__ 0.00983780802410373	false	1.0
N1325	favors 1.0		favors 0.5558915897583284 opposes 0.4178390491300898 __DUMMY__ 0.026269361111581804	true	1.0
N1322	favors 1.0	favors 1.0	favors 0.753201400251876 opposes 0.23556023979875165 __DUMMY__ 0.011238359949372343	false	1.0
N1323	opposes 1.0		opposes 0.5471817953251619 favors 0.4230376528811623 __DUMMY__ 0.029780551793675798	true	1.0
N949	favors 1.0		favors 0.5558078982248226 opposes 0.41679615660386093 __DUMMY__ 0.02739594517131649	true	1.0
N1328	opposes 1.0	opposes 1.0	opposes 0.7756235076059566 favors 0.21401003730422574 __DUMMY__ 0.010366455089817714	false	1.0
N1329	opposes 1.0		opposes 0.4910580686246091 favors 0.4809048495276439 __DUMMY__ 0.028037081847747097	true	1.0
N1326	favors 1.0		favors 0.5185253879075415 opposes 0.4537876305770054 __DUMMY__ 0.027686981515452985	true	1.0
N1327	favors 1.0		favors 0.630896681422923 opposes 0.3436425436848672 __DUMMY__ 0.0254607748922099	true	1.0
N934	favors 1.0	favors 1.0	favors 0.7465898263278639 opposes 0.2425965052402945 __DUMMY__ 0.010813668431841754	false	1.0
N935	opposes 1.0		favors 0.49506302396574997 opposes 0.4798771771790955 __DUMMY__ 0.02505979885515452	true	0.5
N1790	opposes 1.0		opposes 0.5278370431165812 favors 0.4441751932610918 __DUMMY__ 0.027987763622327026	true	1.0
N936	opposes 1.0		opposes 0.5466792550261576 favors 0.42766426003657243 __DUMMY__ 0.025656484937269967	true	1.0
N937	opposes 1.0		favors 0.5446174874111835 opposes 0.42915127303584977 __DUMMY__ 0.02623123955296656	true	0.5
N930	favors 1.0	favors 1.0	favors 0.7648368046512363 opposes 0.2241873526115874 __DUMMY__ 0.01097584273717638	false	1.0
N1793	opposes 1.0		opposes 0.5471817953251619 favors 0.42303765288116235 __DUMMY__ 0.029780551793675798	true	1.0
N931	opposes 1.0		favors 0.630896681422923 opposes 0.343642543684867 __DUMMY__ 0.025460774892209905	true	0.5
N1310	opposes 1.0	opposes 1.0	opposes 0.7756235076059566 favors 0.21401003730422574 __DUMMY__ 0.010366455089817714	false	1.0
N1794	opposes 1.0		opposes 0.4906438276144429 favors 0.4840653824325614 __DUMMY__ 0.025290789952995784	true	1.0
N932	opposes 1.0	opposes 1.0	opposes 0.7756235076059564 favors 0.2140100373042258 __DUMMY__ 0.010366455089817718	false	1.0
N1791	favors 1.0	favors 1.0	favors 0.8084685721673317 opposes 0.18063077202621633 __DUMMY__ 0.010900655806452077	false	1.0
N933	opposes 1.0	opposes 1.0	opposes 0.7295601667381603 favors 0.2590856566688682 __DUMMY__ 0.011354176592971488	false	1.0
N1792	favors 1.0		favors 0.5353824349989742 opposes 0.4368308827993911 __DUMMY__ 0.027786682201634726	true	1.0
N1313	opposes 1.0		opposes 0.5466792550261577 favors 0.42766426003657243 __DUMMY__ 0.02565648493726997	true	1.0
N1797	favors 1.0		favors 0.5558078982248226 opposes 0.4167961566038609 __DUMMY__ 0.027395945171316435	true	1.0
N1314	favors 1.0		favors 0.5446174874111835 opposes 0.4291512730358498 __DUMMY__ 0.02623123955296656	true	1.0
N1798	opposes 1.0	opposes 1.0	opposes 0.6486661191894784 favors 0.34128903918452613 __DUMMY__ 0.010044841625995518	false	1.0
N1311	opposes 1.0	opposes 1.0	opposes 0.7295601667381608 favors 0.25908565666886757 __DUMMY__ 0.011354176592971504	false	1.0
N1795	opposes 1.0		favors 0.5558915897583283 opposes 0.4178390491300898 __DUMMY__ 0.026269361111581787	true	0.5
N1312	opposes 1.0		favors 0.4950630239657499 opposes 0.47987717717909556 __DUMMY__ 0.02505979885515452	true	0.5
N1796	favors 1.0		favors 0.5185253879075415 opposes 0.4537876305770054 __DUMMY__ 0.027686981515452982	true	1.0
N938	opposes 1.0		favors 0.4986708400332386 opposes 0.4736783836761268 __DUMMY__ 0.02765077629063467	true	0.5
N1317	opposes 1.0	opposes 1.0	opposes 0.7209005814122817 favors 0.2675558255248987 __DUMMY__ 0.01154359306281962	false	1.0
N939	favors 1.0	favors 1.0	favors 0.7498821074676797 opposes 0.23986086486311364 __DUMMY__ 0.010257027669206706	false	1.0
N1318	favors 1.0	favors 1.0	favors 0.7023841963954338 opposes 0.28814725441683386 __DUMMY__ 0.009468549187732274	false	1.0
N1315	opposes 1.0		favors 0.4986708400332386 opposes 0.4736783836761268 __DUMMY__ 0.02765077629063467	true	0.5
N1799	opposes 1.0	opposes 1.0	opposes 0.7756235076059564 favors 0.2140100373042258 __DUMMY__ 0.010366455089817718	false	1.0
N1316	favors 1.0	favors 1.0	favors 0.7498821074676797 opposes 0.23986086486311364 __DUMMY__ 0.010257027669206706	false	1.0
N1319	opposes 1.0		favors 0.534511991509122 opposes 0.4411377507837558 __DUMMY__ 0.024350257707122177	true	0.5
N960	favors 1.0		favors 0.5353824349989743 opposes 0.43683088279939103 __DUMMY__ 0.027786682201634726	true	1.0
N961	favors 1.0		opposes 0.5471817953251619 favors 0.42303765288116235 __DUMMY__ 0.0297805517936758	true	0.5
N962	opposes 1.0	opposes 1.0	opposes 0.729874008331121 favors 0.2602881836447752 __DUMMY__ 0.00983780802410373	false	1.0
N967	opposes 1.0		favors 0.5232194559531876 opposes 0.44978841415324944 __DUMMY__ 0.026992129893563054	true	0.5
N1382	favors 1.0		favors 0.630896681422923 opposes 0.34364254368486713 __DUMMY__ 0.025460774892209898	true	1.0
N968	favors 1.0	favors 1.0	favors 0.731628960182275 opposes 0.2586146369845929 __DUMMY__ 0.009756402833132055	false	1.0
N1383	opposes 1.0		opposes 0.5761102427927283 favors 0.3976485346616902 __DUMMY__ 0.02624122254558155	true	1.0
N2230	opposes 1.0	opposes 1.0	opposes 0.7484819483142333 favors 0.24012004462899786 __DUMMY__ 0.011398007056768857	false	1.0
N969	favors 1.0		opposes 0.5466792550261577 favors 0.42766426003657243 __DUMMY__ 0.02565648493726997	true	0.5
N1380	favors 1.0		favors 0.5185253879075415 opposes 0.4537876305770054 __DUMMY__ 0.027686981515452985	true	1.0
N1381	favors 1.0	favors 1.0	favors 0.7648368046512363 opposes 0.22418735261158743 __DUMMY__ 0.010975842737176377	false	1.0
N963	opposes 1.0		favors 0.5558915897583283 opposes 0.4178390491300899 __DUMMY__ 0.026269361111581794	true	0.5
N1386	opposes 1.0		favors 0.4950630239657498 opposes 0.4798771771790956 __DUMMY__ 0.02505979885515452	true	0.5
N2233	favors 1.0		opposes 0.5471817953251619 favors 0.42303765288116235 __DUMMY__ 0.029780551793675798	true	0.5
N964	favors 1.0		favors 0.630896681422923 opposes 0.34364254368486713 __DUMMY__ 0.025460774892209898	true	1.0
N1387	opposes 1.0	opposes 1.0	opposes 0.7600033473429947 favors 0.22996201303212727 __DUMMY__ 0.010034639624878047	false	1.0
N2234	favors 1.0		opposes 0.4906438276144429 favors 0.4840653824325614 __DUMMY__ 0.025290789952995784	true	0.5
N965	favors 1.0		opposes 0.576110242792728 favors 0.3976485346616904 __DUMMY__ 0.02624122254558155	true	0.5
N1384	favors 1.0	favors 1.0	favors 0.7240894217133961 opposes 0.2645564016936325 __DUMMY__ 0.01135417659297151	false	1.0
N2231	favors 1.0		favors 0.6397661431958389 opposes 0.3332625639399615 __DUMMY__ 0.02697129286419954	true	1.0
N966	favors 1.0		opposes 0.49105806862460916 favors 0.48090484952764384 __DUMMY__ 0.028037081847747097	true	0.5
N1385	favors 1.0		favors 0.5232194559531875 opposes 0.44978841415324955 __DUMMY__ 0.02699212989356306	true	1.0
N2232	opposes 1.0	opposes 1.0	opposes 0.7000562640645501 favors 0.28870537598607743 __DUMMY__ 0.01123835994937232	false	1.0
N2237	opposes 1.0		favors 0.5558078982248226 opposes 0.4167961566038609 __DUMMY__ 0.027395945171316435	true	0.5
N2238	favors 1.0	favors 1.0	favors 0.804061775025644 opposes 0.18589338334836047 __DUMMY__ 0.010044841625995518	false	1.0
N1388	opposes 1.0		favors 0.5446174874111835 opposes 0.42915127303584977 __DUMMY__ 0.026231239552966558	true	0.5
N2235	favors 1.0		favors 0.5558915897583283 opposes 0.4178390491300898 __DUMMY__ 0.026269361111581794	true	1.0
N1389	opposes 1.0	opposes 1.0	opposes 0.720603492114056 favors 0.26827933512467667 __DUMMY__ 0.0111171727612673	false	1.0
N2236	opposes 1.0		favors 0.5185253879075415 opposes 0.4537876305770054 __DUMMY__ 0.027686981515452982	true	0.5
N2239	favors 1.0		opposes 0.5761102427927283 favors 0.3976485346616903 __DUMMY__ 0.026241222545581554	true	0.5
N950	opposes 1.0		opposes 0.5761102427927283 favors 0.39764853466169026 __DUMMY__ 0.026241222545581554	true	1.0
N951	opposes 1.0	opposes 1.0	opposes 0.7295601667381608 favors 0.2590856566688676 __DUMMY__ 0.011354176592971502	false	1.0
N956	favors 1.0		favors 0.4968457285498025 opposes 0.4747483593135573 __DUMMY__ 0.028405912136640083	true	1.0
N1371	opposes 1.0		favors 0.4968457285498025 opposes 0.47474835931355736 __DUMMY__ 0.028405912136640055	true	0.5
N957	opposes 1.0	opposes 1.0	opposes 0.7520271737337244 favors 0.23850427707854327 __DUMMY__ 0.009468549187732274	false	1.0
N1372	favors 1.0	favors 1.0	favors 0.7023841963954338 opposes 0.2881472544168338 __DUMMY__ 0.009468549187732274	false	1.0
N958	opposes 1.0		favors 0.534511991509122 opposes 0.4411377507837558 __DUMMY__ 0.024350257707122177	true	0.5
N959	opposes 1.0	opposes 1.0	opposes 0.7484819483142333 favors 0.24012004462899786 __DUMMY__ 0.011398007056768857	false	1.0
N1370	favors 1.0		favors 0.527096929334485 opposes 0.44677505966497755 __DUMMY__ 0.026128011000537327	true	1.0
N952	opposes 1.0		favors 0.49506302396574997 opposes 0.4798771771790956 __DUMMY__ 0.025059798855154525	true	0.5
N1375	favors 1.0		favors 0.639766143195839 opposes 0.33326256393996145 __DUMMY__ 0.026971292864199546	true	1.0
N2222	opposes 1.0	opposes 1.0	opposes 0.7234452182500304 favors 0.2667983789168376 __DUMMY__ 0.009756402833132052	false	1.0
N953	favors 1.0		opposes 0.5466792550261576 favors 0.4276642600365724 __DUMMY__ 0.025656484937269967	true	0.5
N1376	favors 1.0	favors 1.0	favors 0.753201400251876 opposes 0.23556023979875165 __DUMMY__ 0.011238359949372343	false	1.0
N2223	favors 1.0	favors 1.0	favors 0.6960055091672755 opposes 0.2939598512078464 __DUMMY__ 0.01003463962487804	false	1.0
N954	favors 1.0		favors 0.5446174874111835 opposes 0.42915127303584977 __DUMMY__ 0.026231239552966558	true	1.0
N1373	favors 1.0		favors 0.534511991509122 opposes 0.44113775078375583 __DUMMY__ 0.024350257707122177	true	1.0
N2220	opposes 1.0	opposes 1.0	opposes 0.7295601667381603 favors 0.2590856566688682 __DUMMY__ 0.011354176592971488	false	1.0
N955	favors 1.0	favors 1.0	favors 0.7340490420850979 opposes 0.2548337851536348 __DUMMY__ 0.0111171727612673	false	1.0
N1374	opposes 1.0	opposes 1.0	opposes 0.7484819483142333 favors 0.24012004462899786 __DUMMY__ 0.011398007056768857	false	1.0
N2221	favors 1.0		favors 0.5232194559531876 opposes 0.4497884141532494 __DUMMY__ 0.026992129893563054	true	1.0
N1379	favors 1.0	favors 1.0	favors 0.76364434612424 opposes 0.22588629927858356 __DUMMY__ 0.010469354597176449	false	1.0
N2226	opposes 1.0		favors 0.5270969293344852 opposes 0.44677505966497755 __DUMMY__ 0.026128011000537323	true	0.5
N2227	favors 1.0	favors 1.0	favors 0.7328000292693927 opposes 0.2556563776677878 __DUMMY__ 0.011543593062819634	false	1.0
N1377	opposes 1.0		opposes 0.5471817953251619 favors 0.4230376528811623 __DUMMY__ 0.029780551793675798	true	1.0
N2224	favors 1.0	favors 1.0	favors 0.7584529729332782 opposes 0.23116870866319744 __DUMMY__ 0.01037831840352429	false	1.0
N1378	favors 1.0		opposes 0.4906438276144429 favors 0.48406538243256136 __DUMMY__ 0.02529078995299578	true	0.5
N2225	favors 1.0	favors 1.0	favors 0.7340490420850979 opposes 0.25483378515363475 __DUMMY__ 0.0111171727612673	false	1.0
N2228	opposes 1.0	opposes 1.0	opposes 0.7520271737337244 favors 0.23850427707854324 __DUMMY__ 0.00946854918773227	false	1.0
N2229	opposes 1.0		favors 0.534511991509122 opposes 0.4411377507837558 __DUMMY__ 0.02435025770712217	true	0.5
N981	favors 1.0		favors 0.630896681422923 opposes 0.34364254368486713 __DUMMY__ 0.025460774892209898	true	1.0
N982	opposes 1.0	opposes 1.0	opposes 0.7756235076059564 favors 0.21401003730422574 __DUMMY__ 0.010366455089817712	false	1.0
N983	favors 1.0		opposes 0.4910580686246091 favors 0.4809048495276439 __DUMMY__ 0.028037081847747097	true	0.5
N500	favors 1.0		favors 0.5353824349989742 opposes 0.43683088279939114 __DUMMY__ 0.027786682201634726	true	1.0
N984	favors 1.0	favors 1.0	favors 0.7465898263278637 opposes 0.24259650524029455 __DUMMY__ 0.010813668431841752	false	1.0
N980	opposes 1.0		favors 0.5185253879075417 opposes 0.45378763057700544 __DUMMY__ 0.027686981515452992	true	0.5
N505	favors 1.0	favors 1.0	favors 0.804061775025644 opposes 0.18589338334836047 __DUMMY__ 0.010044841625995518	false	1.0
N989	favors 1.0		favors 0.527096929334485 opposes 0.44677505966497744 __DUMMY__ 0.026128011000537327	true	1.0
N1360	favors 1.0	favors 1.0	favors 0.76364434612424 opposes 0.22588629927858356 __DUMMY__ 0.010469354597176449	false	1.0
N506	opposes 1.0		opposes 0.576110242792728 favors 0.3976485346616904 __DUMMY__ 0.02624122254558155	true	1.0
N1361	opposes 1.0		favors 0.5185253879075415 opposes 0.4537876305770054 __DUMMY__ 0.027686981515452985	true	0.5
N507	opposes 1.0		opposes 0.49105806862460905 favors 0.4809048495276439 __DUMMY__ 0.028037081847747093	true	1.0
N508	opposes 1.0		favors 0.5232194559531876 opposes 0.44978841415324944 __DUMMY__ 0.026992129893563054	true	0.5
N501	opposes 1.0		opposes 0.5471817953251618 favors 0.4230376528811624 __DUMMY__ 0.0297805517936758	true	1.0
N985	favors 1.0	favors 1.0	favors 0.731628960182275 opposes 0.2586146369845929 __DUMMY__ 0.009756402833132055	false	1.0
N1364	favors 1.0		opposes 0.4910580686246091 favors 0.48090484952764384 __DUMMY__ 0.028037081847747097	true	0.5
N2211	favors 1.0	favors 1.0	favors 0.752616190268917 opposes 0.2379899326691017 __DUMMY__ 0.009393877061981191	false	1.0
N502	opposes 1.0		opposes 0.4906438276144429 favors 0.4840653824325614 __DUMMY__ 0.025290789952995777	true	1.0
N986	opposes 1.0	opposes 1.0	opposes 0.7600033473429947 favors 0.2299620130321273 __DUMMY__ 0.010034639624878048	false	1.0
N1365	favors 1.0		favors 0.5232194559531875 opposes 0.4497884141532495 __DUMMY__ 0.026992129893563054	true	1.0
N2212	favors 1.0	favors 1.0	favors 0.7032518655395905 opposes 0.2853501274036407 __DUMMY__ 0.011398007056768855	false	1.0
N503	favors 1.0	favors 1.0	favors 0.7447233926408584 opposes 0.2441397090794994 __DUMMY__ 0.011136898279642206	false	1.0
N987	opposes 1.0	opposes 1.0	opposes 0.6962540741381469 favors 0.2933676074583289 __DUMMY__ 0.010378318403524293	false	1.0
N1362	favors 1.0		favors 0.5558078982248226 opposes 0.4167961566038609 __DUMMY__ 0.02739594517131649	true	1.0
N504	favors 1.0		favors 0.5558078982248227 opposes 0.4167961566038608 __DUMMY__ 0.02739594517131647	true	1.0
N988	opposes 1.0	opposes 1.0	opposes 0.720603492114056 favors 0.26827933512467667 __DUMMY__ 0.0111171727612673	false	1.0
N1363	opposes 1.0		opposes 0.5761102427927283 favors 0.3976485346616902 __DUMMY__ 0.02624122254558155	true	1.0
N2210	favors 1.0		opposes 0.533743796908695 favors 0.4417911569138631 __DUMMY__ 0.024465046177441826	true	0.5
N1368	favors 1.0		favors 0.5446174874111835 opposes 0.4291512730358498 __DUMMY__ 0.02623123955296656	true	1.0
N2215	opposes 1.0	opposes 1.0	opposes 0.7585241112815735 favors 0.2290729520213012 __DUMMY__ 0.012402936697125269	false	1.0
N1369	favors 1.0	favors 1.0	favors 0.7340490420850979 opposes 0.2548337851536348 __DUMMY__ 0.0111171727612673	false	1.0
N2216	opposes 1.0	opposes 1.0	opposes 0.729874008331121 favors 0.26028818364477513 __DUMMY__ 0.009837808024103728	false	1.0
N1366	favors 1.0		favors 0.4950630239657499 opposes 0.47987717717909556 __DUMMY__ 0.02505979885515452	true	1.0
N2213	opposes 1.0		favors 0.6397661431958389 opposes 0.3332625639399615 __DUMMY__ 0.02697129286419954	true	0.5
N1367	opposes 1.0		opposes 0.5466792550261577 favors 0.42766426003657243 __DUMMY__ 0.02565648493726997	true	1.0
N2214	favors 1.0	favors 1.0	favors 0.753201400251876 opposes 0.23556023979875165 __DUMMY__ 0.011238359949372322	false	1.0
N509	opposes 1.0	opposes 1.0	opposes 0.7234452182500304 favors 0.2667983789168376 __DUMMY__ 0.009756402833132052	false	1.0
N2219	opposes 1.0	opposes 1.0	opposes 0.7756235076059564 favors 0.2140100373042258 __DUMMY__ 0.010366455089817718	false	1.0
N2217	favors 1.0		favors 0.5185253879075415 opposes 0.4537876305770054 __DUMMY__ 0.027686981515452982	true	1.0
N2218	favors 1.0		favors 0.630896681422923 opposes 0.343642543684867 __DUMMY__ 0.0254607748922099	true	1.0
N970	favors 1.0	favors 1.0	favors 0.7584529729332782 opposes 0.2311687086631975 __DUMMY__ 0.010378318403524291	false	1.0
N971	favors 1.0	favors 1.0	favors 0.7340490420850979 opposes 0.25483378515363475 __DUMMY__ 0.011117172761267297	false	1.0
N972	opposes 1.0		favors 0.527096929334485 opposes 0.44677505966497744 __DUMMY__ 0.02612801100053733	true	0.5
N973	favors 1.0	favors 1.0	favors 0.732800029269393 opposes 0.2556563776677874 __DUMMY__ 0.011543593062819622	false	1.0
N978	favors 1.0		opposes 0.49064382761444286 favors 0.48406538243256125 __DUMMY__ 0.025290789952995774	true	0.5
N979	favors 1.0	favors 1.0	favors 0.76364434612424 opposes 0.22588629927858347 __DUMMY__ 0.010469354597176447	false	1.0
N1350	favors 1.0	favors 1.0	favors 0.6960055091672754 opposes 0.2939598512078465 __DUMMY__ 0.010034639624878047	false	1.0
N974	opposes 1.0	opposes 1.0	opposes 0.7520271737337244 favors 0.23850427707854327 __DUMMY__ 0.009468549187732272	false	1.0
N1353	favors 1.0		favors 0.4968457285498025 opposes 0.47474835931355736 __DUMMY__ 0.028405912136640055	true	1.0
N2200	favors 1.0	favors 1.0	favors 0.7648368046512362 opposes 0.2241873526115875 __DUMMY__ 0.010975842737176326	false	1.0
N975	opposes 1.0	opposes 1.0	opposes 0.7022408266394332 favors 0.28836529629858565 __DUMMY__ 0.00939387706198119	false	1.0
N1354	opposes 1.0	opposes 1.0	opposes 0.7520271737337244 favors 0.23850427707854327 __DUMMY__ 0.009468549187732274	false	1.0
N2201	opposes 1.0		opposes 0.5761102427927283 favors 0.3976485346616903 __DUMMY__ 0.026241222545581554	true	1.0
N976	favors 1.0		favors 0.6397661431958389 opposes 0.3332625639399615 __DUMMY__ 0.02697129286419954	true	1.0
N1351	favors 1.0		favors 0.5446174874111835 opposes 0.4291512730358498 __DUMMY__ 0.02623123955296656	true	1.0
N977	favors 1.0		opposes 0.5471817953251618 favors 0.42303765288116235 __DUMMY__ 0.0297805517936758	true	0.5
N1352	opposes 1.0		favors 0.527096929334485 opposes 0.44677505966497755 __DUMMY__ 0.026128011000537327	true	0.5
N1357	favors 1.0	favors 1.0	favors 0.8084685721673317 opposes 0.1806307720262163 __DUMMY__ 0.010900655806452076	false	1.0
N2204	opposes 1.0		favors 0.49506302396574997 opposes 0.4798771771790955 __DUMMY__ 0.025059798855154514	true	0.5
N1358	favors 1.0	favors 1.0	favors 0.6912969923803416 opposes 0.2963000709225332 __DUMMY__ 0.012402936697125269	false	1.0
N2205	opposes 1.0	opposes 1.0	opposes 0.7600033473429946 favors 0.2299620130321274 __DUMMY__ 0.01003463962487804	false	1.0
N1355	opposes 1.0	opposes 1.0	opposes 0.7022408266394331 favors 0.28836529629858565 __DUMMY__ 0.009393877061981191	false	1.0
N2202	opposes 1.0		opposes 0.49105806862460905 favors 0.4809048495276439 __DUMMY__ 0.028037081847747093	true	1.0
N1356	opposes 1.0		opposes 0.5278370431165812 favors 0.44417519326109184 __DUMMY__ 0.02798776362232703	true	1.0
N2203	favors 1.0		favors 0.5232194559531876 opposes 0.4497884141532494 __DUMMY__ 0.026992129893563054	true	1.0
N2208	favors 1.0	favors 1.0	favors 0.7498821074676797 opposes 0.23986086486311367 __DUMMY__ 0.010257027669206706	false	1.0
N2209	opposes 1.0	opposes 1.0	opposes 0.7209005814122821 favors 0.2675558255248983 __DUMMY__ 0.011543593062819633	false	1.0
N1359	favors 1.0	favors 1.0	favors 0.7263363947847443 opposes 0.2638257971911519 __DUMMY__ 0.009837808024103728	false	1.0
N2206	opposes 1.0	opposes 1.0	opposes 0.6962540741381468 favors 0.29336760745832885 __DUMMY__ 0.01037831840352429	false	1.0
N2207	opposes 1.0		favors 0.4986708400332386 opposes 0.47367838367612675 __DUMMY__ 0.02765077629063467	true	0.5
N520	opposes 1.0	opposes 1.0	opposes 0.7585241112815735 favors 0.22907295202130123 __DUMMY__ 0.01240293669712527	false	1.0
N521	opposes 1.0		opposes 0.4906438276144429 favors 0.4840653824325614 __DUMMY__ 0.025290789952995777	true	1.0
N522	favors 1.0	favors 1.0	favors 0.76364434612424 opposes 0.2258862992785835 __DUMMY__ 0.010469354597176449	false	1.0
