N1742	opposes 1.0	opposes 1.0	opposes 0.7405813861225734 favors 0.2548697089232867 __DUMMY__ 0.0045489049541398595	false	1.0
N1743	favors 1.0		favors 0.5510071657044522 opposes 0.4323553772347372 __DUMMY__ 0.016637457060810653	true	1.0
N1740	opposes 1.0		favors 0.6521920616637951 opposes 0.33262283745004606 __DUMMY__ 0.015185100886158908	true	0.5
N1741	opposes 1.0	opposes 1.0	opposes 0.7673105999847765 favors 0.22812879311570178 __DUMMY__ 0.004560606899521744	false	1.0
N1746	opposes 1.0	opposes 1.0	opposes 0.6846228797238527 favors 0.3102224668808919 __DUMMY__ 0.00515465339525536	false	1.0
N1747	opposes 1.0	opposes 1.0	opposes 0.7230485286468331 favors 0.2717822272261491 __DUMMY__ 0.005169244127017802	false	1.0
N1744	opposes 1.0		opposes 0.4956969684940481 favors 0.48911180216302264 __DUMMY__ 0.01519122934292928	true	1.0
N1745	opposes 1.0	opposes 1.0	opposes 0.750638815117001 favors 0.2448471772629385 __DUMMY__ 0.004514007620060488	false	1.0
N1748	favors 1.0	favors 1.0	favors 0.7662245232236243 opposes 0.22925108812798597 __DUMMY__ 0.004524388648389725	false	1.0
N1749	opposes 1.0		favors 0.5114485746556664 opposes 0.4715667582353134 __DUMMY__ 0.016984667109020198	true	0.5
N1731	favors 1.0	favors 1.0	favors 0.7337025907907989 opposes 0.2613948350279913 __DUMMY__ 0.004902574181209747	false	1.0
N1732	favors 1.0	favors 1.0	favors 0.7619214357687245 opposes 0.23417128597665413 __DUMMY__ 0.003907278254621361	false	1.0
N1730	opposes 1.0		favors 0.5127313062572614 opposes 0.47024992242245794 __DUMMY__ 0.017018771320280603	true	0.5
N1735	opposes 1.0	opposes 1.0	opposes 0.7469568173603996 favors 0.2473383085792259 __DUMMY__ 0.0057048740603744845	false	1.0
N1736	opposes 1.0		favors 0.5047002869347166 opposes 0.4807611455740249 __DUMMY__ 0.01453856749125859	true	0.5
N1733	favors 1.0	favors 1.0	favors 0.7931545508277011 opposes 0.2016242775056718 __DUMMY__ 0.005221171666627077	false	1.0
N1734	favors 1.0	favors 1.0	favors 0.764799900587964 opposes 0.23018461788790306 __DUMMY__ 0.005015481524132936	false	1.0
N1739	favors 1.0	favors 1.0	favors 0.7822504536430346 opposes 0.21290686189397623 __DUMMY__ 0.004842684462989185	false	1.0
N1737	favors 1.0		favors 0.5602511285755392 opposes 0.4231951202195032 __DUMMY__ 0.0165537512049577	true	1.0
N1738	favors 1.0		favors 0.5265895109153499 opposes 0.4566516697399212 __DUMMY__ 0.01675881934472876	true	1.0
N1720	favors 1.0		favors 0.587396753536765 opposes 0.3966951969743672 __DUMMY__ 0.01590804948886767	true	1.0
N1721	favors 1.0	favors 1.0	favors 0.8142799195456892 opposes 0.1812830438532992 __DUMMY__ 0.004437036601011544	false	1.0
N1724	favors 1.0	favors 1.0	favors 0.7618051081078268 opposes 0.23303162449817114 __DUMMY__ 0.005163267394002182	false	1.0
N1725	favors 1.0	favors 1.0	favors 0.7294980319194471 opposes 0.2661036271931 __DUMMY__ 0.004398340887453081	false	1.0
N1722	opposes 1.0	opposes 1.0	opposes 0.7658570302253996 favors 0.2296261284725798 __DUMMY__ 0.004516841302020591	false	1.0
N1723	favors 1.0	favors 1.0	favors 0.7210830836299185 opposes 0.27441267521716345 __DUMMY__ 0.004504241152917968	false	1.0
N1728	opposes 1.0		favors 0.5067061842437729 opposes 0.4766529273602382 __DUMMY__ 0.016640888395988797	true	0.5
N1729	favors 1.0	favors 1.0	favors 0.7676487114282594 opposes 0.2278282574465879 __DUMMY__ 0.004523031125152592	false	1.0
N1726	opposes 1.0	opposes 1.0	opposes 0.750990536575402 favors 0.24449687388360883 __DUMMY__ 0.004512589540989097	false	1.0
N1727	favors 1.0		favors 0.5810390514291909 opposes 0.4023779957189197 __DUMMY__ 0.0165829528518896	true	1.0
N1710	favors 1.0	favors 1.0	favors 0.7391115092291456 opposes 0.25574988227344775 __DUMMY__ 0.005138608497406633	false	1.0
N1713	opposes 1.0	opposes 1.0	opposes 0.7247915687266425 favors 0.2703643925429047 __DUMMY__ 0.004844038730452832	false	1.0
N1714	opposes 1.0	opposes 1.0	opposes 0.6986589124454977 favors 0.2974640085380981 __DUMMY__ 0.0038770790164041865	false	1.0
N1711	opposes 1.0	opposes 1.0	opposes 0.6948750976167815 favors 0.3006416747778748 __DUMMY__ 0.004483227605343888	false	1.0
N1712	favors 1.0	favors 1.0	favors 0.7420530949690728 opposes 0.25259805619667974 __DUMMY__ 0.005348848834247417	false	1.0
N1717	favors 1.0	favors 1.0	favors 0.7114362006419828 opposes 0.282944494924855 __DUMMY__ 0.005619304433162231	false	1.0
N1718	favors 1.0		favors 0.5058507188791399 opposes 0.479648611692641 __DUMMY__ 0.014500669428218966	true	1.0
N1715	opposes 1.0		opposes 0.5282377282200817 favors 0.45538841643996464 __DUMMY__ 0.016373855339953523	true	1.0
N1716	opposes 1.0	opposes 1.0	opposes 0.6950029490220979 favors 0.3000407251487426 __DUMMY__ 0.004956325829159495	false	1.0
N1719	favors 1.0	favors 1.0	favors 0.766165945658873 opposes 0.22868890039650286 __DUMMY__ 0.0051451539446240886	false	1.0
N1782	favors 1.0	favors 1.0	favors 0.72966102933073 opposes 0.2658996966128796 __DUMMY__ 0.004439274056390447	false	1.0
N1783	opposes 1.0		opposes 0.5291432430953632 favors 0.45542059311724326 __DUMMY__ 0.015436163787393417	true	1.0
N1780	favors 1.0		opposes 0.5093449671476054 favors 0.4752337403904267 __DUMMY__ 0.015421292461967938	true	0.5
N1781	favors 1.0	favors 1.0	favors 0.7615595190007951 opposes 0.2332430468064665 __DUMMY__ 0.0051974341927385065	false	1.0
N1302	opposes 1.0	opposes 1.0	opposes 0.666570777778668 favors 0.3282688966412958 __DUMMY__ 0.005160325580036187	false	1.0
N1786	favors 1.0	favors 1.0	favors 0.7666650054709104 opposes 0.22879430460570407 __DUMMY__ 0.004540689923385494	false	1.0
N1303	favors 1.0	favors 1.0	favors 0.763078281761878 opposes 0.2319527004843359 __DUMMY__ 0.004969017753786187	false	1.0
N1787	opposes 1.0	opposes 1.0	opposes 0.7191699995715273 favors 0.2754241597856799 __DUMMY__ 0.0054058406427929155	false	1.0
N1300	favors 1.0		favors 0.49722748885267365 opposes 0.48683622396157417 __DUMMY__ 0.01593628718575213	true	1.0
N1784	opposes 1.0	opposes 1.0	opposes 0.6837312418168082 favors 0.3110862987402357 __DUMMY__ 0.005182459442956097	false	1.0
N1301	favors 1.0	favors 1.0	favors 0.7602019109859693 opposes 0.2359192233629214 __DUMMY__ 0.0038788656511092074	false	1.0
N1785	opposes 1.0	opposes 1.0	opposes 0.7227460727053914 favors 0.27205817825944456 __DUMMY__ 0.0051957490351639745	false	1.0
N1306	opposes 1.0	opposes 1.0	opposes 0.6943724986850937 favors 0.30046544962309 __DUMMY__ 0.005162051691816378	false	1.0
N1307	favors 1.0	favors 1.0	favors 0.7474986513011934 opposes 0.24728932023934388 __DUMMY__ 0.005212028459462568	false	1.0
N1304	opposes 1.0		opposes 0.5279316054934784 favors 0.4547507976386167 __DUMMY__ 0.017317596867904878	true	1.0
N1788	opposes 1.0		favors 0.49935826058787774 opposes 0.48459243887168363 __DUMMY__ 0.01604930054043858	true	0.5
N1305	opposes 1.0	opposes 1.0	opposes 0.7259597493994913 favors 0.27000769751263265 __DUMMY__ 0.004032553087876133	false	1.0
N1789	favors 1.0		favors 0.5496324822752048 opposes 0.4360872705501757 __DUMMY__ 0.014280247174619506	true	1.0
N1308	favors 1.0		favors 0.5843641878850747 opposes 0.39971565945811655 __DUMMY__ 0.01592015265680877	true	1.0
N1309	opposes 1.0	opposes 1.0	opposes 0.6460733084595164 favors 0.3494811387430502 __DUMMY__ 0.004445552797433384	false	1.0
N1771	favors 1.0		favors 0.5512248944894043 opposes 0.43452776616037825 __DUMMY__ 0.014247339350217512	true	1.0
N1772	opposes 1.0	opposes 1.0	opposes 0.7487872019488985 favors 0.24607386778376317 __DUMMY__ 0.005138930267338357	false	1.0
N1770	favors 1.0	favors 1.0	favors 0.7348924870153943 opposes 0.26022630104020184 __DUMMY__ 0.004881211944403696	false	1.0
N1775	favors 1.0		opposes 0.5227138162604873 favors 0.4599265781294567 __DUMMY__ 0.017359605610056054	true	0.5
N1776	favors 1.0	favors 1.0	favors 0.7382216205036777 opposes 0.257705761433484 __DUMMY__ 0.004072618062838389	false	1.0
N1773	opposes 1.0		favors 0.6081503225521299 opposes 0.3753723366012843 __DUMMY__ 0.016477340846585968	true	0.5
N2620	favors 1.0	favors 1.0	favors 0.7288531507894781 opposes 0.26674437028224113 __DUMMY__ 0.004402478928280783	false	1.0
N1774	opposes 1.0	opposes 1.0	opposes 0.6954585299672518 favors 0.29955062810283567 __DUMMY__ 0.004990841929912674	false	1.0
N1779	opposes 1.0	opposes 1.0	opposes 0.7654601290675812 favors 0.22998530821940785 __DUMMY__ 0.004554562713010894	false	1.0
N1777	favors 1.0	favors 1.0	favors 0.7658537015374752 opposes 0.22896461864137865 __DUMMY__ 0.005181679821146115	false	1.0
N1778	favors 1.0		favors 0.6473461854295977 opposes 0.3374295549370273 __DUMMY__ 0.015224259633375075	true	1.0
N901	favors 1.0	favors 1.0	favors 0.7412544251397778 opposes 0.25337846822063703 __DUMMY__ 0.005367106639585147	false	1.0
N902	opposes 1.0		favors 0.5002291884952129 opposes 0.48375248935201154 __DUMMY__ 0.01601832215277554	true	0.5
N903	opposes 1.0	opposes 1.0	opposes 0.7006339599701157 favors 0.2953918219867087 __DUMMY__ 0.0039742180431756365	false	1.0
N904	opposes 1.0	opposes 1.0	opposes 0.7482745732282428 favors 0.24658695143019121 __DUMMY__ 0.005138475341566074	false	1.0
N1760	opposes 1.0	opposes 1.0	opposes 0.6480635167824274 favors 0.3474478937479592 __DUMMY__ 0.004488589469613535	false	1.0
N1761	opposes 1.0	opposes 1.0	opposes 0.7662484058911241 favors 0.22919201493158628 __DUMMY__ 0.004559579177289655	false	1.0
N900	opposes 1.0	opposes 1.0	opposes 0.696795352088161 favors 0.2986652516949318 __DUMMY__ 0.004539396216907161	false	1.0
N909	opposes 1.0		favors 0.5554698660980578 opposes 0.4280056925933791 __DUMMY__ 0.016524441308563002	true	0.5
N1764	opposes 1.0		opposes 0.495907393129339 favors 0.4888534705049735 __DUMMY__ 0.0152391363656875	true	1.0
N2611	favors 1.0		opposes 0.5244309026295446 favors 0.45828238764571616 __DUMMY__ 0.017286709724739308	true	0.5
N1765	favors 1.0	favors 1.0	favors 0.712209070574567 opposes 0.2832822309721586 __DUMMY__ 0.004508698453274312	false	1.0
N2612	favors 1.0		favors 0.504452228367189 opposes 0.4810279834999866 __DUMMY__ 0.014519788132824582	true	1.0
N1762	opposes 1.0		opposes 0.5111356176371932 favors 0.4734278776928465 __DUMMY__ 0.015436504669960379	true	1.0
N1763	opposes 1.0	opposes 1.0	opposes 0.6998313093991941 favors 0.29497154665491976 __DUMMY__ 0.0051971439458861	false	1.0
N2610	opposes 1.0	opposes 1.0	opposes 0.6961622989366608 favors 0.2988827547548679 __DUMMY__ 0.004954946308471197	false	1.0
N905	opposes 1.0		favors 0.6020000883987302 opposes 0.3815322908595043 __DUMMY__ 0.016467620741765464	true	0.5
N1768	opposes 1.0	opposes 1.0	opposes 0.6952605441698557 favors 0.3002201536932611 __DUMMY__ 0.004519302136883195	false	1.0
N2615	opposes 1.0	opposes 1.0	opposes 0.6806985931456175 favors 0.31451121482874633 __DUMMY__ 0.004790192025636136	false	1.0
N906	opposes 1.0		favors 0.553005274199879 opposes 0.43075706649168216 __DUMMY__ 0.0162376593084389	true	0.5
N1769	favors 1.0	favors 1.0	favors 0.7420608452817926 opposes 0.2525616814323609 __DUMMY__ 0.005377473285846527	false	1.0
N2616	favors 1.0	favors 1.0	favors 0.8126314771443958 opposes 0.18292747235133358 __DUMMY__ 0.004441050504270602	false	1.0
N907	favors 1.0	favors 1.0	favors 0.7121736815440666 opposes 0.28220041525444967 __DUMMY__ 0.005625903201483722	false	1.0
N1766	favors 1.0		favors 0.5793502121925871 opposes 0.40408843625656365 __DUMMY__ 0.01656135155084918	true	1.0
N2613	opposes 1.0	opposes 1.0	opposes 0.6938276393651247 favors 0.30103101931959564 __DUMMY__ 0.005141341315279671	false	1.0
N908	favors 1.0		favors 0.5046684148048276 opposes 0.4806765016339431 __DUMMY__ 0.014655083561229307	true	1.0
N1767	favors 1.0		favors 0.5077268177092673 opposes 0.47565579240963063 __DUMMY__ 0.016617389881101976	true	1.0
N2614	opposes 1.0	opposes 1.0	opposes 0.7122744445702285 favors 0.2825320655818239 __DUMMY__ 0.0051934898479476	false	1.0
N2619	opposes 1.0		favors 0.5489813012423976 opposes 0.43447917744021836 __DUMMY__ 0.016539521317384006	true	0.5
N2617	favors 1.0	favors 1.0	favors 0.6952032833927951 opposes 0.3002769890710434 __DUMMY__ 0.004519727536161527	false	1.0
N2618	favors 1.0	favors 1.0	favors 0.720534367238692 opposes 0.2749583673400133 __DUMMY__ 0.004507265421294585	false	1.0
N1750	favors 1.0	favors 1.0	favors 0.7337978421443999 opposes 0.2613184758172548 __DUMMY__ 0.004883682038345358	false	1.0
N1753	favors 1.0		favors 0.6046215179620319 opposes 0.37889186325999386 __DUMMY__ 0.0164866187779743	true	1.0
N2600	opposes 1.0	opposes 1.0	opposes 0.7325423965987171 favors 0.2630302496388503 __DUMMY__ 0.004427353762432611	false	1.0
N1754	favors 1.0		favors 0.5536350577576579 opposes 0.4301224383964037 __DUMMY__ 0.016242503845938384	true	1.0
N2601	favors 1.0	favors 1.0	favors 0.7114187385725642 opposes 0.28410680592759746 __DUMMY__ 0.004474455499838311	false	1.0
N1751	favors 1.0		favors 0.5486494467767342 opposes 0.4370767499976924 __DUMMY__ 0.014273803225573473	true	1.0
N1752	favors 1.0		opposes 0.5294564623262223 favors 0.4540809251990328 __DUMMY__ 0.016462612474744735	true	0.5
N1757	favors 1.0	favors 1.0	favors 0.7643522883251244 opposes 0.23046630479219232 __DUMMY__ 0.0051814068826833365	false	1.0
N2604	opposes 1.0	opposes 1.0	opposes 0.6958910571683845 favors 0.2996225868846553 __DUMMY__ 0.004486355946960241	false	1.0
N1758	favors 1.0		favors 0.5246140427811778 opposes 0.45865245656235376 __DUMMY__ 0.016733500656468444	true	1.0
N2605	favors 1.0	favors 1.0	favors 0.7413065505414077 opposes 0.25334956560267585 __DUMMY__ 0.005343883855916331	false	1.0
N1755	opposes 1.0	opposes 1.0	opposes 0.7469177520115386 favors 0.2474397807222449 __DUMMY__ 0.005642467266216412	false	1.0
N2602	favors 1.0	favors 1.0	favors 0.7767066950775803 opposes 0.21817402288031623 __DUMMY__ 0.00511928204210355	false	1.0
N1756	opposes 1.0		favors 0.5037951558511009 opposes 0.4815956192713791 __DUMMY__ 0.014609224877520045	true	0.5
N2603	favors 1.0	favors 1.0	favors 0.738403796991269 opposes 0.25646045886743 __DUMMY__ 0.005135744141300999	false	1.0
N2608	opposes 1.0	opposes 1.0	opposes 0.7497028468814622 favors 0.24519740434098505 __DUMMY__ 0.005099748777552837	false	1.0
N2609	opposes 1.0		favors 0.606739561907801 opposes 0.37686578093851497 __DUMMY__ 0.01639465715368398	true	0.5
N1759	favors 1.0	favors 1.0	favors 0.7800243813934573 opposes 0.21514665771263852 __DUMMY__ 0.004828960893904214	false	1.0
N2606	opposes 1.0	opposes 1.0	opposes 0.7256923341717882 favors 0.2694639625893108 __DUMMY__ 0.004843703238900923	false	1.0
N2607	opposes 1.0	opposes 1.0	opposes 0.6998145238388169 favors 0.29629884035561554 __DUMMY__ 0.0038866358055674025	false	1.0
N923	favors 1.0		opposes 0.5297367314505165 favors 0.45381632837664043 __DUMMY__ 0.016446940172843125	true	0.5
N924	favors 1.0	favors 1.0	favors 0.7905773830946969 opposes 0.20424576969332506 __DUMMY__ 0.0051768472119780055	false	1.0
N925	favors 1.0	favors 1.0	favors 0.763663912912793 opposes 0.23134815756338428 __DUMMY__ 0.004987929523822793	false	1.0
N926	opposes 1.0	opposes 1.0	opposes 0.7469371740994517 favors 0.24741857365759942 __DUMMY__ 0.005644252242948824	false	1.0
N1342	opposes 1.0	opposes 1.0	opposes 0.7245037698593063 favors 0.27145220684983384 __DUMMY__ 0.004044023290859902	false	1.0
N920	opposes 1.0	opposes 1.0	opposes 0.7193389086727433 favors 0.27528638932797994 __DUMMY__ 0.005374701999276693	false	1.0
N1343	favors 1.0	favors 1.0	favors 0.7655232541210762 opposes 0.22932660211732397 __DUMMY__ 0.005150143761599901	false	1.0
N921	favors 1.0		favors 0.4992567885797643 opposes 0.4847447506627531 __DUMMY__ 0.015998460757482628	true	1.0
N1340	favors 1.0	favors 1.0	favors 0.7644276435084655 opposes 0.23060970796380215 __DUMMY__ 0.004962648527732469	false	1.0
N922	favors 1.0		favors 0.5492297343977152 opposes 0.43652988740372806 __DUMMY__ 0.014240378198556926	true	1.0
N1341	opposes 1.0		opposes 0.5235869803464905 favors 0.4591089707661044 __DUMMY__ 0.01730404888740515	true	1.0
N1346	opposes 1.0	opposes 1.0	opposes 0.7659010350716511 favors 0.22957208809598334 __DUMMY__ 0.004526876832365622	false	1.0
N1347	opposes 1.0	opposes 1.0	opposes 0.7400833882378713 favors 0.2554020438275494 __DUMMY__ 0.004514567934579337	false	1.0
N1344	favors 1.0		favors 0.5263424173519085 opposes 0.456981923179118 __DUMMY__ 0.01667565946897353	true	1.0
N1345	favors 1.0	favors 1.0	favors 0.8131425980322121 opposes 0.1824080202949669 __DUMMY__ 0.004449381672821057	false	1.0
N927	opposes 1.0		favors 0.5039655219653705 opposes 0.4814523885731546 __DUMMY__ 0.014582089461474771	true	0.5
N928	favors 1.0		favors 0.5569912521417766 opposes 0.4264821437531623 __DUMMY__ 0.016526604105061203	true	1.0
N929	favors 1.0		favors 0.5249756258360541 opposes 0.4583019218765788 __DUMMY__ 0.016722452287367243	true	1.0
N1348	favors 1.0	favors 1.0	favors 0.7612397259944519 opposes 0.2335923307702412 __DUMMY__ 0.005167943235306834	false	1.0
N1349	opposes 1.0	opposes 1.0	opposes 0.7317079175061861 favors 0.26388214575841756 __DUMMY__ 0.00440993673539641	false	1.0
N912	favors 1.0		favors 0.6398689337438762 opposes 0.3448601853064054 __DUMMY__ 0.015270880949718318	true	1.0
N913	favors 1.0		opposes 0.5092922964667089 favors 0.475250489748333 __DUMMY__ 0.015457213784958049	true	0.5
N914	opposes 1.0		favors 0.5472553473297974 opposes 0.4361426410606996 __DUMMY__ 0.016602011609503024	true	0.5
N915	favors 1.0	favors 1.0	favors 0.7293040217698709 opposes 0.266230676089114 __DUMMY__ 0.004465302141015119	false	1.0
N1331	favors 1.0		opposes 0.49521587886768464 favors 0.48959786901189767 __DUMMY__ 0.015186252120417656	true	0.5
N1332	opposes 1.0	opposes 1.0	opposes 0.7501373656597387 favors 0.24538116771479598 __DUMMY__ 0.004481466625465294	false	1.0
N910	opposes 1.0	opposes 1.0	opposes 0.7125780489736488 favors 0.2821979000839728 __DUMMY__ 0.005224050942378228	false	1.0
N911	favors 1.0		favors 0.5820593889354135 opposes 0.40194108945939294 __DUMMY__ 0.015999521605193485	true	1.0
N1330	favors 1.0	favors 1.0	favors 0.761264152531859 opposes 0.2335360961999737 __DUMMY__ 0.005199751268167362	false	1.0
N1335	favors 1.0	favors 1.0	favors 0.7671697568872222 opposes 0.22833712570748765 __DUMMY__ 0.004493117405290073	false	1.0
N1336	opposes 1.0	opposes 1.0	opposes 0.7186686619785602 favors 0.27597991993116366 __DUMMY__ 0.0053514180902762476	false	1.0
N1333	favors 1.0	favors 1.0	favors 0.7771483590960206 opposes 0.2177246548346054 __DUMMY__ 0.0051269860693739155	false	1.0
N1334	favors 1.0	favors 1.0	favors 0.7388108464501667 opposes 0.2560460682471476 __DUMMY__ 0.0051430853026857345	false	1.0
N916	opposes 1.0	opposes 1.0	opposes 0.7507072444182581 favors 0.24478682803046894 __DUMMY__ 0.0045059275512729065	false	1.0
N1339	favors 1.0		favors 0.6077120517648421 opposes 0.37587456508067624 __DUMMY__ 0.016413383154481546	true	1.0
N917	opposes 1.0	opposes 1.0	opposes 0.6841177219545514 favors 0.3107306524553263 __DUMMY__ 0.005151625590122369	false	1.0
N918	opposes 1.0	opposes 1.0	opposes 0.7228892558507066 favors 0.27194430974092015 __DUMMY__ 0.005166434408373244	false	1.0
N1337	favors 1.0	favors 1.0	favors 0.7345039250061496 opposes 0.2606444261674503 __DUMMY__ 0.004851648826400121	false	1.0
N919	favors 1.0	favors 1.0	favors 0.7664854994027274 opposes 0.22899787482059675 __DUMMY__ 0.004516625776675837	false	1.0
N1338	favors 1.0		favors 0.5506907633451066 opposes 0.43512325679572916 __DUMMY__ 0.014185979859164258	true	1.0
N940	opposes 1.0		favors 0.5121155293288494 opposes 0.47092540336727934 __DUMMY__ 0.016959067303871343	true	0.5
N945	favors 1.0	favors 1.0	favors 0.7629685891867676 opposes 0.232035723865626 __DUMMY__ 0.004995686947606367	false	1.0
N946	opposes 1.0		opposes 0.5220919230468913 favors 0.46059507597980887 __DUMMY__ 0.017313000973299773	true	1.0
N947	opposes 1.0	opposes 1.0	opposes 0.7246984004640418 favors 0.27119124979431075 __DUMMY__ 0.004110349741647528	false	1.0
N948	favors 1.0	favors 1.0	favors 0.7483336101987694 opposes 0.24644233885885233 __DUMMY__ 0.005224050942378226	false	1.0
N941	favors 1.0	favors 1.0	favors 0.7342797036057522 opposes 0.2608293562929887 __DUMMY__ 0.00489094010125909	false	1.0
N1320	favors 1.0		opposes 0.5296337857690392 favors 0.45392994638516343 __DUMMY__ 0.016436267845797336	true	0.5
N942	favors 1.0	favors 1.0	favors 0.7602656742109204 opposes 0.23576010774590395 __DUMMY__ 0.003974218043175635	false	1.0
N1321	favors 1.0	favors 1.0	favors 0.7921017637481049 opposes 0.20271480853803558 __DUMMY__ 0.005183427713859533	false	1.0
N943	favors 1.0	favors 1.0	favors 0.7105368860397454 opposes 0.28432463861868845 __DUMMY__ 0.005138475341566076	false	1.0
N944	opposes 1.0	opposes 1.0	opposes 0.6692117861842595 favors 0.32560996380288304 __DUMMY__ 0.005178250012857526	false	1.0
N1324	opposes 1.0	opposes 1.0	opposes 0.7245607711176564 favors 0.27138335221800486 __DUMMY__ 0.004055876664338727	false	1.0
N1325	favors 1.0	favors 1.0	favors 0.765607426110691 opposes 0.22920835859530087 __DUMMY__ 0.005184215294008215	false	1.0
N1322	favors 1.0	favors 1.0	favors 0.7644947988186983 opposes 0.23051574770108854 __DUMMY__ 0.004989453480213138	false	1.0
N1323	opposes 1.0	opposes 1.0	opposes 0.7466168093717125 favors 0.24772402537349064 __DUMMY__ 0.005659165254796859	false	1.0
N949	favors 1.0		favors 0.5820593889354135 opposes 0.401941089459393 __DUMMY__ 0.015999521605193485	true	1.0
N1328	opposes 1.0	opposes 1.0	opposes 0.7665309301917388 favors 0.22892331179031702 __DUMMY__ 0.004545758017944179	false	1.0
N1329	opposes 1.0		opposes 0.5108371122026747 favors 0.47377307408585306 __DUMMY__ 0.015389813711472359	true	1.0
N1326	favors 1.0	favors 1.0	favors 0.748993135095499 opposes 0.24577546644169201 __DUMMY__ 0.005231398462808874	false	1.0
N1327	favors 1.0		favors 0.648925694710395 opposes 0.3358919622548545 __DUMMY__ 0.015182343034750499	true	1.0
N934	favors 1.0	favors 1.0	favors 0.7604338256083462 opposes 0.23437183209883733 __DUMMY__ 0.0051943422928164215	false	1.0
N935	opposes 1.0		opposes 0.49587627190031525 favors 0.4889084308055041 __DUMMY__ 0.015215297294180558	true	1.0
N1790	opposes 1.0		opposes 0.5298668438255618 favors 0.45362939554720977 __DUMMY__ 0.016503760627228418	true	1.0
N936	opposes 1.0		opposes 0.5265234742860827 favors 0.45804031472616435 __DUMMY__ 0.015436210987753003	true	1.0
N937	opposes 1.0	opposes 1.0	opposes 0.685237010793486 favors 0.30961036118167584 __DUMMY__ 0.005152628024838214	false	1.0
N930	favors 1.0	favors 1.0	favors 0.7804287403254376 opposes 0.21474820501566502 __DUMMY__ 0.004823054658897425	false	1.0
N1793	opposes 1.0		opposes 0.5249136938292559 favors 0.4576731616861098 __DUMMY__ 0.01741314448463442	true	1.0
N931	opposes 1.0		favors 0.6452045170975489 opposes 0.3395787355964556 __DUMMY__ 0.015216747305995534	true	0.5
N1310	opposes 1.0	opposes 1.0	opposes 0.7681388299604679 favors 0.2273367147207089 __DUMMY__ 0.004524455318823247	false	1.0
N1794	opposes 1.0		favors 0.5040823279234854 opposes 0.4812970933498477 __DUMMY__ 0.014620578726666967	true	0.5
N932	opposes 1.0	opposes 1.0	opposes 0.7664443323783704 favors 0.22900390965383643 __DUMMY__ 0.004551757967793197	false	1.0
N1791	favors 1.0	favors 1.0	favors 0.7909704373181573 opposes 0.2038150699880984 __DUMMY__ 0.005214492693744297	false	1.0
N933	opposes 1.0	opposes 1.0	opposes 0.7407034847229679 favors 0.25475647181832284 __DUMMY__ 0.004540043458709157	false	1.0
N1792	favors 1.0	favors 1.0	favors 0.7638394884678494 opposes 0.23114237890182976 __DUMMY__ 0.00501813263032085	false	1.0
N1313	opposes 1.0		opposes 0.52894036712495 favors 0.4556896360660727 __DUMMY__ 0.015369996808977406	true	1.0
N1797	favors 1.0		favors 0.5850490169937675 opposes 0.3989245297927538 __DUMMY__ 0.016026453213478755	true	1.0
N1314	favors 1.0		favors 0.5796088627110407 opposes 0.4038426212634899 __DUMMY__ 0.016548516025469494	true	1.0
N1798	opposes 1.0	opposes 1.0	opposes 0.6464198513052025 favors 0.3490709292343503 __DUMMY__ 0.004509219460447171	false	1.0
N1311	opposes 1.0	opposes 1.0	opposes 0.7418728002368717 favors 0.25361523210445625 __DUMMY__ 0.004511967658672009	false	1.0
N1795	opposes 1.0		favors 0.557489311426425 opposes 0.42592487466536916 __DUMMY__ 0.016585813908205807	true	0.5
N1312	opposes 1.0	opposes 1.0	opposes 0.733377806178548 favors 0.2622169721361306 __DUMMY__ 0.0044052216853213465	false	1.0
N1796	favors 1.0	favors 1.0	favors 0.7484981188634627 opposes 0.2462441795698957 __DUMMY__ 0.005257701566641586	false	1.0
N938	opposes 1.0		favors 0.506530889602711 opposes 0.4768602917554127 __DUMMY__ 0.016608818641876334	true	0.5
N1317	opposes 1.0	opposes 1.0	opposes 0.7186334920308188 favors 0.27598404482854766 __DUMMY__ 0.005382463140633511	false	1.0
N939	favors 1.0	favors 1.0	favors 0.7658034688391859 opposes 0.2296571349439069 __DUMMY__ 0.004539396216907161	false	1.0
N1318	favors 1.0	favors 1.0	favors 0.7341018307419064 opposes 0.26102026504220566 __DUMMY__ 0.004877904215888022	false	1.0
N1315	opposes 1.0		favors 0.5068212952522693 opposes 0.47657221269241 __DUMMY__ 0.016606492055320724	true	0.5
N1799	opposes 1.0	opposes 1.0	opposes 0.7665487103859161 favors 0.22887367188342148 __DUMMY__ 0.004577617730662376	false	1.0
N1316	favors 1.0	favors 1.0	favors 0.7672890794659071 opposes 0.2282007391946419 __DUMMY__ 0.004510181339450986	false	1.0
N1319	opposes 1.0	opposes 1.0	opposes 0.699029928119864 favors 0.2970646909327356 __DUMMY__ 0.003905380947400475	false	1.0
N960	favors 1.0		favors 0.5553455862756577 opposes 0.42838222043930874 __DUMMY__ 0.01627219328503343	true	1.0
N961	favors 1.0		opposes 0.5243460184845515 favors 0.4582439960058306 __DUMMY__ 0.017409985509617854	true	0.5
N962	opposes 1.0	opposes 1.0	opposes 0.7247262653133978 favors 0.27118575184864246 __DUMMY__ 0.004087982837959755	false	1.0
N967	opposes 1.0		favors 0.549451199231458 opposes 0.4338911850965972 __DUMMY__ 0.01665761567194487	true	0.5
N1382	favors 1.0		favors 0.6474845581055338 opposes 0.33726141602078 __DUMMY__ 0.015254025873686104	true	1.0
N968	favors 1.0	favors 1.0	favors 0.7289016715029393 opposes 0.26663988464209193 __DUMMY__ 0.0044584438549687576	false	1.0
N1383	opposes 1.0		opposes 0.5549359331497905 favors 0.4295754848352706 __DUMMY__ 0.01548858201493894	true	1.0
N2230	opposes 1.0	opposes 1.0	opposes 0.7485559560826318 favors 0.2463353977241517 __DUMMY__ 0.005108646193216427	false	1.0
N969	favors 1.0	favors 1.0	favors 0.7123154696510942 opposes 0.2832097740551204 __DUMMY__ 0.004474756293785423	false	1.0
N1380	favors 1.0		favors 0.5280678843014657 opposes 0.4551897655162073 __DUMMY__ 0.016742350182326973	true	1.0
N1381	favors 1.0	favors 1.0	favors 0.7818451098741489 opposes 0.21332134527691998 __DUMMY__ 0.004833544848931235	false	1.0
N963	opposes 1.0		favors 0.5582708710429585 opposes 0.42514831254172136 __DUMMY__ 0.016580816415320245	true	0.5
N1386	opposes 1.0	opposes 1.0	opposes 0.730624122006818 favors 0.26492581250358865 __DUMMY__ 0.004450065489593208	false	1.0
N2233	favors 1.0	favors 1.0	favors 0.7121072452977774 opposes 0.28227499379775023 __DUMMY__ 0.005617760904472469	false	1.0
N964	favors 1.0	favors 1.0	favors 0.8131823876861235 opposes 0.18231330938753876 __DUMMY__ 0.00450430292633776	false	1.0
N1387	opposes 1.0	opposes 1.0	opposes 0.750531266029663 favors 0.24494284701760585 __DUMMY__ 0.004525886952731157	false	1.0
N2234	favors 1.0	favors 1.0	favors 0.7384217849133498 opposes 0.25753133355575347 __DUMMY__ 0.004046881530896846	false	1.0
N965	favors 1.0		opposes 0.5584844117062685 favors 0.42601838861755553 __DUMMY__ 0.015497199676175917	true	0.5
N1384	favors 1.0	favors 1.0	favors 0.7222183612613938 opposes 0.2732290508508732 __DUMMY__ 0.004552587887732994	false	1.0
N2231	favors 1.0		favors 0.6086585653775649 opposes 0.3749262335651513 __DUMMY__ 0.016415201057283845	true	1.0
N966	favors 1.0		opposes 0.5107097835591473 favors 0.4738373368782139 __DUMMY__ 0.015452879562638775	true	0.5
N1385	favors 1.0		favors 0.5513885141630942 opposes 0.4319827895266395 __DUMMY__ 0.01662869631026621	true	1.0
N2232	opposes 1.0	opposes 1.0	opposes 0.6952434885670685 favors 0.29979315103469767 __DUMMY__ 0.0049633603982339085	false	1.0
N2237	opposes 1.0	opposes 1.0	opposes 0.6798258708503736 favors 0.3153752430290464 __DUMMY__ 0.004798886120580054	false	1.0
N2238	favors 1.0	favors 1.0	favors 0.8135688420212003 opposes 0.1819795092997756 __DUMMY__ 0.004451648679024062	false	1.0
N1388	opposes 1.0		favors 0.579066256508185 opposes 0.4043336996173706 __DUMMY__ 0.016600043874444415	true	0.5
N2235	favors 1.0	favors 1.0	favors 0.7660990483555088 opposes 0.2287505211781164 __DUMMY__ 0.005150430466374754	false	1.0
N1389	opposes 1.0	opposes 1.0	opposes 0.7223792063466719 favors 0.27242615843580553 __DUMMY__ 0.005194635217522701	false	1.0
N2236	opposes 1.0		favors 0.5273523158804851 opposes 0.4559711672050054 __DUMMY__ 0.016676516914509512	true	0.5
N2239	favors 1.0	favors 1.0	favors 0.6962445010010719 opposes 0.2992268888221882 __DUMMY__ 0.0045286101767398786	false	1.0
N950	opposes 1.0		opposes 0.5549875135059956 favors 0.4295122095502778 __DUMMY__ 0.015500276943726432	true	1.0
N951	opposes 1.0	opposes 1.0	opposes 0.7396345214214803 favors 0.2558011166861182 __DUMMY__ 0.004564361892401435	false	1.0
N956	favors 1.0		favors 0.5124410749867163 opposes 0.4705340698620505 __DUMMY__ 0.017024855151233104	true	1.0
N1371	opposes 1.0		favors 0.5147489079972194 opposes 0.46825800820880886 __DUMMY__ 0.0169930837939716	true	0.5
N957	opposes 1.0	opposes 1.0	opposes 0.7255065837027067 favors 0.26958841387249916 __DUMMY__ 0.004905002424794149	false	1.0
N1372	favors 1.0	favors 1.0	favors 0.7357202035795541 opposes 0.2593912864756367 __DUMMY__ 0.004888509944809222	false	1.0
N958	opposes 1.0		favors 0.5503257199207268 opposes 0.4354024607651674 __DUMMY__ 0.014271819314105883	true	0.5
N959	opposes 1.0	opposes 1.0	opposes 0.749646867396601 favors 0.24518663455899067 __DUMMY__ 0.005166498044408298	false	1.0
N1370	favors 1.0	favors 1.0	favors 0.7678684630649529 opposes 0.22760299780011028 __DUMMY__ 0.004528539134936758	false	1.0
N952	opposes 1.0	opposes 1.0	opposes 0.7315934806721275 favors 0.2639412171868573 __DUMMY__ 0.004465302141015118	false	1.0
N1375	favors 1.0		favors 0.6086860794535034 opposes 0.37481688296198556 __DUMMY__ 0.016497037584511123	true	1.0
N2222	opposes 1.0	opposes 1.0	opposes 0.733288943211068 favors 0.2623040254767488 __DUMMY__ 0.004407031312183158	false	1.0
N953	favors 1.0		opposes 0.5286621777229218 favors 0.45590782775505956 __DUMMY__ 0.015429994522018747	true	0.5
N1376	favors 1.0	favors 1.0	favors 0.7652586845670013 opposes 0.22974434550759498 __DUMMY__ 0.0049969699254037445	false	1.0
N2223	favors 1.0	favors 1.0	favors 0.7124037874409525 opposes 0.2831129531026103 __DUMMY__ 0.004483259456437276	false	1.0
N954	favors 1.0	favors 1.0	favors 0.7770081830104378 opposes 0.2178126143066263 __DUMMY__ 0.005179202682935818	false	1.0
N1373	favors 1.0		favors 0.5521798690429345 opposes 0.4335372233928146 __DUMMY__ 0.014282907564250874	true	1.0
N2220	opposes 1.0	opposes 1.0	opposes 0.7416966170747324 favors 0.2537907599765848 __DUMMY__ 0.0045126229486827955	false	1.0
N955	favors 1.0	favors 1.0	favors 0.7384979198237862 opposes 0.2563093754111104 __DUMMY__ 0.005192704765103332	false	1.0
N1374	opposes 1.0	opposes 1.0	opposes 0.747832453426007 favors 0.24702335398070732 __DUMMY__ 0.005144192593285634	false	1.0
N2221	favors 1.0		favors 0.547064660071901 opposes 0.436380239355992 __DUMMY__ 0.016555100572107174	true	1.0
N1379	favors 1.0	favors 1.0	favors 0.7664592644862961 opposes 0.2283540323864559 __DUMMY__ 0.005186703127247975	false	1.0
N2226	opposes 1.0		favors 0.5598913489800881 opposes 0.42470002219102015 __DUMMY__ 0.015408628828891914	true	0.5
N2227	favors 1.0	favors 1.0	favors 0.7422671421302338 opposes 0.25238171972501156 __DUMMY__ 0.005351138144754606	false	1.0
N1377	opposes 1.0		opposes 0.5208845042763398 favors 0.461745866636299 __DUMMY__ 0.017369629087361223	true	1.0
N2224	favors 1.0	favors 1.0	favors 0.7776201346066304 opposes 0.2172525856490596 __DUMMY__ 0.005127279744310059	false	1.0
N1378	favors 1.0	favors 1.0	favors 0.7389280583234318 opposes 0.25698612687872635 __DUMMY__ 0.0040858147978418595	false	1.0
N2225	favors 1.0	favors 1.0	favors 0.7393518640355081 opposes 0.2555048219160676 __DUMMY__ 0.00514331404842433	false	1.0
N2228	opposes 1.0	opposes 1.0	opposes 0.7246698733353507 favors 0.2704774400254779 __DUMMY__ 0.004852686639171354	false	1.0
N2229	opposes 1.0		favors 0.5516599744651202 opposes 0.43414663565086753 __DUMMY__ 0.01419338988401231	true	0.5
N981	favors 1.0		favors 0.6494027651967506 opposes 0.33545700215437635 __DUMMY__ 0.015140232648873002	true	1.0
N982	opposes 1.0	opposes 1.0	opposes 0.7654045197237329 favors 0.23007518775107288 __DUMMY__ 0.004520292525194181	false	1.0
N983	favors 1.0	favors 1.0	favors 0.7215209924057323 opposes 0.2739712102420369 __DUMMY__ 0.004507797352230793	false	1.0
N500	favors 1.0		favors 0.5547923782365458 opposes 0.4289536480519327 __DUMMY__ 0.016253973711521385	true	1.0
N984	favors 1.0	favors 1.0	favors 0.7621137723137252 opposes 0.23272190703783074 __DUMMY__ 0.005164320648443933	false	1.0
N980	opposes 1.0		favors 0.5278177763038719 opposes 0.4555163582858815 __DUMMY__ 0.016665865410246547	true	0.5
N505	favors 1.0	favors 1.0	favors 0.8131369832417216 opposes 0.1823685979547141 __DUMMY__ 0.004494418803564372	false	1.0
N989	favors 1.0	favors 1.0	favors 0.7662660348439142 opposes 0.22923094190306215 __DUMMY__ 0.004503023253023766	false	1.0
N1360	favors 1.0	favors 1.0	favors 0.7659741789540222 opposes 0.22881716479730416 __DUMMY__ 0.005208656248673601	false	1.0
N506	opposes 1.0		opposes 0.559833191967659 favors 0.42469126081127223 __DUMMY__ 0.01547554722106875	true	1.0
N1361	opposes 1.0		favors 0.5270177279875387 opposes 0.4562134653601746 __DUMMY__ 0.016768806652286857	true	0.5
N507	opposes 1.0	opposes 1.0	opposes 0.7408933947275483 favors 0.25455262911975024 __DUMMY__ 0.004553976152701381	false	1.0
N508	opposes 1.0		favors 0.5488192920514259 opposes 0.4345396220795599 __DUMMY__ 0.01664108586901424	true	0.5
N501	opposes 1.0		opposes 0.5256442660828241 favors 0.4569584160141279 __DUMMY__ 0.017397317903047903	true	1.0
N985	favors 1.0	favors 1.0	favors 0.7299127675977977 opposes 0.26568481374434094 __DUMMY__ 0.004402418657861381	false	1.0
N1364	favors 1.0		opposes 0.5095563071370545 favors 0.4749926847562275 __DUMMY__ 0.015451008106718114	true	0.5
N2211	favors 1.0	favors 1.0	favors 0.7601355249194927 opposes 0.23597790297319168 __DUMMY__ 0.003886572107315708	false	1.0
N502	opposes 1.0		favors 0.503816715068638 opposes 0.48159665171206173 __DUMMY__ 0.014586633219300382	true	0.5
N986	opposes 1.0	opposes 1.0	opposes 0.7511306833270404 favors 0.2443775371067412 __DUMMY__ 0.004491779566218452	false	1.0
N1365	favors 1.0	favors 1.0	favors 0.7616477438733198 opposes 0.23312962532216647 __DUMMY__ 0.005222630804513873	false	1.0
N2212	favors 1.0	favors 1.0	favors 0.7075062986850331 opposes 0.28738165200480303 __DUMMY__ 0.005112049310163851	false	1.0
N503	favors 1.0	favors 1.0	favors 0.7483867939726195 opposes 0.24636279400616679 __DUMMY__ 0.0052504120212137646	false	1.0
N987	opposes 1.0	opposes 1.0	opposes 0.6842519099732102 favors 0.3106085361251972 __DUMMY__ 0.005139553901592749	false	1.0
N1362	favors 1.0		favors 0.5868391343425464 opposes 0.3971424913427791 __DUMMY__ 0.01601837431467451	true	1.0
N504	favors 1.0		favors 0.5854207996935685 opposes 0.3985772894589037 __DUMMY__ 0.01600191084752772	true	1.0
N988	opposes 1.0	opposes 1.0	opposes 0.7231941181466317 favors 0.2716508679929934 __DUMMY__ 0.005155013860374905	false	1.0
N1363	opposes 1.0		opposes 0.5573110269686872 favors 0.4271936907385062 __DUMMY__ 0.015495282292806676	true	1.0
N2210	favors 1.0		favors 0.4974697885199115 opposes 0.48658873897656235 __DUMMY__ 0.015941472503526163	true	1.0
N1368	favors 1.0	favors 1.0	favors 0.7778247343584536 opposes 0.2170159984593264 __DUMMY__ 0.005159267182220022	false	1.0
N2215	opposes 1.0	opposes 1.0	opposes 0.7481049729576247 favors 0.24626739122075803 __DUMMY__ 0.005627635821617346	false	1.0
N1369	favors 1.0	favors 1.0	favors 0.7398578317407104 opposes 0.2549685423509044 __DUMMY__ 0.005173625908385315	false	1.0
N2216	opposes 1.0	opposes 1.0	opposes 0.7259411027556721 favors 0.2700207212755397 __DUMMY__ 0.004038175968788155	false	1.0
N1366	favors 1.0		opposes 0.49406286459905874 favors 0.4906861259053469 __DUMMY__ 0.015251009495594346	true	0.5
N2213	opposes 1.0	opposes 1.0	opposes 0.6673723542912063 favors 0.3274755844505869 __DUMMY__ 0.005152061258206847	false	1.0
N1367	opposes 1.0		opposes 0.5256203051332601 favors 0.45895734274289274 __DUMMY__ 0.015422352123847082	true	1.0
N2214	favors 1.0	favors 1.0	favors 0.7629816769239223 opposes 0.23205367593906537 __DUMMY__ 0.004964647137012351	false	1.0
N509	opposes 1.0	opposes 1.0	opposes 0.7324404752431034 favors 0.26311042610030466 __DUMMY__ 0.004449098656591958	false	1.0
N2219	opposes 1.0	opposes 1.0	opposes 0.7676949356618636 favors 0.22778004168268573 __DUMMY__ 0.004525022655450652	false	1.0
N2217	favors 1.0		favors 0.5235307269315619 opposes 0.4597930517154524 __DUMMY__ 0.016676221352985642	true	1.0
N2218	favors 1.0		favors 0.6450905731930177 opposes 0.33976370705101694 __DUMMY__ 0.015145719755965402	true	1.0
N970	favors 1.0	favors 1.0	favors 0.7780487754048686 opposes 0.2168278506258748 __DUMMY__ 0.005123373969256649	false	1.0
N971	favors 1.0	favors 1.0	favors 0.7394667521251419 opposes 0.25539353870192577 __DUMMY__ 0.005139709172932242	false	1.0
N972	opposes 1.0	opposes 1.0	opposes 0.6946993343597315 favors 0.30081398069614135 __DUMMY__ 0.004486684944127161	false	1.0
N973	favors 1.0	favors 1.0	favors 0.7424054993297617 opposes 0.2522453848763586 __DUMMY__ 0.005349115793879522	false	1.0
N978	favors 1.0	favors 1.0	favors 0.738529933326428 opposes 0.25743507685918027 __DUMMY__ 0.004034989814391681	false	1.0
N979	favors 1.0	favors 1.0	favors 0.7664814331047728 opposes 0.22837232680408942 __DUMMY__ 0.005146240091137737	false	1.0
N1350	favors 1.0	favors 1.0	favors 0.7119834819317051 opposes 0.2834903914129949 __DUMMY__ 0.004526126655299994	false	1.0
N974	opposes 1.0	opposes 1.0	opposes 0.724471762608417 favors 0.2706818755058003 __DUMMY__ 0.004846361885782741	false	1.0
N1353	favors 1.0		favors 0.5135541888276112 opposes 0.46942421816442625 __DUMMY__ 0.017021593007962656	true	1.0
N2200	favors 1.0	favors 1.0	favors 0.7811878479155617 opposes 0.2139544206481887 __DUMMY__ 0.004857731436249493	false	1.0
N975	opposes 1.0	opposes 1.0	opposes 0.6984504824414055 favors 0.2976660473475689 __DUMMY__ 0.0038834702110256947	false	1.0
N1354	opposes 1.0	opposes 1.0	opposes 0.7248524505697196 favors 0.2702439407868529 __DUMMY__ 0.004903608643427559	false	1.0
N2201	opposes 1.0		opposes 0.5572942636523611 favors 0.4271824594903843 __DUMMY__ 0.015523276857254513	true	1.0
N976	favors 1.0		favors 0.6099763760286401 opposes 0.3736244054466312 __DUMMY__ 0.016399218524728677	true	1.0
N1351	favors 1.0		favors 0.5797778327442202 opposes 0.4036227614470446 __DUMMY__ 0.01659940580873524	true	1.0
N977	favors 1.0	favors 1.0	favors 0.7119843862787872 opposes 0.28239752217765934 __DUMMY__ 0.00561809154355348	false	1.0
N1352	opposes 1.0		favors 0.559781797799985 opposes 0.42473506889252904 __DUMMY__ 0.015483133307485969	true	0.5
N1357	favors 1.0	favors 1.0	favors 0.7921622025160643 opposes 0.20262927659759994 __DUMMY__ 0.005208520886335606	false	1.0
N2204	opposes 1.0		opposes 0.49443741267973024 favors 0.49028056524939184 __DUMMY__ 0.015282022070877765	true	1.0
N1358	favors 1.0	favors 1.0	favors 0.7115977167077827 opposes 0.28272596007055173 __DUMMY__ 0.005676323221665552	false	1.0
N2205	opposes 1.0	opposes 1.0	opposes 0.7517686050072631 favors 0.24375216718886106 __DUMMY__ 0.004479227803875864	false	1.0
N1355	opposes 1.0	opposes 1.0	opposes 0.6988682357453845 favors 0.29719006417194654 __DUMMY__ 0.003941700082669048	false	1.0
N2202	opposes 1.0		opposes 0.5098280733625772 favors 0.4746918995012347 __DUMMY__ 0.015480027136188084	true	1.0
N1356	opposes 1.0		opposes 0.5279536076794232 favors 0.45555104043265354 __DUMMY__ 0.016495351887923147	true	1.0
N2203	favors 1.0		favors 0.5498100185692494 opposes 0.4335115999472605 __DUMMY__ 0.016678381483490178	true	1.0
N2208	favors 1.0	favors 1.0	favors 0.7659225010768465 opposes 0.2295865273790723 __DUMMY__ 0.004490971544081247	false	1.0
