N1742	opposes 1.0	opposes 1.0	opposes 0.72453841510682 favors 0.2642185109044531 __DUMMY__ 0.01124307398872684	false	1.0
N1743	favors 1.0		favors 0.5195421765485637 opposes 0.453481767710103 __DUMMY__ 0.026976055741333334	true	1.0
N1740	opposes 1.0		favors 0.5889549677008973 opposes 0.3851564816964422 __DUMMY__ 0.025888550602660546	true	0.5
N1741	opposes 1.0		opposes 0.5476641689417199 favors 0.42593220825454253 __DUMMY__ 0.02640362280373747	true	1.0
N1746	opposes 1.0	opposes 1.0	opposes 0.7035422069660038 favors 0.285975812733063 __DUMMY__ 0.01048198030093327	false	1.0
N1747	opposes 1.0		favors 0.5023503354717052 opposes 0.4701492888687582 __DUMMY__ 0.027500375659536624	true	0.5
N1744	opposes 1.0		favors 0.4995845345264189 opposes 0.4749045049521405 __DUMMY__ 0.025510960521440588	true	0.5
N1745	opposes 1.0	opposes 1.0	opposes 0.7466622199089855 favors 0.2431146407155282 __DUMMY__ 0.01022313937548627	false	1.0
N1748	favors 1.0	favors 1.0	favors 0.7474763477910717 opposes 0.2421457401694449 __DUMMY__ 0.010377912039483284	false	1.0
N1749	opposes 1.0		favors 0.5014443264315258 opposes 0.4705456095181841 __DUMMY__ 0.028010064050290048	true	0.5
N1731	favors 1.0		opposes 0.512218710795367 favors 0.46271232809745794 __DUMMY__ 0.02506896110717506	true	0.5
N1732	favors 1.0	favors 1.0	favors 0.7487526207287968 opposes 0.24148726298886 __DUMMY__ 0.009760116282343191	false	1.0
N1730	opposes 1.0		favors 0.5012275854266643 opposes 0.47068799725615695 __DUMMY__ 0.028084417317178777	true	0.5
N1735	opposes 1.0	opposes 1.0	opposes 0.7395348442710602 favors 0.24851394292605597 __DUMMY__ 0.011951212802883856	false	1.0
N1736	opposes 1.0		favors 0.49041002889562346 opposes 0.4839520084910965 __DUMMY__ 0.02563796261328016	true	0.5
N1733	favors 1.0	favors 1.0	favors 0.7805281399552882 opposes 0.2085646932737521 __DUMMY__ 0.010907166770959594	false	1.0
N1734	favors 1.0	favors 1.0	favors 0.7488940972874697 opposes 0.2399566678776956 __DUMMY__ 0.011149234834834702	false	1.0
N1739	favors 1.0		favors 0.54598973894155 opposes 0.42669072398109 __DUMMY__ 0.0273195370773601	true	1.0
N1737	favors 1.0		favors 0.5404978782498545 opposes 0.4330323804448712 __DUMMY__ 0.026469741305274283	true	1.0
N1738	favors 1.0		favors 0.5167441814761671 opposes 0.45571821213796787 __DUMMY__ 0.027537606385865054	true	1.0
N1720	favors 1.0		favors 0.5456619583552742 opposes 0.42708413637376186 __DUMMY__ 0.027253905270964073	true	1.0
N1721	favors 1.0	favors 1.0	favors 0.7800812918601516 opposes 0.20966989999702856 __DUMMY__ 0.010248808142819784	false	1.0
N1724	favors 1.0	favors 1.0	favors 0.7457415182275766 opposes 0.24350738740968753 __DUMMY__ 0.010751094362735835	false	1.0
N1725	favors 1.0		favors 0.5021635273850112 opposes 0.4722746792747984 __DUMMY__ 0.025561793340190347	true	1.0
N1722	opposes 1.0	opposes 1.0	opposes 0.7568312030191678 favors 0.23273835050121341 __DUMMY__ 0.010430446479618754	false	1.0
N1723	favors 1.0		favors 0.4929908937404514 opposes 0.4793071375924454 __DUMMY__ 0.027701968667103224	true	1.0
N1728	opposes 1.0		favors 0.5022400803827182 opposes 0.4702428086970336 __DUMMY__ 0.027517110920248056	true	0.5
N1729	favors 1.0	favors 1.0	favors 0.7479193724462482 opposes 0.2417070915867945 __DUMMY__ 0.010373535966957378	false	1.0
N1726	opposes 1.0	opposes 1.0	opposes 0.7490276883896088 favors 0.2407693556176123 __DUMMY__ 0.010202955992778954	false	1.0
N1727	favors 1.0		favors 0.535557654995312 opposes 0.43803437339241713 __DUMMY__ 0.026407971612270792	true	1.0
N1710	favors 1.0	favors 1.0	favors 0.7374222340864226 opposes 0.2515905697020621 __DUMMY__ 0.01098719621151534	false	1.0
N1713	opposes 1.0	opposes 1.0	opposes 0.7380576572191337 favors 0.25213640354098477 __DUMMY__ 0.009805939239881543	false	1.0
N1714	opposes 1.0		favors 0.5287248508467095 opposes 0.44619295422422 __DUMMY__ 0.025082194929070472	true	0.5
N1711	opposes 1.0		favors 0.5250092945552602 opposes 0.4486920829255467 __DUMMY__ 0.026298622519193175	true	0.5
N1712	favors 1.0		favors 0.5036384857366653 opposes 0.468385876782465 __DUMMY__ 0.02797563748086971	true	1.0
N1717	favors 1.0		opposes 0.5071267162637045 favors 0.4641212639977115 __DUMMY__ 0.0287520197385841	true	0.5
N1718	favors 1.0		favors 0.4934020228738568 opposes 0.48092265429797926 __DUMMY__ 0.02567532282816398	true	1.0
N1715	opposes 1.0		opposes 0.49900046815129023 favors 0.47340259381750727 __DUMMY__ 0.027596938031202417	true	1.0
N1716	opposes 1.0		favors 0.528741551843978 opposes 0.4437533398377588 __DUMMY__ 0.027505108318263225	true	0.5
N1719	favors 1.0	favors 1.0	favors 0.7558597105891257 opposes 0.233609626240556 __DUMMY__ 0.01053066317031822	false	1.0
N1782	favors 1.0	favors 1.0	favors 0.7354155545922697 opposes 0.2545697758831714 __DUMMY__ 0.010014669524558874	false	1.0
N1783	opposes 1.0		opposes 0.5260796767721986 favors 0.44786293531298776 __DUMMY__ 0.026057387914813667	true	1.0
N1780	favors 1.0		favors 0.49217514793696043 opposes 0.4801294295775384 __DUMMY__ 0.0276954224855011	true	1.0
N1781	favors 1.0	favors 1.0	favors 0.7450383532769977 opposes 0.24421964322775944 __DUMMY__ 0.01074200349524289	false	1.0
N1302	opposes 1.0	opposes 1.0	opposes 0.6763001555296302 favors 0.3128406696378191 __DUMMY__ 0.010859174832550647	false	1.0
N1786	favors 1.0	favors 1.0	favors 0.7458674599104799 opposes 0.24374302801825629 __DUMMY__ 0.010389512071263813	false	1.0
N1303	favors 1.0	favors 1.0	favors 0.7458772458050483 opposes 0.2430203213810846 __DUMMY__ 0.01110243281386711	false	1.0
N1787	opposes 1.0	opposes 1.0	opposes 0.7208861149858514 favors 0.2677855255744543 __DUMMY__ 0.011328359439694347	false	1.0
N1300	favors 1.0		opposes 0.5160266955134011 favors 0.4588215471729238 __DUMMY__ 0.025151757313675194	true	0.5
N1784	opposes 1.0	opposes 1.0	opposes 0.7046519799870408 favors 0.28484841517786086 __DUMMY__ 0.010499604835098375	false	1.0
N1301	favors 1.0		favors 0.5213171217699463 opposes 0.4536044780140693 __DUMMY__ 0.025078400215984346	true	1.0
N1785	opposes 1.0	opposes 1.0	opposes 0.720841193699021 favors 0.26812849729582505 __DUMMY__ 0.01103030900515396	false	1.0
N1306	opposes 1.0		favors 0.5326819154826974 opposes 0.44082119348936205 __DUMMY__ 0.026496891027940558	true	0.5
N1307	favors 1.0		favors 0.5107642462746963 opposes 0.46172296983068234 __DUMMY__ 0.027512783894621383	true	1.0
N1304	opposes 1.0		opposes 0.5164521439326267 favors 0.45470666693284534 __DUMMY__ 0.028841189134527965	true	1.0
N1788	opposes 1.0		opposes 0.512518163654898 favors 0.462195727044132 __DUMMY__ 0.02528610930097014	true	1.0
N1305	opposes 1.0		opposes 0.48847281375432167 favors 0.4858403266230564 __DUMMY__ 0.025686859622622113	true	1.0
N1789	favors 1.0		favors 0.5222374710837084 opposes 0.45254854592261406 __DUMMY__ 0.025213982993677487	true	1.0
N1308	favors 1.0		favors 0.5389487583922016 opposes 0.4337473739385952 __DUMMY__ 0.027303867669203157	true	1.0
N1309	opposes 1.0	opposes 1.0	opposes 0.6768103699853999 favors 0.3129108914687235 __DUMMY__ 0.010278738545876664	false	1.0
N1771	favors 1.0		favors 0.5268145200107155 opposes 0.4480331100059911 __DUMMY__ 0.02515236998329336	true	1.0
N1772	opposes 1.0	opposes 1.0	opposes 0.7339224839236006 favors 0.2549584085816926 __DUMMY__ 0.011119107494706819	false	1.0
N1770	favors 1.0	favors 1.0	favors 0.7171371179361152 opposes 0.2730376574784561 __DUMMY__ 0.009825224585428788	false	1.0
N1775	favors 1.0		opposes 0.5071845313111151 favors 0.46410033610062645 __DUMMY__ 0.028715132588258432	true	0.5
N1776	favors 1.0	favors 1.0	favors 0.7312911349857674 opposes 0.25866692671686703 __DUMMY__ 0.010041938297365657	false	1.0
N1773	opposes 1.0		favors 0.5810016814253199 opposes 0.392060022662025 __DUMMY__ 0.02693829591265514	true	0.5
N2620	favors 1.0	favors 1.0	favors 0.7347330681831341 opposes 0.25533045879479993 __DUMMY__ 0.009936473022065889	false	1.0
N1774	opposes 1.0	opposes 1.0	opposes 0.7054746338508237 favors 0.28348720162789676 __DUMMY__ 0.011038164521279611	false	1.0
N1779	opposes 1.0	opposes 1.0	opposes 0.756552078278894 favors 0.23301645554429548 __DUMMY__ 0.010431466176810476	false	1.0
N1777	favors 1.0	favors 1.0	favors 0.7547963618542469 opposes 0.2346760644331302 __DUMMY__ 0.010527573712622775	false	1.0
N1778	favors 1.0		favors 0.5817619957531484 opposes 0.39226267879849613 __DUMMY__ 0.02597532544835539	true	1.0
N901	favors 1.0	favors 1.0	favors 0.737001194661502 opposes 0.2517860198638979 __DUMMY__ 0.011212785474600069	false	1.0
N902	opposes 1.0		opposes 0.5017252592417065 favors 0.47296466498080036 __DUMMY__ 0.025310075777493193	true	1.0
N903	opposes 1.0		favors 0.5266039701490116 opposes 0.4481495840686431 __DUMMY__ 0.025246445782345268	true	0.5
N904	opposes 1.0	opposes 1.0	opposes 0.7308019399044337 favors 0.25811829103943107 __DUMMY__ 0.011079769056135287	false	1.0
N1760	opposes 1.0	opposes 1.0	opposes 0.6778328722959212 favors 0.3118703691868251 __DUMMY__ 0.010296758517253722	false	1.0
N1761	opposes 1.0		opposes 0.5396146341091621 favors 0.4338827329683835 __DUMMY__ 0.026502632922454375	true	1.0
N900	opposes 1.0	opposes 1.0	opposes 0.708497859562809 favors 0.2811365707184389 __DUMMY__ 0.010365569718752214	false	1.0
N909	opposes 1.0		favors 0.5366937916362823 opposes 0.4368442398171049 __DUMMY__ 0.026461968546612785	true	0.5
N1764	opposes 1.0		favors 0.4999820243605075 opposes 0.474306206098999 __DUMMY__ 0.02571176954049354	true	0.5
N2611	favors 1.0		opposes 0.5087741003793658 favors 0.462660725761009 __DUMMY__ 0.02856517385962543	true	0.5
N1765	favors 1.0		opposes 0.5209977296713161 favors 0.45301291851626674 __DUMMY__ 0.025989351812417086	true	0.5
N2612	favors 1.0		favors 0.4914809404160127 opposes 0.48294291777308923 __DUMMY__ 0.025576141810897984	true	1.0
N1762	opposes 1.0		favors 0.4912810500686867 opposes 0.4809693789903398 __DUMMY__ 0.027749570940973408	true	0.5
N1763	opposes 1.0		favors 0.5176825628300183 opposes 0.4552939680810581 __DUMMY__ 0.027023469088923457	true	0.5
N2610	opposes 1.0		favors 0.5258753641877132 opposes 0.44676684711690146 __DUMMY__ 0.02735778869538529	true	0.5
N905	opposes 1.0		favors 0.5751788097030177 opposes 0.3979699144516519 __DUMMY__ 0.026851275845330418	true	0.5
N1768	opposes 1.0		favors 0.5234279923892876 opposes 0.45024476097617167 __DUMMY__ 0.026327246634540728	true	0.5
N2615	opposes 1.0	opposes 1.0	opposes 0.6977685339580044 favors 0.29143373565251196 __DUMMY__ 0.010797730389483638	false	1.0
N906	opposes 1.0		favors 0.5266655125337365 opposes 0.4459491055004945 __DUMMY__ 0.027385381965769007	true	0.5
N1769	favors 1.0		favors 0.502533106140083 opposes 0.46950561844447813 __DUMMY__ 0.027961275415438903	true	1.0
N2616	favors 1.0	favors 1.0	favors 0.7777721565988712 opposes 0.21205836094278294 __DUMMY__ 0.01016948245834578	false	1.0
N907	favors 1.0	favors 1.0	favors 0.7172180685049245 opposes 0.271132453873444 __DUMMY__ 0.011649477621631517	false	1.0
N1766	favors 1.0		favors 0.5338305935132764 opposes 0.43973804026180924 __DUMMY__ 0.02643136622491429	true	1.0
N2613	opposes 1.0	opposes 1.0	opposes 0.7000685185764023 favors 0.2894892406487064 __DUMMY__ 0.010442240774891344	false	1.0
N908	favors 1.0		favors 0.49530908568531246 opposes 0.4789240502990922 __DUMMY__ 0.02576686401559545	true	1.0
N1767	favors 1.0		favors 0.5034385349394389 opposes 0.469118639762823 __DUMMY__ 0.027442825297738217	true	1.0
N2614	opposes 1.0		favors 0.5156379536473643 opposes 0.45705286965338177 __DUMMY__ 0.02730917669925382	true	0.5
N2619	opposes 1.0		favors 0.5181208920301491 opposes 0.45508880671562535 __DUMMY__ 0.02679030125422567	true	0.5
N2617	favors 1.0	favors 1.0	favors 0.6986046377606947 opposes 0.2910365721081374 __DUMMY__ 0.010358790131167878	false	1.0
N2618	favors 1.0	favors 1.0	favors 0.7300012768151192 opposes 0.2589404294378349 __DUMMY__ 0.011058293747045922	false	1.0
N1750	favors 1.0	favors 1.0	favors 0.7170385168208738 opposes 0.273087184611402 __DUMMY__ 0.009874298567724172	false	1.0
N1753	favors 1.0		favors 0.5778842292501138 opposes 0.3950938574819747 __DUMMY__ 0.027021913267911417	true	1.0
N2600	opposes 1.0	opposes 1.0	opposes 0.7226606652036291 favors 0.2672898911461397 __DUMMY__ 0.010049443650231171	false	1.0
N1754	favors 1.0		favors 0.5252652776772254 opposes 0.4471705444270359 __DUMMY__ 0.027564177895738742	true	1.0
N2601	favors 1.0		opposes 0.5224541162238607 favors 0.451700355702467 __DUMMY__ 0.025845528073672176	true	0.5
N1751	favors 1.0		favors 0.5251642023328622 opposes 0.4495741782217566 __DUMMY__ 0.02526161944538112	true	1.0
N1752	favors 1.0		opposes 0.4998433527389864 favors 0.47249898703037063 __DUMMY__ 0.02765766023064301	true	0.5
N1757	favors 1.0	favors 1.0	favors 0.753834967559501 opposes 0.23560032345822965 __DUMMY__ 0.010564708982269435	false	1.0
N2604	opposes 1.0		favors 0.5225090500621331 opposes 0.4513007588804008 __DUMMY__ 0.02619019105746618	true	0.5
N1758	favors 1.0		favors 0.5152850972549411 opposes 0.4571983389859391 __DUMMY__ 0.027516563759119927	true	1.0
N2605	favors 1.0	favors 1.0	favors 0.7356851284027991 opposes 0.2531185562894991 __DUMMY__ 0.011196315307701814	false	1.0
N1755	opposes 1.0		opposes 0.5075363080567974 favors 0.4637092485602803 __DUMMY__ 0.028754443382922358	true	1.0
N2602	favors 1.0		favors 0.532874082173227 opposes 0.44084564904592033 __DUMMY__ 0.026280268780852795	true	1.0
N1756	opposes 1.0		favors 0.49172357369930086 opposes 0.48246495381284155 __DUMMY__ 0.02581147248785756	true	0.5
N2603	favors 1.0	favors 1.0	favors 0.7363742196909097 opposes 0.2527225573149909 __DUMMY__ 0.010903222994099536	false	1.0
N2608	opposes 1.0	opposes 1.0	opposes 0.7346778998753496 favors 0.2542820589286085 __DUMMY__ 0.011040041196041938	false	1.0
N2609	opposes 1.0		favors 0.5801824634243024 opposes 0.3930541475115182 __DUMMY__ 0.026763389064179327	true	0.5
N1759	favors 1.0	favors 1.0	favors 0.7575537718902182 opposes 0.23154878645479965 __DUMMY__ 0.01089744165498214	false	1.0
N2606	opposes 1.0	opposes 1.0	opposes 0.7390875444303109 favors 0.251169920329391 __DUMMY__ 0.009742535240298018	false	1.0
N2607	opposes 1.0	opposes 1.0	opposes 0.7072322917831271 favors 0.28307130576048023 __DUMMY__ 0.0096964024563926	false	1.0
N923	favors 1.0		opposes 0.5038698196117005 favors 0.4684601318477015 __DUMMY__ 0.027670048540597854	true	0.5
N924	favors 1.0		favors 0.5760881153789824 opposes 0.39689264209383457 __DUMMY__ 0.027019242527182886	true	1.0
N925	favors 1.0		favors 0.5226444019041461 opposes 0.4497814826437636 __DUMMY__ 0.027574115452090403	true	1.0
N926	opposes 1.0	opposes 1.0	opposes 0.7402673596895115 favors 0.24794535103238674 __DUMMY__ 0.011787289278101664	false	1.0
N1342	opposes 1.0	opposes 1.0	opposes 0.7260446893571149 favors 0.2639514051086533 __DUMMY__ 0.010003905534231895	false	1.0
N920	opposes 1.0	opposes 1.0	opposes 0.7207181840898608 favors 0.2679778523227105 __DUMMY__ 0.01130396358742876	false	1.0
N1343	favors 1.0		favors 0.5370067489791793 opposes 0.4365804501195461 __DUMMY__ 0.026412800901274763	true	1.0
N921	favors 1.0		opposes 0.511396100588659 favors 0.463309152476531 __DUMMY__ 0.025294746934809993	true	0.5
N1340	favors 1.0	favors 1.0	favors 0.7486254800390838 opposes 0.24037035849784055 __DUMMY__ 0.011004161463075628	false	1.0
N922	favors 1.0		favors 0.5224757783958187 opposes 0.45230083715405744 __DUMMY__ 0.025223384450123752	true	1.0
N1341	opposes 1.0		opposes 0.5087361247125354 favors 0.46261389867384517 __DUMMY__ 0.028649976613619527	true	1.0
N1346	opposes 1.0	opposes 1.0	opposes 0.7573675616417399 favors 0.23223696396663304 __DUMMY__ 0.010395474391627163	false	1.0
N1347	opposes 1.0		favors 0.49100125628240815 opposes 0.48136847058393223 __DUMMY__ 0.027630273133659643	true	0.5
N1344	favors 1.0		favors 0.5156389525189777 opposes 0.4569738941015697 __DUMMY__ 0.027387153379452505	true	1.0
N1345	favors 1.0	favors 1.0	favors 0.7778464692960877 opposes 0.21194201929012801 __DUMMY__ 0.01021151141378433	false	1.0
N927	opposes 1.0		favors 0.4886163418125967 opposes 0.48559583195648315 __DUMMY__ 0.025787826230920127	true	0.5
N928	favors 1.0		favors 0.5332942774273052 opposes 0.4401307447648768 __DUMMY__ 0.026574977807818083	true	1.0
N929	favors 1.0		favors 0.5124463149059418 opposes 0.4600272445753488 __DUMMY__ 0.02752644051870937	true	1.0
N1348	favors 1.0	favors 1.0	favors 0.7444062499186563 opposes 0.244889907967527 __DUMMY__ 0.010703842113816767	false	1.0
N1349	opposes 1.0	opposes 1.0	opposes 0.7211062799538712 favors 0.2689192983605559 __DUMMY__ 0.00997442168557287	false	1.0
N912	favors 1.0		favors 0.5761667406391722 opposes 0.39784318484477615 __DUMMY__ 0.025990074516051682	true	1.0
N913	favors 1.0		favors 0.49499812994798037 opposes 0.47743658005643 __DUMMY__ 0.027565289995589607	true	1.0
N914	opposes 1.0		favors 0.5197289167838248 opposes 0.45339476775654736 __DUMMY__ 0.02687631545962797	true	0.5
N915	favors 1.0	favors 1.0	favors 0.7361468917672437 opposes 0.25378161194763776 __DUMMY__ 0.010071496285118416	false	1.0
N1331	favors 1.0		favors 0.5005832249422106 opposes 0.47386508132083927 __DUMMY__ 0.025551693736950147	true	1.0
N1332	opposes 1.0		opposes 0.5224321147714002 favors 0.45165132675086983 __DUMMY__ 0.025916558477730035	true	1.0
N910	opposes 1.0	opposes 1.0	opposes 0.7106954539378452 favors 0.27835416048931494 __DUMMY__ 0.010950385572839947	false	1.0
N911	favors 1.0		favors 0.5416700856705134 opposes 0.4311625938113523 __DUMMY__ 0.027167320518134322	true	1.0
N1330	favors 1.0	favors 1.0	favors 0.744818664274186 opposes 0.24441577712475338 __DUMMY__ 0.010765558601060675	false	1.0
N1335	favors 1.0	favors 1.0	favors 0.747629056268624 opposes 0.2420616041006356 __DUMMY__ 0.010309339630740462	false	1.0
N1336	opposes 1.0	opposes 1.0	opposes 0.7191794529791697 favors 0.26958636716106865 __DUMMY__ 0.011234179859761455	false	1.0
N1333	favors 1.0		favors 0.5328893710890252 opposes 0.44075406637178444 __DUMMY__ 0.026356562539190248	true	1.0
N1334	favors 1.0		favors 0.5023565666151102 opposes 0.47026588968664357 __DUMMY__ 0.027377543698246215	true	1.0
N916	opposes 1.0	opposes 1.0	opposes 0.7486075544522572 favors 0.2411704643186054 __DUMMY__ 0.010221981229137377	false	1.0
N1339	favors 1.0		favors 0.580246292897855 opposes 0.39289957365987027 __DUMMY__ 0.026854133442274674	true	1.0
N917	opposes 1.0		favors 0.5296307299277997 opposes 0.4438688223288042 __DUMMY__ 0.026500447743395883	true	0.5
N918	opposes 1.0		favors 0.499420722254011 opposes 0.4730701431206777 __DUMMY__ 0.027509134625311283	true	0.5
N1337	favors 1.0	favors 1.0	favors 0.71632899984012 opposes 0.2738890647883678 __DUMMY__ 0.00978193537151232	false	1.0
N919	favors 1.0		favors 0.5196167795754743 opposes 0.4539931749230342 __DUMMY__ 0.026390045501491405	true	1.0
N1338	favors 1.0		favors 0.5257966082438364 opposes 0.4491366753025048 __DUMMY__ 0.025066716453658683	true	1.0
N940	opposes 1.0		favors 0.5044441868156686 opposes 0.4677462741006905 __DUMMY__ 0.02780953908364094	true	0.5
N945	favors 1.0	favors 1.0	favors 0.7486891889600061 opposes 0.24030494864613985 __DUMMY__ 0.011005862393853984	false	1.0
N946	opposes 1.0		opposes 0.5016637313969585 favors 0.46987133465143843 __DUMMY__ 0.028464933951602944	true	1.0
N947	opposes 1.0	opposes 1.0	opposes 0.7235855338747509 favors 0.26632307100403957 __DUMMY__ 0.0100913951212096	false	1.0
N948	favors 1.0	favors 1.0	favors 0.7441345080048558 opposes 0.24491510642230424 __DUMMY__ 0.010950385572839944	false	1.0
N941	favors 1.0	favors 1.0	favors 0.7195043686038529 opposes 0.2705915807308189 __DUMMY__ 0.00990405066532812	false	1.0
N1320	favors 1.0		opposes 0.5011228663813794 favors 0.4712649805130262 __DUMMY__ 0.02761215310559443	true	0.5
N942	favors 1.0	favors 1.0	favors 0.7485610209460304 opposes 0.2415786232697914 __DUMMY__ 0.009860355784178192	false	1.0
N1321	favors 1.0	favors 1.0	favors 0.7789512641375448 opposes 0.21022066130560232 __DUMMY__ 0.010828074556852989	false	1.0
N943	favors 1.0	favors 1.0	favors 0.7219771635732982 opposes 0.26694306737056656 __DUMMY__ 0.011079769056135284	false	1.0
N944	opposes 1.0		favors 0.5751788097030178 opposes 0.3979699144516517 __DUMMY__ 0.026851275845330407	true	0.5
N1324	opposes 1.0	opposes 1.0	opposes 0.7255845867235903 favors 0.26438233475893774 __DUMMY__ 0.010033078517471886	false	1.0
N1325	favors 1.0		favors 0.5392409840773376 opposes 0.4342948322859642 __DUMMY__ 0.026464183636698144	true	1.0
N1322	favors 1.0	favors 1.0	favors 0.7491617159171016 opposes 0.23976467659610093 __DUMMY__ 0.011073607486797496	false	1.0
N1323	opposes 1.0		opposes 0.509308309483765 favors 0.4619105220985762 __DUMMY__ 0.028781168417658768	true	1.0
N949	favors 1.0		favors 0.5416700856705132 opposes 0.4311625938113524 __DUMMY__ 0.02716732051813432	true	1.0
N1328	opposes 1.0	opposes 1.0	opposes 0.7579727735596496 favors 0.23158815778440137 __DUMMY__ 0.010439068655948907	false	1.0
N1329	opposes 1.0		favors 0.4913374916316978 opposes 0.4809449119235435 __DUMMY__ 0.0277175964447586	true	0.5
N1326	favors 1.0		favors 0.5168659032097115 opposes 0.45566322207599197 __DUMMY__ 0.02747087471429659	true	1.0
N1327	favors 1.0		favors 0.5849587641817603 opposes 0.38912342533414823 __DUMMY__ 0.025917810484091513	true	1.0
N934	favors 1.0	favors 1.0	favors 0.7425939642083103 opposes 0.2466219254454423 __DUMMY__ 0.010784110346247374	false	1.0
N935	opposes 1.0		favors 0.4968769172438045 opposes 0.47743885465159597 __DUMMY__ 0.025684228104599548	true	0.5
N1790	opposes 1.0		opposes 0.5049383920223369 favors 0.4673638170882058 __DUMMY__ 0.027697790889457105	true	1.0
N936	opposes 1.0		opposes 0.5149498853746199 favors 0.45903925006688157 __DUMMY__ 0.02601086455849862	true	1.0
N937	opposes 1.0		favors 0.5329976337054244 opposes 0.44059093923173387 __DUMMY__ 0.02641142706284182	true	0.5
N930	favors 1.0	favors 1.0	favors 0.7562206088785195 opposes 0.23286927318393189 __DUMMY__ 0.010910117937548643	false	1.0
N1793	opposes 1.0		opposes 0.5128075831539807 favors 0.45835923559467284 __DUMMY__ 0.028833181251346637	true	1.0
N931	opposes 1.0		favors 0.577132968763949 opposes 0.3968156615299826 __DUMMY__ 0.02605136970606835	true	0.5
N1310	opposes 1.0	opposes 1.0	opposes 0.7615049657874997 favors 0.22803614863221142 __DUMMY__ 0.0104588855802889	false	1.0
N1794	opposes 1.0		favors 0.48794421935637305 opposes 0.48626824404741553 __DUMMY__ 0.02578753659621138	true	0.5
N932	opposes 1.0	opposes 1.0	opposes 0.7586591906661898 favors 0.230871774641688 __DUMMY__ 0.01046903469212221	false	1.0
N1791	favors 1.0	favors 1.0	favors 0.775091473464799 opposes 0.21404290108284174 __DUMMY__ 0.010865625452359307	false	1.0
N933	opposes 1.0	opposes 1.0	opposes 0.7263586272300163 favors 0.2624742887087818 __DUMMY__ 0.011167084061201852	false	1.0
N1792	favors 1.0		favors 0.522414358342144 opposes 0.44998708809971644 __DUMMY__ 0.027598553558139526	true	1.0
N1313	opposes 1.0		opposes 0.5233772089649753 favors 0.45067742413733314 __DUMMY__ 0.02594536689769155	true	1.0
N1797	favors 1.0		favors 0.539176757428481 opposes 0.433473938552049 __DUMMY__ 0.027349304019469965	true	1.0
N1314	favors 1.0		favors 0.5347087053298368 opposes 0.4388894739700828 __DUMMY__ 0.02640182070008023	true	1.0
N1798	opposes 1.0	opposes 1.0	opposes 0.6779960256273053 favors 0.3116934509154372 __DUMMY__ 0.010310523457257513	false	1.0
N1311	opposes 1.0	opposes 1.0	opposes 0.7275147738309228 favors 0.2612903662336324 __DUMMY__ 0.011194859935444817	false	1.0
N1795	opposes 1.0		favors 0.533206797117862 opposes 0.44020718050734964 __DUMMY__ 0.026586022374788264	true	0.5
N1312	opposes 1.0		favors 0.49438871602513623 opposes 0.48004117618108216 __DUMMY__ 0.02557010779378155	true	0.5
N1796	favors 1.0		favors 0.5120685102588838 opposes 0.46038038011544696 __DUMMY__ 0.02755110962566922	true	1.0
N938	opposes 1.0		favors 0.5052426548796146 opposes 0.4674181336137857 __DUMMY__ 0.027339211506599646	true	0.5
N1317	opposes 1.0	opposes 1.0	opposes 0.718443791904516 favors 0.27024790320568565 __DUMMY__ 0.011308304889798308	false	1.0
N939	favors 1.0	favors 1.0	favors 0.7478880841910803 opposes 0.24174634609016749 __DUMMY__ 0.01036556971875221	false	1.0
N1318	favors 1.0	favors 1.0	favors 0.7156416914652918 opposes 0.2745504860334207 __DUMMY__ 0.009807822501287469	false	1.0
N1315	opposes 1.0		favors 0.5030661302423634 opposes 0.46947824788288733 __DUMMY__ 0.02745562187474923	true	0.5
N1799	opposes 1.0	opposes 1.0	opposes 0.7593540885439545 favors 0.2301645700575664 __DUMMY__ 0.010481341398479109	false	1.0
N1316	favors 1.0	favors 1.0	favors 0.7481237208530317 opposes 0.24152968889547505 __DUMMY__ 0.010346590251493265	false	1.0
N1319	opposes 1.0		favors 0.5274204779838952 opposes 0.44751418369134566 __DUMMY__ 0.02506533832475906	true	0.5
N960	favors 1.0		favors 0.5241977411297826 opposes 0.4481709087421407 __DUMMY__ 0.027631350128076684	true	1.0
N961	favors 1.0		opposes 0.5111209462330738 favors 0.4600049646731209 __DUMMY__ 0.02887408909380522	true	0.5
N962	opposes 1.0	opposes 1.0	opposes 0.7269703839110763 favors 0.2629348156494909 __DUMMY__ 0.01009480043943296	false	1.0
N967	opposes 1.0		favors 0.5162371734362282 opposes 0.4566901743741886 __DUMMY__ 0.02707265218958324	true	0.5
N1382	favors 1.0		favors 0.5825325851713657 opposes 0.3913715500372307 __DUMMY__ 0.02609586479140356	true	1.0
N968	favors 1.0	favors 1.0	favors 0.7336477508631993 opposes 0.2562820877807328 __DUMMY__ 0.010070161356067876	false	1.0
N1383	opposes 1.0		opposes 0.5363555325609277 favors 0.4371236687285373 __DUMMY__ 0.026520798710535035	true	1.0
N2230	opposes 1.0	opposes 1.0	opposes 0.7335336407746617 favors 0.25536602574681627 __DUMMY__ 0.011100333478522162	false	1.0
N969	favors 1.0		opposes 0.5214241780632333 favors 0.4526941322779592 __DUMMY__ 0.02588168965880754	true	0.5
N1380	favors 1.0		favors 0.5187092542219097 opposes 0.45375497684615224 __DUMMY__ 0.027535768931937966	true	1.0
N1381	favors 1.0	favors 1.0	favors 0.7593647331195846 opposes 0.2297280954932076 __DUMMY__ 0.010907171387207724	false	1.0
N963	opposes 1.0		favors 0.5352584298143168 opposes 0.4381225277817468 __DUMMY__ 0.02661904240393637	true	0.5
N1386	opposes 1.0		favors 0.5033557387651091 opposes 0.4709135319258035 __DUMMY__ 0.025730729309087392	true	0.5
N2233	favors 1.0		opposes 0.5065584802020113 favors 0.46476606381973207 __DUMMY__ 0.028675455978256683	true	0.5
N964	favors 1.0		favors 0.5799249326100465 opposes 0.3939912298030145 __DUMMY__ 0.026083837586938934	true	1.0
N1387	opposes 1.0	opposes 1.0	opposes 0.747670900608921 favors 0.2421117088149256 __DUMMY__ 0.010217390576153387	false	1.0
N2234	favors 1.0		favors 0.4931912608243417 opposes 0.48112131267462355 __DUMMY__ 0.025687426501034748	true	1.0
N965	favors 1.0		opposes 0.543977580119834 favors 0.4294947746004134 __DUMMY__ 0.02652764527975262	true	0.5
N1384	favors 1.0	favors 1.0	favors 0.7321114648990349 opposes 0.2567299435893993 __DUMMY__ 0.011158591511565867	false	1.0
N2231	favors 1.0		favors 0.5817587763295091 opposes 0.39134662434423745 __DUMMY__ 0.026894599326253436	true	1.0
N966	favors 1.0		favors 0.4889675564559628 opposes 0.483210699617437 __DUMMY__ 0.027821743926599987	true	1.0
N1385	favors 1.0		favors 0.5212884482818513 opposes 0.45166786985035007 __DUMMY__ 0.027043681867798732	true	1.0
N2232	opposes 1.0	opposes 1.0	opposes 0.7051125637079223 favors 0.2838666347452623 __DUMMY__ 0.011020801546815395	false	1.0
N2237	opposes 1.0		favors 0.5439788481987512 opposes 0.4287987934575181 __DUMMY__ 0.027222358343730872	true	0.5
N2238	favors 1.0	favors 1.0	favors 0.7786160642358034 opposes 0.2111486852728005 __DUMMY__ 0.010235250491396045	false	1.0
N1388	opposes 1.0		favors 0.5335735939017034 opposes 0.43994803733437815 __DUMMY__ 0.026478368763918455	true	0.5
N2235	favors 1.0		favors 0.538760432478439 opposes 0.43478471711310673 __DUMMY__ 0.02645485040845415	true	1.0
N1389	opposes 1.0	opposes 1.0	opposes 0.7189059403963712 favors 0.27006516899426425 __DUMMY__ 0.011028890609364532	false	1.0
N2236	opposes 1.0		favors 0.5173396272502596 opposes 0.45524136651507396 __DUMMY__ 0.027419006234666428	true	0.5
N2239	favors 1.0		opposes 0.5393680332411843 favors 0.43424153152661604 __DUMMY__ 0.026390435232199694	true	0.5
N950	opposes 1.0		opposes 0.5321452522092647 favors 0.4414456433227069 __DUMMY__ 0.026409104468028438	true	1.0
N951	opposes 1.0	opposes 1.0	opposes 0.7223695997031163 favors 0.2665423573208769 __DUMMY__ 0.011088042976006738	false	1.0
N956	favors 1.0		favors 0.4995217801986492 opposes 0.4723864021709252 __DUMMY__ 0.028091817630425637	true	1.0
N1371	opposes 1.0		favors 0.5047326098418673 opposes 0.4672389703500266 __DUMMY__ 0.02802841980810621	true	0.5
N957	opposes 1.0	opposes 1.0	opposes 0.7402898787818853 favors 0.2498302930983405 __DUMMY__ 0.009879828119774132	false	1.0
N1372	favors 1.0	favors 1.0	favors 0.718941411796724 opposes 0.2711740658836918 __DUMMY__ 0.009884522319584073	false	1.0
N958	opposes 1.0		favors 0.5240655378129215 opposes 0.45069609797504656 __DUMMY__ 0.02523836421203189	true	0.5
N959	opposes 1.0	opposes 1.0	opposes 0.7358896799916852 favors 0.25290683964124117 __DUMMY__ 0.011203480367073634	false	1.0
N1370	favors 1.0		favors 0.5251104592051313 opposes 0.44847089569973153 __DUMMY__ 0.026418645095137243	true	1.0
N952	opposes 1.0		favors 0.5031586615530937 opposes 0.47117368880308447 __DUMMY__ 0.025667649643821736	true	0.5
N1375	favors 1.0		favors 0.5818358989549867 opposes 0.3911199332071276 __DUMMY__ 0.027044167837885765	true	1.0
N2222	opposes 1.0	opposes 1.0	opposes 0.7233943849187945 favors 0.26673396930113735 __DUMMY__ 0.009871645780068087	false	1.0
N953	favors 1.0		opposes 0.5246593361922551 favors 0.4492587961211557 __DUMMY__ 0.026081867686589228	true	0.5
N1376	favors 1.0	favors 1.0	favors 0.7502871660799741 opposes 0.23864189215007767 __DUMMY__ 0.011070941769948179	false	1.0
N2223	favors 1.0	favors 1.0	favors 0.7103116685845474 opposes 0.27951963677540254 __DUMMY__ 0.010168694640050045	false	1.0
N954	favors 1.0		favors 0.5312979069189987 opposes 0.4421640392394229 __DUMMY__ 0.02653805384157856	true	1.0
N1373	favors 1.0		favors 0.5286557885486711 opposes 0.4460628670120607 __DUMMY__ 0.025281344439267994	true	1.0
N2220	opposes 1.0	opposes 1.0	opposes 0.7271614442770153 favors 0.26181955031149484 __DUMMY__ 0.011019005411489778	false	1.0
N955	favors 1.0	favors 1.0	favors 0.7353554304881322 opposes 0.2536017312133637 __DUMMY__ 0.011042838298503981	false	1.0
N1374	opposes 1.0	opposes 1.0	opposes 0.7323548831461483 favors 0.25649229327178524 __DUMMY__ 0.011152823582066408	false	1.0
N2221	favors 1.0		favors 0.5138449576834451 opposes 0.4594815934336768 __DUMMY__ 0.0266734488828781	true	1.0
N1379	favors 1.0	favors 1.0	favors 0.7558954085626028 opposes 0.23352880237361592 __DUMMY__ 0.010575789063781193	false	1.0
N2226	opposes 1.0		favors 0.5240012903165112 opposes 0.4497048811368683 __DUMMY__ 0.026293828546620476	true	0.5
N2227	favors 1.0	favors 1.0	favors 0.7366392241600624 opposes 0.2521119833535996 __DUMMY__ 0.01124879248633799	false	1.0
N1377	opposes 1.0		opposes 0.503879409348633 favors 0.467345689411187 __DUMMY__ 0.028774901240180183	true	1.0
N2224	favors 1.0	favors 1.0	favors 0.7534259688968105 opposes 0.2361444387642044 __DUMMY__ 0.0104295923389852	false	1.0
N1378	favors 1.0		favors 0.49493032016383065 opposes 0.47924023286300027 __DUMMY__ 0.02582944697316898	true	1.0
N2225	favors 1.0	favors 1.0	favors 0.7373076521911952 opposes 0.2517360084639175 __DUMMY__ 0.010956339344887163	false	1.0
N2228	opposes 1.0	opposes 1.0	opposes 0.7379789285976953 favors 0.25221416508132527 __DUMMY__ 0.009806906320979454	false	1.0
N2229	opposes 1.0		favors 0.5274682782833049 opposes 0.4474180106545977 __DUMMY__ 0.025113711062097466	true	0.5
N981	favors 1.0		favors 0.5841569354083721 opposes 0.38999638662679503 __DUMMY__ 0.02584667796483287	true	1.0
N982	opposes 1.0	opposes 1.0	opposes 0.7568739576446096 favors 0.2327413974973318 __DUMMY__ 0.0103846448580586	false	1.0
N983	favors 1.0		favors 0.492585668361472 opposes 0.4797988772778762 __DUMMY__ 0.02761545436065177	true	1.0
N500	favors 1.0		favors 0.5242953842939629 opposes 0.4481503407634005 __DUMMY__ 0.027554274942636455	true	1.0
N984	favors 1.0	favors 1.0	favors 0.7454551713548413 opposes 0.24384860977128606 __DUMMY__ 0.010696218873872624	false	1.0
N980	opposes 1.0		favors 0.5176100974734141 opposes 0.4550209406117405 __DUMMY__ 0.027368961914845426	true	0.5
N505	favors 1.0	favors 1.0	favors 0.7775682083589476 opposes 0.21215453678577703 __DUMMY__ 0.01027725485527531	false	1.0
N989	favors 1.0		favors 0.5195437033733632 opposes 0.45416009534681073 __DUMMY__ 0.026296201279825928	true	1.0
N1360	favors 1.0	favors 1.0	favors 0.7552911127018009 opposes 0.23415455036546318 __DUMMY__ 0.010554336932735948	false	1.0
N506	opposes 1.0		opposes 0.545429140234037 favors 0.42813244616830637 __DUMMY__ 0.026438413597656717	true	1.0
N1361	opposes 1.0		favors 0.5173871710170427 opposes 0.4551121371252222 __DUMMY__ 0.027500691857734974	true	0.5
N507	opposes 1.0		favors 0.4885095056202321 opposes 0.4837398893263744 __DUMMY__ 0.0277506050533935	true	0.5
N508	opposes 1.0		favors 0.5162036142520062 opposes 0.45681480701686955 __DUMMY__ 0.026981578731124105	true	0.5
N501	opposes 1.0		opposes 0.5121922417812222 favors 0.4589965062225595 __DUMMY__ 0.028811251996218354	true	1.0
N985	favors 1.0	favors 1.0	favors 0.7356120230724931 opposes 0.2544303591490137 __DUMMY__ 0.009957617778493189	false	1.0
N1364	favors 1.0		favors 0.4924587962105787 opposes 0.47979969844870946 __DUMMY__ 0.027741505340711813	true	1.0
N2211	favors 1.0	favors 1.0	favors 0.7461805283143561 opposes 0.24419569354821488 __DUMMY__ 0.009623778137428955	false	1.0
N502	opposes 1.0		favors 0.4890583456875868 opposes 0.48522905342165046 __DUMMY__ 0.025712600890762695	true	0.5
N986	opposes 1.0	opposes 1.0	opposes 0.7490300042171583 favors 0.24079685763846914 __DUMMY__ 0.01017313814437258	false	1.0
N1365	favors 1.0		favors 0.5199938032683158 opposes 0.45301960814490944 __DUMMY__ 0.026986588586774836	true	1.0
N2212	favors 1.0	favors 1.0	favors 0.7157725412593458 opposes 0.273231955271672 __DUMMY__ 0.010995503468982266	false	1.0
N503	favors 1.0	favors 1.0	favors 0.7423137719491606 opposes 0.2466612112339972 __DUMMY__ 0.011025016816842233	false	1.0
N987	opposes 1.0	opposes 1.0	opposes 0.7046510169754203 favors 0.2849114812766809 __DUMMY__ 0.010437501747898757	false	1.0
N1362	favors 1.0		favors 0.5444371521380967 opposes 0.4282634021122854 __DUMMY__ 0.027299445749617905	true	1.0
N504	favors 1.0		favors 0.5413641192773556 opposes 0.4313344651454124 __DUMMY__ 0.027301415577232	true	1.0
N988	opposes 1.0	opposes 1.0	opposes 0.7207933643004554 favors 0.26823703259608106 __DUMMY__ 0.010969603103463663	false	1.0
N1363	opposes 1.0		opposes 0.5404947763076321 favors 0.4330532817974235 __DUMMY__ 0.02645194189494427	true	1.0
N2210	favors 1.0		opposes 0.514102529612155 favors 0.4609921186706599 __DUMMY__ 0.024905351717185144	true	0.5
N1368	favors 1.0		favors 0.5354764684734478 opposes 0.4379929258012001 __DUMMY__ 0.02653060572535214	true	1.0
N2215	opposes 1.0	opposes 1.0	opposes 0.7415387658138789 favors 0.24681827493642258 __DUMMY__ 0.011642959249698477	false	1.0
N1369	favors 1.0	favors 1.0	favors 0.7382737371360464 opposes 0.2507206155355217 __DUMMY__ 0.011005647328431819	false	1.0
N2216	opposes 1.0	opposes 1.0	opposes 0.7283227967830838 favors 0.2617704602146117 __DUMMY__ 0.009906743002304595	false	1.0
N1366	favors 1.0		favors 0.5015003155945635 opposes 0.4728697772612434 __DUMMY__ 0.025629907144192964	true	1.0
N2213	opposes 1.0		favors 0.5770455268537783 opposes 0.3963219618000537 __DUMMY__ 0.026632511346167953	true	0.5
N1367	opposes 1.0		opposes 0.5178506708344733 favors 0.45605882224706185 __DUMMY__ 0.026090506918464765	true	1.0
N2214	favors 1.0	favors 1.0	favors 0.7463726208129741 opposes 0.24270481984502348 __DUMMY__ 0.010922559342002425	false	1.0
N509	opposes 1.0	opposes 1.0	opposes 0.7220686504814641 favors 0.26790605592112215 __DUMMY__ 0.0100252935974138	false	1.0
N2219	opposes 1.0	opposes 1.0	opposes 0.7602999917393813 favors 0.22939455785451598 __DUMMY__ 0.010305450406102576	false	1.0
N2217	favors 1.0		favors 0.5115335789994858 opposes 0.461255953472921 __DUMMY__ 0.027210467527593228	true	1.0
N2218	favors 1.0		favors 0.5780642374453825 opposes 0.3962764298822415 __DUMMY__ 0.02565933267237605	true	1.0
N970	favors 1.0	favors 1.0	favors 0.7536666113397499 opposes 0.23593500493503894 __DUMMY__ 0.010398383725211202	false	1.0
N971	favors 1.0	favors 1.0	favors 0.7372377969568328 opposes 0.25182584159152566 __DUMMY__ 0.010936361451641525	false	1.0
N972	opposes 1.0		favors 0.5243589716095044 opposes 0.44941149630221117 __DUMMY__ 0.026229532088284317	true	0.5
N973	favors 1.0	favors 1.0	favors 0.7365535226553002 opposes 0.25221239232606146 __DUMMY__ 0.011234085018638318	false	1.0
N978	favors 1.0		favors 0.49300544141090125 opposes 0.48138544747646855 __DUMMY__ 0.02560911111263027	true	1.0
N979	favors 1.0	favors 1.0	favors 0.7554529425565246 opposes 0.23407268607549914 __DUMMY__ 0.01047437136797626	false	1.0
N1350	favors 1.0	favors 1.0	favors 0.7097794406160928 opposes 0.28001901175414806 __DUMMY__ 0.010201547629759194	false	1.0
N974	opposes 1.0	opposes 1.0	opposes 0.7383064843813317 favors 0.25193163884562836 __DUMMY__ 0.009761876773040011	false	1.0
N1353	favors 1.0		favors 0.5029740180526805 opposes 0.4690145770714467 __DUMMY__ 0.028011404875872836	true	1.0
N2200	favors 1.0	favors 1.0	favors 0.7578925715015861 opposes 0.2311665426557847 __DUMMY__ 0.010940885842629224	false	1.0
N975	opposes 1.0	opposes 1.0	opposes 0.705995655088002 favors 0.284289479283805 __DUMMY__ 0.009714865628192938	false	1.0
N1354	opposes 1.0	opposes 1.0	opposes 0.7382765991433703 favors 0.25188554364522797 __DUMMY__ 0.009837857211401761	false	1.0
N2201	opposes 1.0		opposes 0.5409672461713255 favors 0.4324776130503881 __DUMMY__ 0.02655514077828628	true	1.0
N976	favors 1.0		favors 0.583529688643945 opposes 0.3896468224801219 __DUMMY__ 0.02682348887593305	true	1.0
N1351	favors 1.0		favors 0.5347783824537512 opposes 0.4387628014981461 __DUMMY__ 0.026458816048102646	true	1.0
N977	favors 1.0		opposes 0.5073861009177156 favors 0.4639669257314881 __DUMMY__ 0.02864697335079625	true	0.5
N1352	opposes 1.0		favors 0.5241375363947093 opposes 0.44951135989578966 __DUMMY__ 0.026351103709501104	true	0.5
N1357	favors 1.0	favors 1.0	favors 0.778538025435669 opposes 0.21063262283600356 __DUMMY__ 0.010829351728327477	false	1.0
N2204	opposes 1.0		favors 0.49987724268491235 opposes 0.4743726228720845 __DUMMY__ 0.02575013444300314	true	0.5
N1358	favors 1.0	favors 1.0	favors 0.7144114710588244 opposes 0.27379714245336784 __DUMMY__ 0.011791386487807701	false	1.0
N2205	opposes 1.0	opposes 1.0	opposes 0.749961964285524 favors 0.23998301252746948 __DUMMY__ 0.010055023187006538	false	1.0
N1355	opposes 1.0	opposes 1.0	opposes 0.706088228313801 favors 0.28412137858858594 __DUMMY__ 0.009790393097613046	false	1.0
N2202	opposes 1.0		favors 0.49100338105818764 opposes 0.4811684522422667 __DUMMY__ 0.027828166699545583	true	0.5
N1356	opposes 1.0		opposes 0.499274210807685 favors 0.4730820484712591 __DUMMY__ 0.027643740721055944	true	1.0
N2203	favors 1.0		favors 0.5179603103599577 opposes 0.4549460643733249 __DUMMY__ 0.027093625266717467	true	1.0
N2208	favors 1.0	favors 1.0	favors 0.7456177931084199 opposes 0.24416022537367185 __DUMMY__ 0.010221981517908211	false	1.0
N2209	opposes 1.0	opposes 1.0	opposes 0.7213695911452607 favors 0.26747032474045807 __DUMMY__ 0.011160084114281293	false	1.0
N1359	favors 1.0	favors 1.0	favors 0.7313577606789085 opposes 0.2585859947605428 __DUMMY__ 0.010056244560548721	false	1.0
N2206	opposes 1.0	opposes 1.0	opposes 0.7049434329635614 favors 0.28474104246331833 __DUMMY__ 0.010315524573120257	false	1.0
N2207	opposes 1.0		favors 0.49822657689419014 opposes 0.47456274373532387 __DUMMY__ 0.02721067937048587	true	0.5
N520	opposes 1.0	opposes 1.0	opposes 0.7395361463855123 favors 0.2488129733784219 __DUMMY__ 0.011650880236065708	false	1.0
N521	opposes 1.0		favors 0.49008213001422585 opposes 0.4843543510926085 __DUMMY__ 0.02556351889316562	true	0.5
N522	favors 1.0	favors 1.0	favors 0.7531916990132311 opposes 0.2363807873085522 __DUMMY__ 0.010427513678216678	false	1.0
