N1742	opposes 1.0		opposes 0.5124400201996304 favors 0.4493021907562792 __DUMMY__ 0.038257789044090385	true	1.0
N1743	favors 1.0		favors 0.490854558563945 opposes 0.4701217161578331 __DUMMY__ 0.039023725278221906	true	1.0
N1740	opposes 1.0		favors 0.5756067638208437 opposes 0.38706651069304354 __DUMMY__ 0.037326725486112766	true	0.5
N1741	opposes 1.0		opposes 0.5677714799488552 favors 0.3941423222558795 __DUMMY__ 0.038086197795265314	true	1.0
N1746	opposes 1.0	opposes 1.0	opposes 0.7081112667917548 favors 0.2757559465559247 __DUMMY__ 0.016132786652320496	false	1.0
N1747	opposes 1.0		favors 0.48171456759610654 opposes 0.4778620360873502 __DUMMY__ 0.0404233963165434	true	0.5
N1744	opposes 1.0		opposes 0.4951264737550305 favors 0.4692295954702671 __DUMMY__ 0.035643930774702445	true	1.0
N1745	opposes 1.0		opposes 0.5408165059058948 favors 0.4203385232161941 __DUMMY__ 0.038844970877911174	true	1.0
N1748	favors 1.0	favors 1.0	favors 0.7303151831575826 opposes 0.2531593189212164 __DUMMY__ 0.016525497921200973	false	1.0
N1749	opposes 1.0		opposes 0.48686014335774763 favors 0.4742894840440307 __DUMMY__ 0.03885037259822177	true	1.0
N1731	favors 1.0		opposes 0.5285528795114921 favors 0.4335132932977781 __DUMMY__ 0.037933827190729894	true	0.5
N1732	favors 1.0		favors 0.49189218997528 opposes 0.4712458141040294 __DUMMY__ 0.0368619959206906	true	1.0
N1730	opposes 1.0		opposes 0.4867489591495535 favors 0.47428500469544926 __DUMMY__ 0.03896603615499716	true	1.0
N1735	opposes 1.0		opposes 0.552755838933451 favors 0.4071109723310762 __DUMMY__ 0.04013318873547259	true	1.0
N1736	opposes 1.0		opposes 0.5002778168392908 favors 0.46050507880244157 __DUMMY__ 0.039217104358267536	true	1.0
N1733	favors 1.0	favors 1.0	favors 0.7703409828983928 opposes 0.21085378694568935 __DUMMY__ 0.01880523015591788	false	1.0
N1734	favors 1.0		favors 0.4843121799820385 opposes 0.47402661060732304 __DUMMY__ 0.04166120941063854	true	1.0
N1739	favors 1.0		favors 0.5093987655171969 opposes 0.4539730978407235 __DUMMY__ 0.036628136642079714	true	1.0
N1737	favors 1.0		favors 0.5010402677094021 opposes 0.46079379190976133 __DUMMY__ 0.038165940380836594	true	1.0
N1738	favors 1.0		favors 0.4967240556463456 opposes 0.46546093219132084 __DUMMY__ 0.03781501216233358	true	1.0
N1720	favors 1.0		favors 0.5088117005114778 opposes 0.45465419516018624 __DUMMY__ 0.03653410432833589	true	1.0
N1721	favors 1.0	favors 1.0	favors 0.7730772732299546 opposes 0.21056116592763832 __DUMMY__ 0.01636156084240704	false	1.0
N1724	favors 1.0		favors 0.4907305998014932 opposes 0.47041188709109244 __DUMMY__ 0.03885751310741447	true	1.0
N1725	favors 1.0		opposes 0.49475544116947306 favors 0.4696682438454906 __DUMMY__ 0.03557631498503629	true	0.5
N1722	opposes 1.0	opposes 1.0	opposes 0.7701322139377423 favors 0.21321173895178216 __DUMMY__ 0.016656047110475518	false	1.0
N1723	favors 1.0		opposes 0.5116458831565837 favors 0.4502276463443503 __DUMMY__ 0.038126470499066124	true	0.5
N1728	opposes 1.0		favors 0.48204251682409793 opposes 0.47734906287205475 __DUMMY__ 0.04060842030384726	true	0.5
N1729	favors 1.0		favors 0.49095222849110737 opposes 0.4711370088659377 __DUMMY__ 0.037910762642954884	true	1.0
N1726	opposes 1.0		opposes 0.5430794689809342 favors 0.4179631066831552 __DUMMY__ 0.038957424335910755	true	1.0
N1727	favors 1.0		favors 0.514365449361941 opposes 0.4486244099582245 __DUMMY__ 0.03701014067983458	true	1.0
N1710	favors 1.0		favors 0.4821487356092654 opposes 0.4774296621793287 __DUMMY__ 0.040421602211405915	true	1.0
N1713	opposes 1.0	opposes 1.0	opposes 0.7487877293109697 favors 0.2345720734521461 __DUMMY__ 0.016640197236884226	false	1.0
N1714	opposes 1.0		favors 0.49174476207353907 opposes 0.4714952487082319 __DUMMY__ 0.03675998921822904	true	0.5
N1711	opposes 1.0		favors 0.49084784994119474 opposes 0.4713568155743029 __DUMMY__ 0.03779533448450219	true	0.5
N1712	favors 1.0		opposes 0.48659714404406507 favors 0.47458566787766193 __DUMMY__ 0.038817188078273	true	0.5
N1717	favors 1.0		opposes 0.5507424422815304 favors 0.40931829580673446 __DUMMY__ 0.03993926191173514	true	0.5
N1718	favors 1.0		opposes 0.49980409866311476 favors 0.46113047532759155 __DUMMY__ 0.03906542600929376	true	0.5
N1715	opposes 1.0		opposes 0.5269118025796807 favors 0.4340604388999841 __DUMMY__ 0.0390277585203352	true	1.0
N1716	opposes 1.0		favors 0.4843652389978882 opposes 0.4741972581705327 __DUMMY__ 0.041437502831579015	true	0.5
N1719	favors 1.0	favors 1.0	favors 0.7340909538396269 opposes 0.24912431663762244 __DUMMY__ 0.016784729522750806	false	1.0
N1782	favors 1.0	favors 1.0	favors 0.7181970719762351 opposes 0.26633472511818806 __DUMMY__ 0.015468202905576966	false	1.0
N1783	opposes 1.0		opposes 0.5425595727495671 favors 0.4186153419012537 __DUMMY__ 0.038825085349179264	true	1.0
N1780	favors 1.0		opposes 0.5114479656993675 favors 0.4503191775716308 __DUMMY__ 0.03823285672900169	true	0.5
N1781	favors 1.0		favors 0.4903193037396777 opposes 0.47071483914972984 __DUMMY__ 0.038965857110592556	true	1.0
N1302	opposes 1.0	opposes 1.0	opposes 0.6749402585412322 favors 0.30639467570543166 __DUMMY__ 0.018665065753336128	false	1.0
N1786	favors 1.0	favors 1.0	favors 0.7298208970945981 opposes 0.2536625657172059 __DUMMY__ 0.016516537188196064	false	1.0
N1303	favors 1.0	favors 1.0	favors 0.7249442687167141 opposes 0.2564459328226687 __DUMMY__ 0.018609798460617125	false	1.0
N1787	opposes 1.0	opposes 1.0	opposes 0.728212817394819 favors 0.25465386464556194 __DUMMY__ 0.01713331795961897	false	1.0
N1300	favors 1.0		opposes 0.5294466179350797 favors 0.4327362343472599 __DUMMY__ 0.03781714771766025	true	0.5
N1784	opposes 1.0	opposes 1.0	opposes 0.7082877789534519 favors 0.2755942461137517 __DUMMY__ 0.016117974932796434	false	1.0
N1301	favors 1.0		favors 0.4901402191386104 opposes 0.47309576752561766 __DUMMY__ 0.036764013335771874	true	1.0
N1785	opposes 1.0	opposes 1.0	opposes 0.7235355614277296 favors 0.25849611778130466 __DUMMY__ 0.01796832079096571	false	1.0
N1306	opposes 1.0		favors 0.49892579181733215 opposes 0.46304029937397356 __DUMMY__ 0.038033908808694235	true	0.5
N1307	favors 1.0		favors 0.4949328086234548 opposes 0.46736517220478146 __DUMMY__ 0.037702019171763884	true	1.0
N1304	opposes 1.0		opposes 0.5532555187792793 favors 0.4067688341411631 __DUMMY__ 0.0399756470795577	true	1.0
N1788	opposes 1.0		opposes 0.5284453017907315 favors 0.4337323555058574 __DUMMY__ 0.03782234270341117	true	1.0
N1305	opposes 1.0		opposes 0.5015121983775152 favors 0.4593969263694087 __DUMMY__ 0.03909087525307625	true	1.0
N1789	favors 1.0		favors 0.49020667102295995 opposes 0.47300755419398377 __DUMMY__ 0.03678577478305636	true	1.0
N1308	favors 1.0		favors 0.5074387140232083 opposes 0.4560247656288243 __DUMMY__ 0.036536520347967484	true	1.0
N1309	opposes 1.0	opposes 1.0	opposes 0.6743380405730269 favors 0.30928345426233417 __DUMMY__ 0.01637850516463893	false	1.0
N1771	favors 1.0		favors 0.4913356829752654 opposes 0.4717739986230181 __DUMMY__ 0.03689031840171655	true	1.0
N1772	opposes 1.0		opposes 0.5264854773572331 favors 0.43437614203124375 __DUMMY__ 0.03913838061152326	true	1.0
N1770	favors 1.0		opposes 0.5268588010818069 favors 0.4352195715897816 __DUMMY__ 0.037921627328411374	true	0.5
N1775	favors 1.0		opposes 0.5500218478679496 favors 0.4099418108632474 __DUMMY__ 0.04003634126880294	true	0.5
N1776	favors 1.0		opposes 0.49974401316581724 favors 0.461098542476098 __DUMMY__ 0.039157444358084666	true	0.5
N1773	opposes 1.0		favors 0.5653320328316604 opposes 0.3932768883678635 __DUMMY__ 0.041391078800476176	true	0.5
N2620	favors 1.0		opposes 0.4956122214887529 favors 0.46885793471159903 __DUMMY__ 0.03552984379964821	true	0.5
N1774	opposes 1.0		favors 0.4840548578891546 opposes 0.47443641855128194 __DUMMY__ 0.04150872355956344	true	0.5
N1779	opposes 1.0	opposes 1.0	opposes 0.7697844691099898 favors 0.21351149940716196 __DUMMY__ 0.016704031482848252	false	1.0
N1777	favors 1.0	favors 1.0	favors 0.73392759573097 opposes 0.24923252164841994 __DUMMY__ 0.01683988262061004	false	1.0
N1778	favors 1.0		favors 0.5715286368982323 opposes 0.3911301685276582 __DUMMY__ 0.03734119457410947	true	1.0
N901	favors 1.0	favors 1.0	favors 0.7206793035382774 opposes 0.2621351227520986 __DUMMY__ 0.017185573709624036	false	1.0
N902	opposes 1.0		opposes 0.5257690264457018 favors 0.4362541455742542 __DUMMY__ 0.037976827980044	true	1.0
N903	opposes 1.0		favors 0.4900873422625482 opposes 0.4729252720219211 __DUMMY__ 0.036987385715530764	true	0.5
N904	opposes 1.0	opposes 1.0	opposes 0.7475312769943874 favors 0.2350830751921306 __DUMMY__ 0.017385647813482123	false	1.0
N1760	opposes 1.0	opposes 1.0	opposes 0.675665305013157 favors 0.30795415977637786 __DUMMY__ 0.016380535210465143	false	1.0
N1761	opposes 1.0		opposes 0.5644014371271763 favors 0.39758844892497613 __DUMMY__ 0.03801011394784757	true	1.0
N900	opposes 1.0		favors 0.48944365745461693 opposes 0.4726081034745839 __DUMMY__ 0.03794823907079922	true	0.5
N909	opposes 1.0		favors 0.4982706659201441 opposes 0.46353559909097836 __DUMMY__ 0.03819373498887766	true	0.5
N1764	opposes 1.0		opposes 0.49486376034005064 favors 0.4694610741454466 __DUMMY__ 0.03567516551450274	true	1.0
N2611	favors 1.0		opposes 0.5510956922290239 favors 0.4090596552799122 __DUMMY__ 0.039844652491063816	true	0.5
N1765	favors 1.0		opposes 0.5410681044795457 favors 0.42002446153355216 __DUMMY__ 0.038907433986902114	true	0.5
N2612	favors 1.0		opposes 0.5005679830653756 favors 0.46044209848531814 __DUMMY__ 0.03898991844930624	true	0.5
N1762	opposes 1.0		opposes 0.5114238964476814 favors 0.45040265461705387 __DUMMY__ 0.038173448935264837	true	1.0
N1763	opposes 1.0		favors 0.49005586564932657 opposes 0.4710503255201778 __DUMMY__ 0.03889380883049575	true	0.5
N2610	opposes 1.0		favors 0.4834038960401407 opposes 0.47526184702001767 __DUMMY__ 0.04133425693984165	true	0.5
N905	opposes 1.0		favors 0.5604677762665994 opposes 0.3982421295684214 __DUMMY__ 0.04129009416497925	true	0.5
N1768	opposes 1.0		favors 0.4905033860986456 opposes 0.47160033351280745 __DUMMY__ 0.03789628038854703	true	0.5
N2615	opposes 1.0	opposes 1.0	opposes 0.7113102934478702 favors 0.2728499519517263 __DUMMY__ 0.015839754600403457	false	1.0
N906	opposes 1.0		favors 0.48312625523498887 opposes 0.47545263987648523 __DUMMY__ 0.041421104888525954	true	0.5
N1769	favors 1.0		opposes 0.48668565424643484 favors 0.47439932624591497 __DUMMY__ 0.038915019507650285	true	0.5
N2616	favors 1.0	favors 1.0	favors 0.7720820769167963 opposes 0.2116033243656755 __DUMMY__ 0.01631459871752822	false	1.0
N907	favors 1.0	favors 1.0	favors 0.6859505240717217 opposes 0.29616384050811756 __DUMMY__ 0.017885635420160605	false	1.0
N1766	favors 1.0		favors 0.5129943308132305 opposes 0.4499753935496303 __DUMMY__ 0.03703027563713901	true	1.0
N2613	opposes 1.0	opposes 1.0	opposes 0.7137459092720936 favors 0.2695220263977594 __DUMMY__ 0.01673206433014708	false	1.0
N908	favors 1.0		opposes 0.4997592792168205 favors 0.4610763876573504 __DUMMY__ 0.03916433312582904	true	0.5
N1767	favors 1.0		favors 0.4818812463158165 opposes 0.47761925214688866 __DUMMY__ 0.040499501537294785	true	1.0
N2614	opposes 1.0		favors 0.49537238147550683 opposes 0.4670074728063002 __DUMMY__ 0.037620145718192936	true	0.5
N2619	opposes 1.0		favors 0.48964050475477516 opposes 0.47158571558150864 __DUMMY__ 0.038773779663716056	true	0.5
N2617	favors 1.0		opposes 0.565819068388261 favors 0.3962857094053961 __DUMMY__ 0.037895222206342775	true	0.5
N2618	favors 1.0	favors 1.0	favors 0.7075225087429378 opposes 0.275752717369785 __DUMMY__ 0.016724773887277257	false	1.0
N1750	favors 1.0	favors 1.0	favors 0.6994840088758774 opposes 0.28386321636590217 __DUMMY__ 0.016652774758220436	false	1.0
N1753	favors 1.0		favors 0.5642983050793073 opposes 0.3944137013546543 __DUMMY__ 0.041287993566038315	true	1.0
N2600	opposes 1.0	opposes 1.0	opposes 0.7324421367637212 favors 0.2521268399479665 __DUMMY__ 0.015431023288312334	false	1.0
N1754	favors 1.0		favors 0.4838598494584134 opposes 0.4747202460342615 __DUMMY__ 0.041419904507324946	true	1.0
N2601	favors 1.0		opposes 0.541971769318721 favors 0.4192873288827759 __DUMMY__ 0.038740901798503154	true	0.5
N1751	favors 1.0		favors 0.4910728245140069 opposes 0.47208843636171316 __DUMMY__ 0.03683873912427984	true	1.0
N1752	favors 1.0		opposes 0.5263196184434876 favors 0.4346177350407925 __DUMMY__ 0.03906264651571986	true	0.5
N1757	favors 1.0		favors 0.4996606857270953 opposes 0.46226440880355607 __DUMMY__ 0.03807490546934866	true	1.0
N2604	opposes 1.0		favors 0.4899367648287438 opposes 0.47232930156802183 __DUMMY__ 0.03773393360323428	true	0.5
N1758	favors 1.0		favors 0.4957033921481295 opposes 0.4665514638036836 __DUMMY__ 0.037745144048186866	true	1.0
N2605	favors 1.0	favors 1.0	favors 0.7206204815039936 opposes 0.26229614346435143 __DUMMY__ 0.01708337503165488	false	1.0
N1755	opposes 1.0		opposes 0.5496486234919539 favors 0.41039647138147234 __DUMMY__ 0.039954905126573806	true	1.0
N2602	favors 1.0		favors 0.512414296797914 opposes 0.4507384795740532 __DUMMY__ 0.03684722362803284	true	1.0
N1756	opposes 1.0		opposes 0.49981204755424063 favors 0.46109549708113734 __DUMMY__ 0.039092455364621984	true	1.0
N2603	favors 1.0	favors 1.0	favors 0.7248985863810661 opposes 0.2571849661714849 __DUMMY__ 0.01791644744744901	false	1.0
N2608	opposes 1.0	opposes 1.0	opposes 0.7487217865547608 favors 0.2340040148640476 __DUMMY__ 0.01727419858119159	false	1.0
N2609	opposes 1.0		favors 0.5647806589357905 opposes 0.39403584589474167 __DUMMY__ 0.04118349516946784	true	0.5
N1759	favors 1.0	favors 1.0	favors 0.7393068283523807 opposes 0.24478843660182553 __DUMMY__ 0.015904735045793796	false	1.0
N2606	opposes 1.0	opposes 1.0	opposes 0.7491810650304566 favors 0.23422508775813636 __DUMMY__ 0.016593847211407133	false	1.0
N2607	opposes 1.0	opposes 1.0	opposes 0.7195673181162203 favors 0.2644093042722406 __DUMMY__ 0.016023377611539075	false	1.0
N923	favors 1.0		opposes 0.5272364873866376 favors 0.4336279500759018 __DUMMY__ 0.03913556253746056	true	0.5
N924	favors 1.0		favors 0.56454197956224 opposes 0.3940697306711842 __DUMMY__ 0.04138828976657583	true	1.0
N925	favors 1.0		favors 0.4833806133991189 opposes 0.4751128904503176 __DUMMY__ 0.041506496150563336	true	1.0
N926	opposes 1.0		opposes 0.5507569881526809 favors 0.4092093466996738 __DUMMY__ 0.040033665147645336	true	1.0
N1342	opposes 1.0	opposes 1.0	opposes 0.7352164341402521 favors 0.2475610020221449 __DUMMY__ 0.017222563837603063	false	1.0
N920	opposes 1.0		opposes 0.4873361330938787 favors 0.47375113054538703 __DUMMY__ 0.03891273636073434	true	1.0
N1343	favors 1.0		favors 0.49968899862433297 opposes 0.4622827566339271 __DUMMY__ 0.03802824474173986	true	1.0
N921	favors 1.0		opposes 0.5275654965992634 favors 0.4345155795696486 __DUMMY__ 0.03791892383108795	true	0.5
N1340	favors 1.0		favors 0.48370964709779185 opposes 0.4748741241104788 __DUMMY__ 0.041416228791729355	true	1.0
N922	favors 1.0		favors 0.4906434103136607 opposes 0.4724689928809606 __DUMMY__ 0.03688759680537856	true	1.0
N1341	opposes 1.0		opposes 0.550706887626948 favors 0.40936058870178366 __DUMMY__ 0.03993252367126837	true	1.0
N1346	opposes 1.0	opposes 1.0	opposes 0.7701111956514254 favors 0.21323450448472897 __DUMMY__ 0.016654299863845624	false	1.0
N1347	opposes 1.0		opposes 0.5119640049088334 favors 0.4499006090667385 __DUMMY__ 0.03813538602442806	true	1.0
N1344	favors 1.0		favors 0.49568395242533925 opposes 0.4666149216450256 __DUMMY__ 0.037701125929635135	true	1.0
N1345	favors 1.0	favors 1.0	favors 0.772297667790749 opposes 0.2113409859650682 __DUMMY__ 0.016361346244182593	false	1.0
N927	opposes 1.0		opposes 0.500377422653733 favors 0.4604673215664308 __DUMMY__ 0.03915525577983636	true	1.0
N928	favors 1.0		favors 0.4992687669813045 opposes 0.4625906058758843 __DUMMY__ 0.03814062714281116	true	1.0
N929	favors 1.0		favors 0.49532274674802673 opposes 0.4668759861329105 __DUMMY__ 0.03780126711906292	true	1.0
N1348	favors 1.0	favors 1.0	favors 0.7289916337911431 opposes 0.2538285331850594 __DUMMY__ 0.017179833023797605	false	1.0
N1349	opposes 1.0	opposes 1.0	opposes 0.7320128025325591 favors 0.25257443885485537 __DUMMY__ 0.015412758612585576	false	1.0
N912	favors 1.0		favors 0.5666947374500738 opposes 0.39588112262918596 __DUMMY__ 0.03742413992074028	true	1.0
N913	favors 1.0		opposes 0.511018278775008 favors 0.45070771775834756 __DUMMY__ 0.038274003466644405	true	0.5
N914	opposes 1.0		favors 0.48906891986121875 opposes 0.4719512483292341 __DUMMY__ 0.038979831809547075	true	0.5
N915	favors 1.0	favors 1.0	favors 0.7179674414335402 opposes 0.2664850973804529 __DUMMY__ 0.01554746118600687	false	1.0
N1331	favors 1.0		opposes 0.4950002934025313 favors 0.4693453552455181 __DUMMY__ 0.035654351351950574	true	0.5
N1332	opposes 1.0		opposes 0.5416349147872688 favors 0.41954940333528357 __DUMMY__ 0.03881568187744757	true	1.0
N910	opposes 1.0	opposes 1.0	opposes 0.7175011291166613 favors 0.2659076274120343 __DUMMY__ 0.016591243471304404	false	1.0
N911	favors 1.0		favors 0.5063627807735691 opposes 0.4568724360154398 __DUMMY__ 0.03676478321099107	true	1.0
N1330	favors 1.0		favors 0.4904939880009662 opposes 0.4705468060511274 __DUMMY__ 0.03895920594790655	true	1.0
N1335	favors 1.0	favors 1.0	favors 0.7302213954167261 opposes 0.2532682222120054 __DUMMY__ 0.016510382371268464	false	1.0
N1336	opposes 1.0		opposes 0.48713674932195916 favors 0.4740434981071188 __DUMMY__ 0.03881975257092195	true	1.0
N1333	favors 1.0		favors 0.512727565375561 opposes 0.4503455381942969 __DUMMY__ 0.036926896430142096	true	1.0
N1334	favors 1.0		favors 0.4815504323607174 opposes 0.4780396533097475 __DUMMY__ 0.04040991432953517	true	1.0
N916	opposes 1.0	opposes 1.0	opposes 0.7575138522510785 favors 0.22535010999645683 __DUMMY__ 0.017136037752464715	false	1.0
N1339	favors 1.0		favors 0.5651766151415143 opposes 0.39354248057083024 __DUMMY__ 0.04128090428765535	true	1.0
N917	opposes 1.0		favors 0.5123283180097036 opposes 0.45064399570311936 __DUMMY__ 0.03702768628717702	true	0.5
N918	opposes 1.0		favors 0.48124541841334895 opposes 0.47825716781826033 __DUMMY__ 0.04049741376839082	true	0.5
N1337	favors 1.0		opposes 0.527456071557811 favors 0.43472809873713436 __DUMMY__ 0.03781582970505468	true	0.5
N919	favors 1.0		favors 0.48990341551353217 opposes 0.4722024717548509 __DUMMY__ 0.03789411273161693	true	1.0
N1338	favors 1.0		favors 0.49100058030777005 opposes 0.47221667700332315 __DUMMY__ 0.036782742688906724	true	1.0
N940	opposes 1.0		opposes 0.48719730410585343 favors 0.47387213917935384 __DUMMY__ 0.038930556714792716	true	1.0
N945	favors 1.0		favors 0.48312625523498887 opposes 0.4754526398764851 __DUMMY__ 0.041421104888525954	true	1.0
N946	opposes 1.0		opposes 0.5479151619342207 favors 0.4120835305481964 __DUMMY__ 0.04000130751758281	true	1.0
N947	opposes 1.0	opposes 1.0	opposes 0.7349550155159719 favors 0.2477673697083883 __DUMMY__ 0.01727761477563979	false	1.0
N948	favors 1.0		favors 0.4945916143448991 opposes 0.46754429190495256 __DUMMY__ 0.03786409375014832	true	1.0
N941	favors 1.0		opposes 0.5257690264457019 favors 0.4362541455742542 __DUMMY__ 0.037976827980044016	true	0.5
N1320	favors 1.0		opposes 0.5273628081085633 favors 0.4335037312841284 __DUMMY__ 0.039133460607308115	true	0.5
N942	favors 1.0		favors 0.49008734226254824 opposes 0.472925272021921 __DUMMY__ 0.03698738571553076	true	1.0
N1321	favors 1.0	favors 1.0	favors 0.7693787551854738 opposes 0.21192449357975185 __DUMMY__ 0.018696751234774354	false	1.0
N943	favors 1.0		opposes 0.5253472259625613 favors 0.43550975064149033 __DUMMY__ 0.03914302339594835	true	0.5
N944	opposes 1.0		favors 0.5604677762665993 opposes 0.3982421295684216 __DUMMY__ 0.04129009416497924	true	0.5
N1324	opposes 1.0		opposes 0.5000583708097104 favors 0.4607859612606937 __DUMMY__ 0.03915566792959581	true	1.0
N1325	favors 1.0		favors 0.5004098895726624 opposes 0.4614706878603632 __DUMMY__ 0.03811942256697436	true	1.0
N1322	favors 1.0		favors 0.4841117971380087 opposes 0.4743426044236735 __DUMMY__ 0.041545598438317885	true	1.0
N1323	opposes 1.0		opposes 0.5513105933349156 favors 0.40864268176772894 __DUMMY__ 0.0400467248973556	true	1.0
N949	favors 1.0		favors 0.5063627807735691 opposes 0.4568724360154398 __DUMMY__ 0.03676478321099107	true	1.0
N1328	opposes 1.0		opposes 0.5662106121419812 favors 0.3957421491731359 __DUMMY__ 0.03804723868488287	true	1.0
N1329	opposes 1.0		opposes 0.5119659054195319 favors 0.44981920118542923 __DUMMY__ 0.038214893395038974	true	1.0
N1326	favors 1.0		favors 0.49626085607642023 opposes 0.46596056998000196 __DUMMY__ 0.03777857394357782	true	1.0
N1327	favors 1.0		favors 0.5732499595821982 opposes 0.38944831842092154 __DUMMY__ 0.03730172199688045	true	1.0
N934	favors 1.0		favors 0.489601175779019 opposes 0.4714355399497224 __DUMMY__ 0.038963284271258655	true	1.0
N935	opposes 1.0		opposes 0.495421077891121 favors 0.4688663982244536 __DUMMY__ 0.03571252388442555	true	1.0
N1790	opposes 1.0		opposes 0.5281697366703524 favors 0.43278961521330733 __DUMMY__ 0.03904064811634029	true	1.0
N936	opposes 1.0		opposes 0.5395707186071724 favors 0.4215058602144052 __DUMMY__ 0.03892342117842245	true	1.0
N937	opposes 1.0		favors 0.5109393362351342 opposes 0.45194088803579613 __DUMMY__ 0.03711977572906949	true	0.5
N930	favors 1.0	favors 1.0	favors 0.7390995100611508 opposes 0.2449655482838108 __DUMMY__ 0.015934941655038403	false	1.0
N1793	opposes 1.0		opposes 0.5518165627150117 favors 0.4082371702025233 __DUMMY__ 0.03994626708246498	true	1.0
N931	opposes 1.0		favors 0.5707904168341119 opposes 0.39187138096473184 __DUMMY__ 0.03733820220115629	true	0.5
N1310	opposes 1.0		opposes 0.5679789214400304 favors 0.3940444965736499 __DUMMY__ 0.03797658198631955	true	1.0
N1794	opposes 1.0		opposes 0.5010190676956074 favors 0.4599051933906615 __DUMMY__ 0.03907573891373107	true	1.0
N932	opposes 1.0	opposes 1.0	opposes 0.770122229870093 favors 0.2131739603590106 __DUMMY__ 0.016703809770896305	false	1.0
N1791	favors 1.0	favors 1.0	favors 0.7681712542395084 opposes 0.21321815484916457 __DUMMY__ 0.018610590911327038	false	1.0
N933	opposes 1.0		opposes 0.5121036182523294 favors 0.4496659461102421 __DUMMY__ 0.03823043563742848	true	1.0
N1792	favors 1.0		favors 0.48291298427918095 opposes 0.47565236031019464 __DUMMY__ 0.04143465541062424	true	1.0
N1313	opposes 1.0		opposes 0.5420305573502053 favors 0.41906782349372773 __DUMMY__ 0.0389016191560669	true	1.0
N1797	favors 1.0		favors 0.5072368728400263 opposes 0.456203249672211 __DUMMY__ 0.0365598774877628	true	1.0
N1314	favors 1.0		favors 0.5135401106378605 opposes 0.44946820196414855 __DUMMY__ 0.03699168739799082	true	1.0
N1798	opposes 1.0	opposes 1.0	opposes 0.6752916427068492 favors 0.3083386296671201 __DUMMY__ 0.016369727626030648	false	1.0
N1311	opposes 1.0	opposes 1.0	opposes 0.7417656254314776 favors 0.24144814531157882 __DUMMY__ 0.016786229256943622	false	1.0
N1795	opposes 1.0		favors 0.49884306703939035 opposes 0.4631208997011916 __DUMMY__ 0.03803603325941817	true	0.5
N1312	opposes 1.0		opposes 0.49651789363903126 favors 0.46791317231219026 __DUMMY__ 0.035568934048778415	true	1.0
N1796	favors 1.0		favors 0.49492312117725246 opposes 0.46736931431133427 __DUMMY__ 0.03770756451141332	true	1.0
N938	opposes 1.0		favors 0.48108404917306435 opposes 0.4784598948981416 __DUMMY__ 0.04045605592879402	true	0.5
N1317	opposes 1.0	opposes 1.0	opposes 0.7275161410893691 favors 0.25529943264800553 __DUMMY__ 0.017184426262625296	false	1.0
N939	favors 1.0		favors 0.48944365745461693 opposes 0.4726081034745839 __DUMMY__ 0.03794823907079922	true	1.0
N1318	favors 1.0	favors 1.0	favors 0.698632403639216 opposes 0.2846709608332252 __DUMMY__ 0.016696635527558873	false	1.0
N1315	opposes 1.0		favors 0.4818994556369559 opposes 0.47758152795251796 __DUMMY__ 0.040519016410526125	true	0.5
N1799	opposes 1.0		opposes 0.5665018819158218 favors 0.3955200234892533 __DUMMY__ 0.03797809459492484	true	1.0
N1316	favors 1.0		favors 0.4906509887740172 opposes 0.4714730764699283 __DUMMY__ 0.03787593475605436	true	1.0
N1319	opposes 1.0		favors 0.4915220329402429 opposes 0.47163084612997297 __DUMMY__ 0.036847120929784115	true	0.5
N960	favors 1.0		favors 0.4834492929557049 opposes 0.4749562355866217 __DUMMY__ 0.04159447145767333	true	1.0
N961	favors 1.0		opposes 0.551195322107883 favors 0.4086885576902625 __DUMMY__ 0.04011612020185446	true	0.5
N962	opposes 1.0		opposes 0.500406874241932 favors 0.4603719875962657 __DUMMY__ 0.03922113816180216	true	1.0
N967	opposes 1.0		favors 0.4897238627984147 opposes 0.47123919878208964 __DUMMY__ 0.0390369384194958	true	0.5
N1382	favors 1.0		favors 0.5713506719986383 opposes 0.3913568525637256 __DUMMY__ 0.037292475437635926	true	1.0
N968	favors 1.0		opposes 0.49541585005858274 favors 0.468827344146437 __DUMMY__ 0.035756805794980376	true	0.5
N1383	opposes 1.0		opposes 0.5636675141297363 favors 0.3983134018747525 __DUMMY__ 0.038019083995511245	true	1.0
N2230	opposes 1.0	opposes 1.0	opposes 0.74821842500902 favors 0.23444109436949045 __DUMMY__ 0.01734048062148947	false	1.0
N969	favors 1.0		opposes 0.5409044419477028 favors 0.42037000848606926 __DUMMY__ 0.03872554956622797	true	0.5
N1380	favors 1.0		favors 0.4964733249760927 opposes 0.4657719564207212 __DUMMY__ 0.0377547186031861	true	1.0
N1381	favors 1.0	favors 1.0	favors 0.7397139150811506 opposes 0.2443764398455966 __DUMMY__ 0.015909645073252827	false	1.0
N963	opposes 1.0		favors 0.4994818218104073 opposes 0.4623060103570451 __DUMMY__ 0.03821216783254762	true	0.5
N1386	opposes 1.0		opposes 0.49409675460095104 favors 0.4702186541009006 __DUMMY__ 0.035684591298148285	true	1.0
N2233	favors 1.0		opposes 0.5500851794859744 favors 0.4099477288731566 __DUMMY__ 0.03996709164086909	true	0.5
N964	favors 1.0		favors 0.5715895142822853 opposes 0.3910093472513152 __DUMMY__ 0.0374011384663994	true	1.0
N1387	opposes 1.0	opposes 1.0	opposes 0.7574980142557671 favors 0.2254208145367018 __DUMMY__ 0.01708117120753109	false	1.0
N2234	favors 1.0		opposes 0.4997943674122259 favors 0.46110807931661224 __DUMMY__ 0.039097553271161864	true	0.5
N965	favors 1.0		opposes 0.5659792870148356 favors 0.39589710033168707 __DUMMY__ 0.03812361265347742	true	0.5
N1384	favors 1.0		opposes 0.5106749230436158 favors 0.4511424503293733 __DUMMY__ 0.038182626627010975	true	0.5
N2231	favors 1.0		favors 0.5653560293520672 opposes 0.39332903854038503 __DUMMY__ 0.04131493210754778	true	1.0
N966	favors 1.0		opposes 0.5122183999563045 favors 0.44948985659213225 __DUMMY__ 0.03829174345156337	true	0.5
N1385	favors 1.0		favors 0.4908721073844255 opposes 0.47022398623169737 __DUMMY__ 0.03890390638387719	true	1.0
N2232	opposes 1.0	opposes 1.0	opposes 0.720707973517005 favors 0.26072534047691664 __DUMMY__ 0.018566686006078414	false	1.0
N2237	opposes 1.0		favors 0.5082345851177479 opposes 0.4551679931099633 __DUMMY__ 0.03659742177228876	true	0.5
N2238	favors 1.0		favors 0.5715517128217608 opposes 0.3911786966005883 __DUMMY__ 0.03726959057765102	true	1.0
N1388	opposes 1.0		favors 0.5134584018720366 opposes 0.44966245670887045 __DUMMY__ 0.036879141419092806	true	0.5
N2235	favors 1.0		favors 0.5000497691735701 opposes 0.46187999511886807 __DUMMY__ 0.038070235707561774	true	1.0
N1389	opposes 1.0	opposes 1.0	opposes 0.722877844576378 favors 0.2591647048179696 __DUMMY__ 0.017957450605652264	false	1.0
N2236	opposes 1.0		favors 0.4960129904897862 opposes 0.46624792154932043 __DUMMY__ 0.03773908796089344	true	0.5
N2239	favors 1.0		opposes 0.5649022923810493 favors 0.39709135115938293 __DUMMY__ 0.03800635645956775	true	0.5
N950	opposes 1.0		opposes 0.5624313307760936 favors 0.39945423110586953 __DUMMY__ 0.03811443811803686	true	1.0
N951	opposes 1.0	opposes 1.0	opposes 0.7405661240432732 favors 0.24259161594232784 __DUMMY__ 0.016842260014399067	false	1.0
N956	favors 1.0		opposes 0.4872732246428462 favors 0.4737481543521896 __DUMMY__ 0.03897862100496416	true	0.5
N1371	opposes 1.0		opposes 0.48611496654542324 favors 0.47502556724716183 __DUMMY__ 0.038859466207414865	true	1.0
N957	opposes 1.0		opposes 0.5278086635043079 favors 0.43420901655458294 __DUMMY__ 0.0379823199411092	true	1.0
N1372	favors 1.0	favors 1.0	favors 0.6999149240008603 opposes 0.2834271634336928 __DUMMY__ 0.016657912565446978	false	1.0
N958	opposes 1.0		favors 0.49076969975893436 opposes 0.4722877016498402 __DUMMY__ 0.03694259859122536	true	0.5
N959	opposes 1.0		opposes 0.5274923021555756 favors 0.4332947361247385 __DUMMY__ 0.03921296171968574	true	1.0
N1370	favors 1.0		favors 0.49096479675337623 opposes 0.47118332454797235 __DUMMY__ 0.037851878698651385	true	1.0
N952	opposes 1.0		opposes 0.4949623707050583 favors 0.469182095682172 __DUMMY__ 0.035855533612769754	true	1.0
N1375	favors 1.0		favors 0.5652031696637213 opposes 0.39349765412212095 __DUMMY__ 0.04129917621415779	true	1.0
N2222	opposes 1.0	opposes 1.0	opposes 0.7319900910806242 favors 0.2526045068823205 __DUMMY__ 0.015405402037055304	false	1.0
N953	favors 1.0		opposes 0.5420130682831595 favors 0.4190181996013652 __DUMMY__ 0.038968732115475205	true	0.5
N1376	favors 1.0		favors 0.4846261015306552 opposes 0.4739445081802051 __DUMMY__ 0.041429390289139646	true	1.0
N2223	favors 1.0	favors 1.0	favors 0.6921335232618278 opposes 0.2907611043674394 __DUMMY__ 0.017105372370732685	false	1.0
N954	favors 1.0		favors 0.5126103939728244 opposes 0.45030770450045177 __DUMMY__ 0.03708190152672374	true	1.0
N1373	favors 1.0		favors 0.49186003223016284 opposes 0.4712914153123945 __DUMMY__ 0.03684855245744265	true	1.0
N2220	opposes 1.0	opposes 1.0	opposes 0.7411477974243602 favors 0.24208223750178795 __DUMMY__ 0.01676996507385182	false	1.0
N955	favors 1.0		favors 0.4812950805712044 opposes 0.4781315842051067 __DUMMY__ 0.04057333522368903	true	1.0
N1374	opposes 1.0	opposes 1.0	opposes 0.7477304239574293 favors 0.23493581948529277 __DUMMY__ 0.017333756557277997	false	1.0
N2221	favors 1.0		favors 0.4900759596861614 opposes 0.47106302042619147 __DUMMY__ 0.03886101988764726	true	1.0
N1379	favors 1.0	favors 1.0	favors 0.734282677687215 opposes 0.24891688987018534 __DUMMY__ 0.016800432442599666	false	1.0
N2226	opposes 1.0		favors 0.4905149559098607 opposes 0.47164600468377427 __DUMMY__ 0.037839039406364995	true	0.5
N2227	favors 1.0		opposes 0.4867362818553166 favors 0.4744103563261073 __DUMMY__ 0.038853361818576106	true	0.5
N1377	opposes 1.0		opposes 0.5488133150143277 favors 0.411221542144636 __DUMMY__ 0.03996514284103615	true	1.0
N2224	favors 1.0	favors 1.0	favors 0.7416954195074602 opposes 0.24217201741051297 __DUMMY__ 0.016132563082026943	false	1.0
N1378	favors 1.0		opposes 0.4990873149394373 favors 0.46181139463200105 __DUMMY__ 0.039101290428561655	true	0.5
N2225	favors 1.0		favors 0.48189273614454153 opposes 0.4776681463721579 __DUMMY__ 0.04043911748330067	true	1.0
N2228	opposes 1.0		opposes 0.5269175385194577 favors 0.43522771954741646 __DUMMY__ 0.03785474193312578	true	1.0
N2229	opposes 1.0		favors 0.491349195845158 opposes 0.4718268031536576 __DUMMY__ 0.0368240010011844	true	0.5
N981	favors 1.0		favors 0.5732966517386481 opposes 0.38959541746183934 __DUMMY__ 0.037107930799512655	true	1.0
N982	opposes 1.0	opposes 1.0	opposes 0.7697433529617432 favors 0.21365068883587948 __DUMMY__ 0.01660595820237726	false	1.0
N983	favors 1.0		opposes 0.511047535602131 favors 0.4509148867242079 __DUMMY__ 0.03803757767366112	true	0.5
N500	favors 1.0		favors 0.48365072607749793 opposes 0.47485233741396643 __DUMMY__ 0.04149693650853573	true	1.0
N984	favors 1.0	favors 1.0	favors 0.7296726784666687 opposes 0.2531990160748457 __DUMMY__ 0.017128305458485562	false	1.0
N980	opposes 1.0		favors 0.4969898906979221 opposes 0.4654130913303695 __DUMMY__ 0.03759701797170843	true	0.5
N505	favors 1.0		favors 0.5724598348927861 opposes 0.3902787954299898 __DUMMY__ 0.03726136967722406	true	1.0
N989	favors 1.0		favors 0.4890668761176197 opposes 0.4730646896586114 __DUMMY__ 0.037868434223769	true	1.0
N1360	favors 1.0		favors 0.49918405716671127 opposes 0.4627013761104102 __DUMMY__ 0.03811456672287852	true	1.0
N506	opposes 1.0		opposes 0.5664479459382789 favors 0.3955416754985735 __DUMMY__ 0.03801037856314774	true	1.0
N1361	opposes 1.0		favors 0.4952221440683342 opposes 0.4670013587879761 __DUMMY__ 0.0377764971436896	true	0.5
N507	opposes 1.0		opposes 0.5123553745512611 favors 0.4494677321151682 __DUMMY__ 0.03817689333357065	true	1.0
N508	opposes 1.0		favors 0.4899829207059503 opposes 0.47110206042788083 __DUMMY__ 0.03891501886616893	true	0.5
N501	opposes 1.0		opposes 0.5516261850563752 favors 0.40837433720131683 __DUMMY__ 0.039999477742307804	true	1.0
N985	favors 1.0	favors 1.0	favors 0.718541381867866 opposes 0.2661032749699411 __DUMMY__ 0.015355343162192893	false	1.0
N1364	favors 1.0		opposes 0.5125051440474294 favors 0.44928570172953214 __DUMMY__ 0.03820915422303852	true	0.5
N2211	favors 1.0	favors 1.0	favors 0.7294599953330284 opposes 0.2544747709300109 __DUMMY__ 0.016065233736960696	false	1.0
N502	opposes 1.0		opposes 0.5004664086546502 favors 0.46041738648391806 __DUMMY__ 0.0391162048614317	true	1.0
N986	opposes 1.0	opposes 1.0	opposes 0.7581253837390907 favors 0.22474739591061124 __DUMMY__ 0.01712722035029805	false	1.0
N1365	favors 1.0		favors 0.4894551791341847 opposes 0.4716000010162141 __DUMMY__ 0.03894481984960131	true	1.0
N2212	favors 1.0	favors 1.0	favors 0.6978272403595465 opposes 0.28484056645769584 __DUMMY__ 0.017332193182757635	false	1.0
N503	favors 1.0	favors 1.0	favors 0.7326057310108748 opposes 0.25086380414819115 __DUMMY__ 0.016530464840934022	false	1.0
N987	opposes 1.0		favors 0.5115002896597034 opposes 0.45150495951003966 __DUMMY__ 0.03699475083025701	true	0.5
N1362	favors 1.0		favors 0.5075368920780913 opposes 0.45583631636048766 __DUMMY__ 0.03662679156142119	true	1.0
N504	favors 1.0		favors 0.5081596904709608 opposes 0.45525793971614376 __DUMMY__ 0.03658236981289538	true	1.0
N988	opposes 1.0		favors 0.48032170826321696 opposes 0.47919681577816126 __DUMMY__ 0.04048147595862182	true	0.5
N1363	opposes 1.0		opposes 0.5662091929736888 favors 0.3957478734958614 __DUMMY__ 0.03804293353044994	true	1.0
N2210	favors 1.0		opposes 0.5278494202826579 favors 0.4343435256549799 __DUMMY__ 0.03780705406236225	true	0.5
N1368	favors 1.0		favors 0.5133209232746719 opposes 0.44969057706687565 __DUMMY__ 0.036988499658452315	true	1.0
N2215	opposes 1.0		opposes 0.551328852905156 favors 0.4087291405136782 __DUMMY__ 0.039942006581165916	true	1.0
N1369	favors 1.0	favors 1.0	favors 0.725612925944747 opposes 0.25642530214466663 __DUMMY__ 0.017961771910586267	false	1.0
N2216	opposes 1.0	opposes 1.0	opposes 0.7352283446904417 favors 0.2475416176870433 __DUMMY__ 0.017230037622515026	false	1.0
N1366	favors 1.0		opposes 0.49572633618228085 favors 0.468599050326738 __DUMMY__ 0.035674613490981125	true	0.5
N2213	opposes 1.0		favors 0.5660585059348875 opposes 0.39263640082253365 __DUMMY__ 0.04130509324257885	true	0.5
N1367	opposes 1.0		opposes 0.5400976398824393 favors 0.4210486046355947 __DUMMY__ 0.03885375548196611	true	1.0
N2214	favors 1.0		favors 0.48375674441658506 opposes 0.47480455179934306 __DUMMY__ 0.04143870378407197	true	1.0
N509	opposes 1.0		opposes 0.49544659750165837 favors 0.46893083720803946 __DUMMY__ 0.03562256529030223	true	1.0
N2219	opposes 1.0		opposes 0.56614612815668 favors 0.39588869409378713 __DUMMY__ 0.037965177749532786	true	1.0
N2217	favors 1.0		favors 0.495833693796082 opposes 0.4664738476270481 __DUMMY__ 0.03769245857686991	true	1.0
N2218	favors 1.0		favors 0.5722843080746682 opposes 0.3905047375994868 __DUMMY__ 0.03721095432584493	true	1.0
N970	favors 1.0	favors 1.0	favors 0.7422388767354255 opposes 0.24170287659852074 __DUMMY__ 0.0160582466660537	false	1.0
N971	favors 1.0	favors 1.0	favors 0.7256453624098077 opposes 0.25643938469005223 __DUMMY__ 0.017915252900140007	false	1.0
N972	opposes 1.0		favors 0.49134075706655844 opposes 0.47094517369062344 __DUMMY__ 0.03771406924281811	true	0.5
N973	favors 1.0	favors 1.0	favors 0.7213566727175016 opposes 0.2615657916522465 __DUMMY__ 0.01707753563025181	false	1.0
N978	favors 1.0		opposes 0.49926860196708617 favors 0.4617556196144729 __DUMMY__ 0.03897577841844094	true	0.5
N979	favors 1.0	favors 1.0	favors 0.7344680618363634 opposes 0.24880908528603016 __DUMMY__ 0.016722852877606414	false	1.0
N1350	favors 1.0		opposes 0.5422603406384219 favors 0.418850573875451 __DUMMY__ 0.03888908548612722	true	0.5
N974	opposes 1.0	opposes 1.0	opposes 0.7484542487673793 favors 0.2349610791257029 __DUMMY__ 0.0165846721069178	false	1.0
N1353	favors 1.0		opposes 0.4875825375939587 favors 0.4735216138077356 __DUMMY__ 0.038895848598305686	true	0.5
N2200	favors 1.0		favors 0.5074090892467358 opposes 0.45595232186899093 __DUMMY__ 0.0366385888842732	true	1.0
N975	opposes 1.0	opposes 1.0	opposes 0.7186696282027265 favors 0.2653195885745897 __DUMMY__ 0.016010783222683816	false	1.0
N1354	opposes 1.0	opposes 1.0	opposes 0.7493007159869262 favors 0.23401610885499688 __DUMMY__ 0.016683175158076952	false	1.0
N2201	opposes 1.0		opposes 0.5656667849887854 favors 0.3962872106723716 __DUMMY__ 0.038046004338843	true	1.0
N976	favors 1.0		favors 0.567164517886914 opposes 0.39165545320046036 __DUMMY__ 0.0411800289126256	true	1.0
N1351	favors 1.0		favors 0.5123378739995096 opposes 0.45066395317368374 __DUMMY__ 0.03699817282680664	true	1.0
N977	favors 1.0		opposes 0.5499093824049212 favors 0.4102574593718172 __DUMMY__ 0.039833158223261736	true	0.5
N1352	opposes 1.0		favors 0.48978319512993385 opposes 0.47234400124714715 __DUMMY__ 0.037872803622919046	true	0.5
N1357	favors 1.0	favors 1.0	favors 0.7684072592344099 opposes 0.21293887890786434 __DUMMY__ 0.018653861857725707	false	1.0
N2204	opposes 1.0		opposes 0.4955951326558424 favors 0.4687121708689186 __DUMMY__ 0.03569269647523895	true	1.0
N1358	favors 1.0		opposes 0.5514735348021782 favors 0.408504611867349 __DUMMY__ 0.04002185333047283	true	0.5
N2205	opposes 1.0		opposes 0.5420964713331288 favors 0.41908704503071437 __DUMMY__ 0.0388164836361569	true	1.0
N1355	opposes 1.0	opposes 1.0	opposes 0.7195546723328805 favors 0.2643360512303905 __DUMMY__ 0.016109276436728902	false	1.0
N2202	opposes 1.0		opposes 0.5122756183140734 favors 0.449512960222766 __DUMMY__ 0.038211421463160554	true	1.0
N1356	opposes 1.0		opposes 0.5278035470433743 favors 0.4330790504509248 __DUMMY__ 0.03911740250570083	true	1.0
N2203	favors 1.0		favors 0.4894377175305956 opposes 0.4716198270345696 __DUMMY__ 0.03894245543483482	true	1.0
N2208	favors 1.0	favors 1.0	favors 0.7302181117704796 opposes 0.25327021827640667 __DUMMY__ 0.01651166995311378	false	1.0
N2209	opposes 1.0		opposes 0.4871702189301273 favors 0.47400942950856384 __DUMMY__ 0.03882035156130876	true	1.0
N1359	favors 1.0		opposes 0.5006952812049272 favors 0.46016431701958227 __DUMMY__ 0.039140401775490385	true	0.5
N2206	opposes 1.0		favors 0.5130196228307519 opposes 0.4500688796818012 __DUMMY__ 0.03691149748744698	true	0.5
N2207	opposes 1.0		favors 0.48157722221458016 opposes 0.47799931276771146 __DUMMY__ 0.040423465017708396	true	0.5
N520	opposes 1.0	opposes 1.0	opposes 0.7614050682035193 favors 0.22080498408155627 __DUMMY__ 0.01778994771492449	false	1.0
N521	opposes 1.0		opposes 0.5010626278237401 favors 0.45995504613685045 __DUMMY__ 0.03898232603940923	true	1.0
N522	favors 1.0	favors 1.0	favors 0.7331775837884072 opposes 0.2500970116707393 __DUMMY__ 0.016725404540853514	false	1.0
N2270	opposes 1.0		opposes 0.5493018626583941 favors 0.41079741082319793 __DUMMY__ 0.03990072651840809	true	1.0
N527	favors 1.0		favors 0.4890309694077962 opposes 0.47220337457957845 __DUMMY__ 0.03876565601262531	true	1.0
N2273	favors 1.0	favors 1.0	favors 0.7331831941263861 opposes 0.2503287395923459 __DUMMY__ 0.01648806628126795	false	1.0
N528	opposes 1.0	opposes 1.0	opposes 0.7325133619193103 favors 0.2521185148655285 __DUMMY__ 0.015368123215161152	false	1.0
N2274	favors 1.0	favors 1.0	favors 0.7397841979780543 opposes 0.2443441264331575 __DUMMY__ 0.01587167558878826	false	1.0
N529	opposes 1.0		opposes 0.5414341337449259 favors 0.4196614741729076 __DUMMY__ 0.038904392082166415	true	1.0
N2271	opposes 1.0		opposes 0.49921735527446 favors 0.46174132103865034 __DUMMY__ 0.03904132368688969	true	1.0
