N1742	opposes 1.0		opposes 0.5382320088385545 favors 0.40553583760642203 __DUMMY__ 0.05623215355502351	true	1.0
N1743	favors 1.0		opposes 0.5235673322529452 favors 0.4206124536468462 __DUMMY__ 0.055820214100208584	true	0.5
N1740	opposes 1.0		opposes 0.4782783182479166 favors 0.46470150792259995 __DUMMY__ 0.0570201738294835	true	1.0
N1741	opposes 1.0		opposes 0.5335722865796777 favors 0.40980884553484065 __DUMMY__ 0.0566188678854818	true	1.0
N1746	opposes 1.0	opposes 1.0	opposes 0.7395123697413202 favors 0.23407543226599997 __DUMMY__ 0.026412197992679905	false	1.0
N1747	opposes 1.0		opposes 0.5061874506894152 favors 0.4364029080435292 __DUMMY__ 0.057409641267055646	true	1.0
N1744	opposes 1.0		opposes 0.4813195205943223 favors 0.46436395797881735 __DUMMY__ 0.05431652142686029	true	1.0
N1745	opposes 1.0		opposes 0.5347312033230737 favors 0.4103721849479227 __DUMMY__ 0.05489661172900353	true	1.0
N1748	favors 1.0		opposes 0.5131818469371431 favors 0.43155277593159586 __DUMMY__ 0.05526537713126121	true	0.5
N1749	opposes 1.0		opposes 0.5130561447185487 favors 0.42988180398480513 __DUMMY__ 0.05706205129664611	true	1.0
N1731	favors 1.0		opposes 0.5905962709824648 favors 0.3558119091311276 __DUMMY__ 0.05359181988640764	true	0.5
N1732	favors 1.0		opposes 0.5064642504552658 favors 0.43744723885902065 __DUMMY__ 0.05608851068571368	true	0.5
N1730	opposes 1.0		opposes 0.5125763262911843 favors 0.4302953230241379 __DUMMY__ 0.05712835068467783	true	1.0
N1735	opposes 1.0		opposes 0.5382498313165408 favors 0.4044758711305652 __DUMMY__ 0.057274297552894045	true	1.0
N1736	opposes 1.0		opposes 0.5353309422519041 favors 0.40806562559795156 __DUMMY__ 0.05660343215014426	true	1.0
N1733	favors 1.0		favors 0.5155363892420055 opposes 0.4285167611937668 __DUMMY__ 0.05594684956422752	true	1.0
N1734	favors 1.0		opposes 0.47659931531202704 favors 0.4646974330324385 __DUMMY__ 0.0587032516555345	true	0.5
N1739	favors 1.0		opposes 0.4748940409028344 favors 0.46997491865375096 __DUMMY__ 0.05513104044341473	true	0.5
N1737	favors 1.0		opposes 0.5166610745313096 favors 0.4261606234297409 __DUMMY__ 0.05717830203894949	true	0.5
N1738	favors 1.0		opposes 0.5041686144810669 favors 0.4403930218588849 __DUMMY__ 0.055438363660048375	true	0.5
N1720	favors 1.0		opposes 0.4751287598547071 favors 0.4698247238910471 __DUMMY__ 0.0550465162542458	true	0.5
N1721	favors 1.0	favors 1.0	favors 0.7145416351086263 opposes 0.25847565978313586 __DUMMY__ 0.026982705108237866	false	1.0
N1724	favors 1.0		opposes 0.5224761419233656 favors 0.42181241962386096 __DUMMY__ 0.055711438452773494	true	0.5
N1725	favors 1.0		opposes 0.48138965761505415 favors 0.4643562724036144 __DUMMY__ 0.05425406998133159	true	0.5
N1722	opposes 1.0		opposes 0.5323641979497857 favors 0.4111334204194031 __DUMMY__ 0.056502381630811255	true	1.0
N1723	favors 1.0		opposes 0.5368803518947507 favors 0.40699634159819303 __DUMMY__ 0.05612330650705619	true	0.5
N1728	opposes 1.0		opposes 0.5054083657814687 favors 0.43710039810493023 __DUMMY__ 0.05749123611360101	true	1.0
N1729	favors 1.0		opposes 0.5127416976071474 favors 0.43200472353364655 __DUMMY__ 0.055253578859206114	true	0.5
N1726	opposes 1.0		opposes 0.5352210007095345 favors 0.409912424143135 __DUMMY__ 0.05486657514733047	true	1.0
N1727	favors 1.0		opposes 0.5081256455323001 favors 0.4357569514348247 __DUMMY__ 0.05611740303287505	true	0.5
N1710	favors 1.0		opposes 0.5048883532651279 favors 0.4377586024783667 __DUMMY__ 0.05735304425650544	true	0.5
N1713	opposes 1.0		opposes 0.58773353761692 favors 0.3587192819022298 __DUMMY__ 0.05354718048085007	true	1.0
N1714	opposes 1.0		opposes 0.505867515049997 favors 0.43815539906160617 __DUMMY__ 0.05597708588839691	true	1.0
N1711	opposes 1.0		opposes 0.5120825711851815 favors 0.4327439389529484 __DUMMY__ 0.05517348986187011	true	1.0
N1712	favors 1.0		opposes 0.5118682692233346 favors 0.43113452679781644 __DUMMY__ 0.056997203978848845	true	0.5
N1717	favors 1.0		opposes 0.5367371724328681 favors 0.4061342179331856 __DUMMY__ 0.057128609633946247	true	0.5
N1718	favors 1.0		opposes 0.5340942616542776 favors 0.4094180107152591 __DUMMY__ 0.05648772763046331	true	0.5
N1715	opposes 1.0		opposes 0.5743260156596389 favors 0.37060817448116096 __DUMMY__ 0.05506580985920002	true	1.0
N1716	opposes 1.0		opposes 0.47679180207536637 favors 0.4646812028928169 __DUMMY__ 0.058526995031816804	true	1.0
N1719	favors 1.0	favors 1.0	favors 0.6944968094140072 opposes 0.2784603238879218 __DUMMY__ 0.02704286669807111	false	1.0
N1782	favors 1.0		opposes 0.48301675802981187 favors 0.46262367734804455 __DUMMY__ 0.05435956462214355	true	0.5
N1783	opposes 1.0		opposes 0.5344437966865738 favors 0.4107501507993455 __DUMMY__ 0.054806052514080515	true	1.0
N1780	favors 1.0		opposes 0.5378332912660637 favors 0.40596183543017883 __DUMMY__ 0.05620487330375743	true	0.5
N1781	favors 1.0		opposes 0.5237116952085578 favors 0.4204814836604831 __DUMMY__ 0.055806821130959014	true	0.5
N1302	opposes 1.0		favors 0.5138592913098938 opposes 0.4301796300218456 __DUMMY__ 0.05596107866826063	true	0.5
N1786	favors 1.0	favors 1.0	favors 0.6990547513603946 opposes 0.2751100434582522 __DUMMY__ 0.025835205181353144	false	1.0
N1303	favors 1.0		opposes 0.47721148656875667 favors 0.4641210140915793 __DUMMY__ 0.05866749933966395	true	0.5
N1787	opposes 1.0		opposes 0.5124575314646149 favors 0.43054487101925565 __DUMMY__ 0.05699759751612938	true	1.0
N1300	favors 1.0		opposes 0.5892964187533287 favors 0.35706148328475246 __DUMMY__ 0.05364209796191877	true	0.5
N1784	opposes 1.0		opposes 0.5081427376155566 favors 0.4358430641329582 __DUMMY__ 0.056014198251485195	true	1.0
N1301	favors 1.0		opposes 0.5065916970709248 favors 0.4373124540135043 __DUMMY__ 0.05609584891557092	true	0.5
N1785	opposes 1.0		opposes 0.5055061449277441 favors 0.4371424890730045 __DUMMY__ 0.057351365999251204	true	1.0
N1306	opposes 1.0		opposes 0.5166117409732591 favors 0.4262211908079983 __DUMMY__ 0.057167068218742484	true	1.0
N1307	favors 1.0		opposes 0.5043317572887657 favors 0.4402135029381999 __DUMMY__ 0.0554547397730344	true	0.5
N1304	opposes 1.0		opposes 0.5378219134195356 favors 0.40491428665201024 __DUMMY__ 0.0572637999284542	true	1.0
N1788	opposes 1.0		opposes 0.5879011179514597 favors 0.3585297034020135 __DUMMY__ 0.05356917864652675	true	1.0
N1305	opposes 1.0		opposes 0.5350074152135511 favors 0.4083918552250275 __DUMMY__ 0.056600729561421266	true	1.0
N1789	favors 1.0		opposes 0.5065353098379368 favors 0.43748078369485666 __DUMMY__ 0.055983906467206364	true	0.5
N1308	favors 1.0		opposes 0.4755257052205905 favors 0.46932225606731953 __DUMMY__ 0.05515203871208979	true	0.5
N1309	opposes 1.0		opposes 0.4789271858988014 favors 0.46406000349274584 __DUMMY__ 0.05701281060845278	true	1.0
N1771	favors 1.0		opposes 0.5072611569511734 favors 0.4366727833917299 __DUMMY__ 0.05606605965709677	true	0.5
N1772	opposes 1.0		opposes 0.5749250636858494 favors 0.3699012340389973 __DUMMY__ 0.055173702275153266	true	1.0
N1770	favors 1.0		opposes 0.5881322682682989 favors 0.35820057784370024 __DUMMY__ 0.05366715388800088	true	0.5
N1775	favors 1.0		opposes 0.5378008192356459 favors 0.404990886287657 __DUMMY__ 0.05720829447669723	true	0.5
N1776	favors 1.0		opposes 0.535047536152695 favors 0.40839035841118476 __DUMMY__ 0.05656210543612024	true	0.5
N1773	opposes 1.0		favors 0.5111750786941202 opposes 0.43289205412676807 __DUMMY__ 0.055932867179111806	true	0.5
N2620	favors 1.0		opposes 0.4831799258442443 favors 0.4625029906784599 __DUMMY__ 0.054317083477295657	true	0.5
N1774	opposes 1.0		opposes 0.47849264745372494 favors 0.4629241067622141 __DUMMY__ 0.058583245784060996	true	1.0
N1779	opposes 1.0	opposes 1.0	opposes 0.7528506096628121 favors 0.2204965867505484 __DUMMY__ 0.02665280358663947	false	1.0
N1777	favors 1.0		opposes 0.5171077266122578 favors 0.4257834233829903 __DUMMY__ 0.05710885000475191	true	0.5
N1778	favors 1.0		opposes 0.4803057562688853 favors 0.46273385038507786 __DUMMY__ 0.056960393346036836	true	0.5
N901	favors 1.0	favors 1.0	favors 0.6974078424711773 opposes 0.27571632148959535 __DUMMY__ 0.0268758360392274	false	1.0
N902	opposes 1.0		opposes 0.5843504603332469 favors 0.3619742560823319 __DUMMY__ 0.053675283584421286	true	1.0
N903	opposes 1.0		opposes 0.5067873099989385 favors 0.43723534787318863 __DUMMY__ 0.05597734212787284	true	1.0
N904	opposes 1.0	opposes 1.0	opposes 0.7724483170174339 favors 0.20154844127104493 __DUMMY__ 0.026003241711521196	false	1.0
N1760	opposes 1.0		opposes 0.4805555051171763 favors 0.4624896279619712 __DUMMY__ 0.05695486692085244	true	1.0
N1761	opposes 1.0		opposes 0.5331428965842283 favors 0.4102817061531411 __DUMMY__ 0.056575397262630465	true	1.0
N900	opposes 1.0		opposes 0.5126002332775345 favors 0.4321875515829044 __DUMMY__ 0.055212215139561226	true	1.0
N909	opposes 1.0		opposes 0.5161468500381308 favors 0.42688946176101206 __DUMMY__ 0.05696368820085718	true	1.0
N1764	opposes 1.0		opposes 0.483217599794271 favors 0.46240678925818346 __DUMMY__ 0.05437561094754542	true	1.0
N2611	favors 1.0		opposes 0.5381133344651969 favors 0.40471811980553324 __DUMMY__ 0.05716854572926972	true	0.5
N1765	favors 1.0		opposes 0.534943749371023 favors 0.41017029686275425 __DUMMY__ 0.05488595376622275	true	0.5
N2612	favors 1.0		opposes 0.5353124108325733 favors 0.40816072735019676 __DUMMY__ 0.05652686181723012	true	0.5
N1762	opposes 1.0		opposes 0.5375883226893299 favors 0.4062060335045526 __DUMMY__ 0.05620564380611752	true	1.0
N1763	opposes 1.0		opposes 0.5235665600255023 favors 0.4206221372490616 __DUMMY__ 0.05581130272543613	true	1.0
N2610	opposes 1.0		opposes 0.47864752122583687 favors 0.4628026663232028 __DUMMY__ 0.05854981245096038	true	1.0
N905	opposes 1.0		favors 0.5083638231295172 opposes 0.4358018094444219 __DUMMY__ 0.05583436742606089	true	0.5
N1768	opposes 1.0		opposes 0.5132250369742809 favors 0.431516887573517 __DUMMY__ 0.055258075452202064	true	1.0
N2615	opposes 1.0		opposes 0.4769738777605602 favors 0.4679246043138294 __DUMMY__ 0.055101517925610514	true	1.0
N906	opposes 1.0		opposes 0.4791654552592956 favors 0.4624369153102264 __DUMMY__ 0.05839762943047797	true	1.0
N1769	favors 1.0		opposes 0.5131019389305421 favors 0.42982982154259614 __DUMMY__ 0.05706823952686181	true	0.5
N2616	favors 1.0		opposes 0.4804821805070666 favors 0.4625988752375265 __DUMMY__ 0.05691894425540692	true	0.5
N907	favors 1.0	favors 1.0	favors 0.6831615743892896 opposes 0.2897346192687566 __DUMMY__ 0.027103806341953703	false	1.0
N1766	favors 1.0		opposes 0.5088338290419696 favors 0.4350731559794816 __DUMMY__ 0.056093014978548926	true	0.5
N2613	opposes 1.0		opposes 0.5173843326881695 favors 0.425548843495473 __DUMMY__ 0.05706682381635758	true	1.0
N908	favors 1.0		opposes 0.5335889471416618 favors 0.40994596369787867 __DUMMY__ 0.056465089160459475	true	0.5
N1767	favors 1.0		opposes 0.506177887950916 favors 0.4364034967309542 __DUMMY__ 0.05741861531812979	true	0.5
N2614	opposes 1.0		opposes 0.5052524844404218 favors 0.4393501568290695 __DUMMY__ 0.055397358730508585	true	1.0
N2619	opposes 1.0		opposes 0.5239868549636645 favors 0.42024861282499454 __DUMMY__ 0.05576453221134106	true	1.0
N2617	favors 1.0		opposes 0.5336114393863104 favors 0.4098465617288484 __DUMMY__ 0.0565419988848413	true	0.5
N2618	favors 1.0		opposes 0.5381132715512967 favors 0.4057192552272532 __DUMMY__ 0.05616747322144989	true	0.5
N1750	favors 1.0		opposes 0.5874337486225963 favors 0.358876014550998 __DUMMY__ 0.05369023682640573	true	0.5
N1753	favors 1.0		favors 0.5104357792560071 opposes 0.433626716940124 __DUMMY__ 0.055937503803868784	true	1.0
N2600	opposes 1.0		opposes 0.48259539239818344 favors 0.4630832132099005 __DUMMY__ 0.05432139439191609	true	1.0
N1754	favors 1.0		opposes 0.4787334520550298 favors 0.4627022455923277 __DUMMY__ 0.05856430235264247	true	0.5
N2601	favors 1.0		opposes 0.5352059805872571 favors 0.40994655569432514 __DUMMY__ 0.05484746371841778	true	0.5
N1751	favors 1.0		opposes 0.507262097851402 favors 0.4366696488705679 __DUMMY__ 0.05606825327803014	true	0.5
N1752	favors 1.0		opposes 0.5743044959350565 favors 0.3705110251203435 __DUMMY__ 0.05518447894460006	true	0.5
N1757	favors 1.0		opposes 0.5170153858546847 favors 0.4258830194819115 __DUMMY__ 0.05710159466340387	true	0.5
N2604	opposes 1.0		opposes 0.5134333679375795 favors 0.43134476315645087 __DUMMY__ 0.05522186890596945	true	1.0
N1758	favors 1.0		opposes 0.5050558727061031 favors 0.43949926181226245 __DUMMY__ 0.05544486548163441	true	0.5
N2605	favors 1.0		opposes 0.5133263809518218 favors 0.4296406124651062 __DUMMY__ 0.057033006583071984	true	0.5
N1755	opposes 1.0		opposes 0.5375276657729782 favors 0.4052712655933408 __DUMMY__ 0.05720106863368103	true	1.0
N2602	favors 1.0		opposes 0.5090560731135709 favors 0.43488959156500473 __DUMMY__ 0.05605433532142444	true	0.5
N1756	opposes 1.0		opposes 0.5348322590153096 favors 0.4086079478610832 __DUMMY__ 0.05655979312360714	true	1.0
N2603	favors 1.0		opposes 0.5063833305426625 favors 0.4362318467441955 __DUMMY__ 0.057384822713141846	true	0.5
N2608	opposes 1.0		opposes 0.5753387796666035 favors 0.3695331984515936 __DUMMY__ 0.05512802188180295	true	1.0
N2609	opposes 1.0		favors 0.5111620004361703 opposes 0.43295234813735817 __DUMMY__ 0.05588565142647152	true	0.5
N1759	favors 1.0		opposes 0.4770766024399503 favors 0.4677721976242052 __DUMMY__ 0.055151199935844594	true	0.5
N2606	opposes 1.0	opposes 1.0	opposes 0.7819257596178634 favors 0.1929181283257923 __DUMMY__ 0.025156112056344344	false	1.0
N2607	opposes 1.0	opposes 1.0	opposes 0.7383598759009161 favors 0.23520788233414822 __DUMMY__ 0.026432241764935638	false	1.0
N923	favors 1.0		opposes 0.574543065083942 favors 0.37032450561746205 __DUMMY__ 0.05513242929859594	true	0.5
N924	favors 1.0		favors 0.5116459157255407 opposes 0.4324655268386151 __DUMMY__ 0.05588855743584413	true	1.0
N925	favors 1.0		opposes 0.4781369807048018 favors 0.46331679390944575 __DUMMY__ 0.05854622538575233	true	0.5
N926	opposes 1.0		opposes 0.537424376300703 favors 0.40540741048879475 __DUMMY__ 0.05716821321050206	true	1.0
N1342	opposes 1.0		opposes 0.5347266748608333 favors 0.40867379771212875 __DUMMY__ 0.0565995274270379	true	1.0
N920	opposes 1.0		opposes 0.5127635476934006 favors 0.4302038018943046 __DUMMY__ 0.057032650412294834	true	1.0
N1343	favors 1.0		opposes 0.5166628449425691 favors 0.4261811997213969 __DUMMY__ 0.05715595533603413	true	0.5
N921	favors 1.0		opposes 0.5877740492622344 favors 0.35859771417975056 __DUMMY__ 0.05362823655801507	true	0.5
N1340	favors 1.0		opposes 0.4779999313368934 favors 0.46337150955632533 __DUMMY__ 0.058628559106781095	true	0.5
N922	favors 1.0		opposes 0.5068983708040674 favors 0.43707384901829144 __DUMMY__ 0.056027780177641345	true	0.5
N1341	opposes 1.0		opposes 0.537438883945481 favors 0.40530813120230963 __DUMMY__ 0.05725298485220932	true	1.0
N1346	opposes 1.0		opposes 0.5330186020262769 favors 0.4103658424623498 __DUMMY__ 0.05661555551137336	true	1.0
N1347	opposes 1.0		opposes 0.537508809363254 favors 0.4062486330541847 __DUMMY__ 0.05624255758256126	true	1.0
N1344	favors 1.0		opposes 0.5046109138239809 favors 0.4399137905543175 __DUMMY__ 0.05547529562170148	true	0.5
N1345	favors 1.0		opposes 0.47976479573795483 favors 0.4632293830398213 __DUMMY__ 0.05700582122222387	true	0.5
N927	opposes 1.0		opposes 0.5347205191102874 favors 0.4087520029976159 __DUMMY__ 0.05652747789209683	true	1.0
N928	favors 1.0		opposes 0.5167073908144856 favors 0.42622609958639124 __DUMMY__ 0.05706650959912314	true	0.5
N929	favors 1.0		opposes 0.5046809756062789 favors 0.43991850508668096 __DUMMY__ 0.055400519307040146	true	0.5
N1348	favors 1.0		opposes 0.523313258749042 favors 0.4208393328421441 __DUMMY__ 0.05584740840881385	true	0.5
N1349	opposes 1.0		opposes 0.4825416009336341 favors 0.4630650201735887 __DUMMY__ 0.05439337889277733	true	1.0
N912	favors 1.0		opposes 0.4809706272568346 favors 0.4622050798541163 __DUMMY__ 0.05682429288904906	true	0.5
N913	favors 1.0		opposes 0.5362224585176215 favors 0.4076603791413981 __DUMMY__ 0.05611716234098055	true	0.5
N914	opposes 1.0		opposes 0.522530738658835 favors 0.4217428321885907 __DUMMY__ 0.05572642915257418	true	1.0
N915	favors 1.0		opposes 0.4835055945222214 favors 0.4621526912790181 __DUMMY__ 0.054341714198760493	true	0.5
N1331	favors 1.0		opposes 0.4821703328248388 favors 0.4634663462911079 __DUMMY__ 0.05436332088405343	true	0.5
N1332	opposes 1.0		opposes 0.5346256409408063 favors 0.4104554519802061 __DUMMY__ 0.054918907078987535	true	1.0
N910	opposes 1.0	opposes 1.0	opposes 0.7374568153191888 favors 0.2365404897872192 __DUMMY__ 0.026002694893591947	false	1.0
N911	favors 1.0		opposes 0.4775534910607393 favors 0.4673521242340254 __DUMMY__ 0.05509438470523532	true	0.5
N1330	favors 1.0		opposes 0.5235380686271671 favors 0.4206247940021899 __DUMMY__ 0.05583713737064304	true	0.5
N1335	favors 1.0		opposes 0.5128676894899683 favors 0.43184156529023915 __DUMMY__ 0.05529074521979262	true	0.5
N1336	opposes 1.0		opposes 0.5127163762951435 favors 0.4301756413222525 __DUMMY__ 0.0571079823826038	true	1.0
N1333	favors 1.0		opposes 0.5084243637712968 favors 0.4354441378795921 __DUMMY__ 0.0561314983491111	true	0.5
N1334	favors 1.0		opposes 0.505782118826034 favors 0.43675935700005997 __DUMMY__ 0.05745852417390607	true	0.5
N916	opposes 1.0	opposes 1.0	opposes 0.7537120471790849 favors 0.22058748614860424 __DUMMY__ 0.02570046667231079	false	1.0
N1339	favors 1.0		favors 0.5118563210655033 opposes 0.43216548191561743 __DUMMY__ 0.055978197018879336	true	1.0
N917	opposes 1.0		opposes 0.5084838905332323 favors 0.43546000568826004 __DUMMY__ 0.05605610377850771	true	1.0
N918	opposes 1.0		opposes 0.5058449958323813 favors 0.4367712892237613 __DUMMY__ 0.05738371494385731	true	1.0
N1337	favors 1.0		opposes 0.5879206815617757 favors 0.35837865845585454 __DUMMY__ 0.053700659982369905	true	0.5
N919	favors 1.0		opposes 0.5129111208540996 favors 0.4318639326789767 __DUMMY__ 0.055224946466923615	true	0.5
N1338	favors 1.0		opposes 0.5068325529670049 favors 0.43706162443020746 __DUMMY__ 0.05610582260278762	true	0.5
N940	opposes 1.0		opposes 0.5124357989812326 favors 0.430615626126317 __DUMMY__ 0.056948574892450525	true	1.0
N945	favors 1.0		opposes 0.47916545525929566 favors 0.4624369153102265 __DUMMY__ 0.05839762943047798	true	0.5
N946	opposes 1.0		opposes 0.5360161477006018 favors 0.40691972258679543 __DUMMY__ 0.05706412971260285	true	1.0
N947	opposes 1.0	opposes 1.0	opposes 0.7531386773835412 favors 0.22029087554478868 __DUMMY__ 0.026570447071670108	false	1.0
N948	favors 1.0		opposes 0.5046596380236804 favors 0.43996278682475576 __DUMMY__ 0.05537757515156388	true	0.5
N941	favors 1.0		opposes 0.5843504603332468 favors 0.36197425608233186 __DUMMY__ 0.05367528358442128	true	0.5
N1320	favors 1.0		opposes 0.5757103703137667 favors 0.3690977710789411 __DUMMY__ 0.05519185860729213	true	0.5
N942	favors 1.0		opposes 0.5067873099989385 favors 0.4372353478731888 __DUMMY__ 0.05597734212787285	true	0.5
N1321	favors 1.0		favors 0.5131747921355542 opposes 0.4308586973339211 __DUMMY__ 0.055966510530524705	true	1.0
N943	favors 1.0		opposes 0.5714894758660072 favors 0.3733946342959144 __DUMMY__ 0.05511588983807852	true	0.5
N944	opposes 1.0		favors 0.5083638231295172 opposes 0.4358018094444219 __DUMMY__ 0.05583436742606089	true	0.5
N1324	opposes 1.0		opposes 0.5350755227839219 favors 0.4083229067315193 __DUMMY__ 0.05660157048455882	true	1.0
N1325	favors 1.0		opposes 0.5167944321192288 favors 0.42604002556393633 __DUMMY__ 0.05716554231683484	true	0.5
N1322	favors 1.0		opposes 0.47755919932241475 favors 0.46378203634198134 __DUMMY__ 0.05865876433560402	true	0.5
N1323	opposes 1.0		opposes 0.5378857445361349 favors 0.4048521378093907 __DUMMY__ 0.057262117654474316	true	1.0
N949	favors 1.0		opposes 0.4775534910607392 favors 0.4673521242340254 __DUMMY__ 0.0550943847052353	true	0.5
N1328	opposes 1.0		opposes 0.5333484638841941 favors 0.41003414633101204 __DUMMY__ 0.056617389784793824	true	1.0
N1329	opposes 1.0		opposes 0.5379084984203923 favors 0.4058525988134108 __DUMMY__ 0.05623890276619696	true	1.0
N1326	favors 1.0		opposes 0.5045518050641835 favors 0.43998703319823407 __DUMMY__ 0.055461161737582476	true	0.5
N1327	favors 1.0		opposes 0.47930412911481546 favors 0.4636837580302154 __DUMMY__ 0.05701211285496925	true	0.5
N934	favors 1.0		opposes 0.5233370405014699 favors 0.4208958250950501 __DUMMY__ 0.05576713440348	true	0.5
N935	opposes 1.0		opposes 0.48266569988796865 favors 0.4630116777329589 __DUMMY__ 0.05432262237907248	true	1.0
N1790	opposes 1.0		opposes 0.574592350291963 favors 0.37032837153191683 __DUMMY__ 0.055079278176120315	true	1.0
N936	opposes 1.0		opposes 0.5335017361035793 favors 0.411647059782679 __DUMMY__ 0.054851204113741746	true	1.0
N937	opposes 1.0		opposes 0.5083137761881975 favors 0.43567882797280405 __DUMMY__ 0.05600739583899847	true	1.0
N930	favors 1.0	favors 1.0	favors 0.7180710201584698 opposes 0.25608408698772844 __DUMMY__ 0.025844892853801784	false	1.0
N1793	opposes 1.0		opposes 0.5372379054119143 favors 0.4056333177649854 __DUMMY__ 0.05712877682310051	true	1.0
N931	opposes 1.0		opposes 0.4799117703069541 favors 0.46316913001068666 __DUMMY__ 0.056919099682359184	true	1.0
N1310	opposes 1.0		opposes 0.5332718852822815 favors 0.4101116369681548 __DUMMY__ 0.05661647774956364	true	1.0
N1794	opposes 1.0		opposes 0.5345434308298508 favors 0.4089657413356419 __DUMMY__ 0.05649082783450739	true	1.0
N932	opposes 1.0		opposes 0.5330164719046772 favors 0.4104408765950195 __DUMMY__ 0.05654265150030341	true	1.0
N1791	favors 1.0	favors 1.0	favors 0.7400952671971307 opposes 0.23343585720358248 __DUMMY__ 0.026468875599286824	false	1.0
N933	opposes 1.0		opposes 0.5374956499201411 favors 0.40633536794336866 __DUMMY__ 0.05616898213649019	true	1.0
N1792	favors 1.0		opposes 0.47761471577247455 favors 0.463866890229775 __DUMMY__ 0.0585183939977504	true	0.5
N1313	opposes 1.0		opposes 0.5349699939115262 favors 0.4101314972436029 __DUMMY__ 0.054898508844870866	true	1.0
N1797	favors 1.0		opposes 0.4759497677387029 favors 0.4689919729778808 __DUMMY__ 0.055058259283416275	true	0.5
N1314	favors 1.0		opposes 0.5084207453436538 favors 0.43545286956762574 __DUMMY__ 0.05612638508872061	true	0.5
N1798	opposes 1.0	opposes 1.0	opposes 0.7225096566116933 favors 0.2505143641303252 __DUMMY__ 0.026975979257981553	false	1.0
N1311	opposes 1.0		opposes 0.5378511916601402 favors 0.40591259077599806 __DUMMY__ 0.056236217563861754	true	1.0
N1795	opposes 1.0		opposes 0.5163711472537873 favors 0.4266042007279704 __DUMMY__ 0.05702465201824246	true	1.0
N1312	opposes 1.0		opposes 0.4818485068250505 favors 0.4637998148507505 __DUMMY__ 0.05435167832419905	true	1.0
N1796	favors 1.0		opposes 0.5043126033633527 favors 0.4403330440653271 __DUMMY__ 0.05535435257132025	true	0.5
N938	opposes 1.0		opposes 0.5057811879898854 favors 0.4369304486030984 __DUMMY__ 0.05728836340701637	true	1.0
N1317	opposes 1.0		opposes 0.5127720916136957 favors 0.43011137780738723 __DUMMY__ 0.057116530578917024	true	1.0
N939	favors 1.0		opposes 0.5126002332775345 favors 0.4321875515829044 __DUMMY__ 0.055212215139561226	true	0.5
N1318	favors 1.0		opposes 0.5891041155003242 favors 0.3572379401140542 __DUMMY__ 0.05365794438562155	true	0.5
N1315	opposes 1.0		opposes 0.505742724193263 favors 0.4367852760103003 __DUMMY__ 0.057471999796436704	true	1.0
N1799	opposes 1.0		opposes 0.5328280480003815 favors 0.41066643219854027 __DUMMY__ 0.05650551980107821	true	1.0
N1316	favors 1.0		opposes 0.5129207154970591 favors 0.4318028887371286 __DUMMY__ 0.05527639576581241	true	0.5
N1319	opposes 1.0		opposes 0.5068056172288957 favors 0.4370949019121378 __DUMMY__ 0.05609948085896644	true	1.0
N960	favors 1.0		opposes 0.47806662778601716 favors 0.4632987672740262 __DUMMY__ 0.05863460493995661	true	0.5
N961	favors 1.0		opposes 0.537824072376698 favors 0.4049240568999986 __DUMMY__ 0.057251870723303275	true	0.5
N962	opposes 1.0		opposes 0.5350479392670071 favors 0.40835601771182056 __DUMMY__ 0.056596043021172264	true	1.0
N967	opposes 1.0		opposes 0.523621038812761 favors 0.42053962328368044 __DUMMY__ 0.055839337903558627	true	1.0
N1382	favors 1.0		opposes 0.4805460542472968 favors 0.46249172724581683 __DUMMY__ 0.0569622185068863	true	0.5
N968	favors 1.0		opposes 0.48262940185975994 favors 0.4629917279092742 __DUMMY__ 0.054378870230966006	true	0.5
N1383	opposes 1.0		opposes 0.5331338845692203 favors 0.41028453538567705 __DUMMY__ 0.056581580045102615	true	1.0
N2230	opposes 1.0	opposes 1.0	opposes 0.7738777830422877 favors 0.2001397476358092 __DUMMY__ 0.025982469321903054	false	1.0
N969	favors 1.0		opposes 0.534450729654188 favors 0.4106808646782524 __DUMMY__ 0.05486840566755973	true	0.5
N1380	favors 1.0		opposes 0.5050468365211754 favors 0.43950167404966406 __DUMMY__ 0.055451489429160505	true	0.5
N1381	favors 1.0		opposes 0.47706830212379175 favors 0.4677740114390018 __DUMMY__ 0.05515768643720638	true	0.5
N963	opposes 1.0		opposes 0.5169543356374945 favors 0.4258911323881877 __DUMMY__ 0.057154531974317885	true	1.0
N1386	opposes 1.0		opposes 0.4832091630483684 favors 0.46240872078006373 __DUMMY__ 0.054382116171567955	true	1.0
N2233	favors 1.0		opposes 0.5369636001996353 favors 0.40591141380505114 __DUMMY__ 0.057124985995313404	true	0.5
N964	favors 1.0		opposes 0.4798484084940328 favors 0.4631480722932752 __DUMMY__ 0.057003519212691985	true	0.5
N1387	opposes 1.0	opposes 1.0	opposes 0.7540724661663992 favors 0.2202695815968726 __DUMMY__ 0.02565795223672819	false	1.0
N2234	favors 1.0		opposes 0.534320638810828 favors 0.40918932824623017 __DUMMY__ 0.05649003294294178	true	0.5
N965	favors 1.0		opposes 0.533335586215455 favors 0.4100523698287177 __DUMMY__ 0.05661204395582745	true	0.5
N1384	favors 1.0		opposes 0.5375790198861663 favors 0.40620899681246664 __DUMMY__ 0.056211983301367195	true	0.5
N2231	favors 1.0		favors 0.5122015612185308 opposes 0.43195751238516406 __DUMMY__ 0.05584092639630521	true	1.0
N966	favors 1.0		opposes 0.5378540787760939 favors 0.40590878290266263 __DUMMY__ 0.05623713832124352	true	0.5
N1385	favors 1.0		opposes 0.523556602211014 favors 0.4206251077453021 __DUMMY__ 0.055818290043683896	true	0.5
N2232	opposes 1.0		opposes 0.47770839882945604 favors 0.46378552945704277 __DUMMY__ 0.058506071713501064	true	1.0
N2237	opposes 1.0		opposes 0.4760519947472979 favors 0.46888232760898246 __DUMMY__ 0.05506567764371959	true	1.0
N2238	favors 1.0		opposes 0.4794367535397778 favors 0.46368869166015086 __DUMMY__ 0.056874554800071295	true	0.5
N1388	opposes 1.0		opposes 0.5090410315804924 favors 0.43499449099231585 __DUMMY__ 0.05596447742719166	true	1.0
N2235	favors 1.0		opposes 0.5162200628704376 favors 0.4267591267730955 __DUMMY__ 0.0570208103564668	true	0.5
N1389	opposes 1.0	opposes 1.0	opposes 0.7383125640664104 favors 0.23463819351840784 __DUMMY__ 0.02704924241518178	false	1.0
N2236	opposes 1.0		opposes 0.5042502244786468 favors 0.4403896143745903 __DUMMY__ 0.05536016114676289	true	1.0
N2239	favors 1.0		opposes 0.5326121720081716 favors 0.4108830493236684 __DUMMY__ 0.056504778668159936	true	0.5
N950	opposes 1.0		opposes 0.5319367303131143 favors 0.41158450537100044 __DUMMY__ 0.056478764315885305	true	1.0
N951	opposes 1.0		opposes 0.5362224585176215 favors 0.40766037914139797 __DUMMY__ 0.05611716234098053	true	1.0
N956	favors 1.0		opposes 0.5129435498601502 favors 0.42994979723028864 __DUMMY__ 0.05710665290956117	true	0.5
N1371	opposes 1.0		opposes 0.5130473726313803 favors 0.42988431102761604 __DUMMY__ 0.05706831634100358	true	1.0
N957	opposes 1.0		opposes 0.5885485477016934 favors 0.35776970354129345 __DUMMY__ 0.05368174875701301	true	1.0
N1372	favors 1.0		opposes 0.5874227090743044 favors 0.3588801808813202 __DUMMY__ 0.05369711004437542	true	0.5
N958	opposes 1.0		opposes 0.5070462620770102 favors 0.43685443556334574 __DUMMY__ 0.05609930235964403	true	1.0
N959	opposes 1.0		opposes 0.5752576913818497 favors 0.36954061891034373 __DUMMY__ 0.05520168970780659	true	1.0
N1370	favors 1.0		opposes 0.5131737011759367 favors 0.43155507595878656 __DUMMY__ 0.05527122286527665	true	0.5
N952	opposes 1.0		opposes 0.4835055945222214 favors 0.4621526912790181 __DUMMY__ 0.054341714198760493	true	1.0
N1375	favors 1.0		favors 0.510436927419468 opposes 0.43361778704804005 __DUMMY__ 0.05594528553249195	true	1.0
N2222	opposes 1.0		opposes 0.4822918017558585 favors 0.4634149018481255 __DUMMY__ 0.05429329639601592	true	1.0
N953	favors 1.0		opposes 0.5349434985304994 favors 0.4101486842111097 __DUMMY__ 0.0549078172583908	true	0.5
N1376	favors 1.0		opposes 0.4787249735837063 favors 0.46270416338220005 __DUMMY__ 0.0585708630340937	true	0.5
N2223	favors 1.0	favors 1.0	favors 0.687262628272983 opposes 0.2870567707459627 __DUMMY__ 0.025680600981054208	false	1.0
N954	favors 1.0		opposes 0.5086382159116243 favors 0.43523635846567144 __DUMMY__ 0.05612542562270427	true	0.5
N1373	favors 1.0		opposes 0.5072528118710181 favors 0.43667216971327105 __DUMMY__ 0.05607501841571082	true	0.5
N2220	opposes 1.0	opposes 1.0	opposes 0.7548894542307205 favors 0.2186384667432754 __DUMMY__ 0.026472079026004056	false	1.0
N955	favors 1.0		opposes 0.505973102905481 favors 0.4365679633219528 __DUMMY__ 0.057458933772566105	true	0.5
N1374	opposes 1.0	opposes 1.0	opposes 0.7740846342557349 favors 0.19989000982235003 __DUMMY__ 0.02602535592191497	false	1.0
N2221	favors 1.0		opposes 0.5234144577771815 favors 0.42083300982115734 __DUMMY__ 0.05575253240166123	true	0.5
N1379	favors 1.0		opposes 0.5170049212302751 favors 0.42588606420553193 __DUMMY__ 0.05710901456419303	true	0.5
N2226	opposes 1.0		opposes 0.5125294720476082 favors 0.4322813220942953 __DUMMY__ 0.05518920585809652	true	1.0
N2227	favors 1.0		opposes 0.5123521348601809 favors 0.4306537473874329 __DUMMY__ 0.05699411775238622	true	0.5
N1377	opposes 1.0		opposes 0.5375172781466462 favors 0.40527456139265794 __DUMMY__ 0.05720816046069574	true	1.0
N2224	favors 1.0		opposes 0.508058883674067 favors 0.43592483176615204 __DUMMY__ 0.05601628455978087	true	0.5
N1378	favors 1.0		opposes 0.534823322434295 favors 0.40861078546101093 __DUMMY__ 0.05656589210469415	true	0.5
N2225	favors 1.0		opposes 0.5054410086285565 favors 0.43721310914289474 __DUMMY__ 0.05734588222854864	true	0.5
N2228	opposes 1.0		opposes 0.5873297181374434 favors 0.35908371388205257 __DUMMY__ 0.05358656798050414	true	1.0
N2229	opposes 1.0		opposes 0.5064579337657649 favors 0.4375555671666812 __DUMMY__ 0.055986499067553826	true	1.0
N981	favors 1.0		opposes 0.4792266897490683 favors 0.46381630519358635 __DUMMY__ 0.056957005057345224	true	0.5
N982	opposes 1.0		opposes 0.5328319295076925 favors 0.4105955240503824 __DUMMY__ 0.056572546441924935	true	1.0
N983	favors 1.0		opposes 0.5373414015591167 favors 0.4064620560768618 __DUMMY__ 0.056196542364021475	true	0.5
N500	favors 1.0		opposes 0.47771199808018977 favors 0.46372075649041505 __DUMMY__ 0.05856724542939514	true	0.5
N984	favors 1.0		opposes 0.5230463359818742 favors 0.4211594297842976 __DUMMY__ 0.05579423423382807	true	0.5
N980	opposes 1.0		opposes 0.5042577764073679 favors 0.44031884599669263 __DUMMY__ 0.055423377595939474	true	1.0
N505	favors 1.0		opposes 0.479468116059782 favors 0.46361581949547376 __DUMMY__ 0.056916064444744265	true	0.5
N989	favors 1.0		opposes 0.5128919778305097 favors 0.431814656047656 __DUMMY__ 0.055293366121834386	true	0.5
N1360	favors 1.0		opposes 0.5168587142888409 favors 0.426082675279531 __DUMMY__ 0.0570586104316282	true	0.5
N506	opposes 1.0		opposes 0.5333449807219622 favors 0.41011874634529066 __DUMMY__ 0.056536272932747045	true	1.0
N1361	opposes 1.0		opposes 0.5047364820139343 favors 0.43988034910793705 __DUMMY__ 0.05538316887812861	true	1.0
N507	opposes 1.0		opposes 0.5378925175772659 favors 0.405950349916652 __DUMMY__ 0.05615713250608206	true	1.0
N508	opposes 1.0		opposes 0.5235633686334219 favors 0.4206887019781209 __DUMMY__ 0.05574792938845715	true	1.0
N501	opposes 1.0		opposes 0.5378675461699414 favors 0.40496404243850276 __DUMMY__ 0.05716841139155591	true	1.0
N985	favors 1.0		opposes 0.4820768989932717 favors 0.463586749531353 __DUMMY__ 0.05433635147537519	true	0.5
N1364	favors 1.0		opposes 0.5377528924033792 favors 0.4060901750951497 __DUMMY__ 0.05615693250147114	true	0.5
N2211	favors 1.0		opposes 0.506785706538698 favors 0.437197795864714 __DUMMY__ 0.056016497596587826	true	0.5
N502	opposes 1.0		opposes 0.5350676146449985 favors 0.40841109467695125 __DUMMY__ 0.05652129067805015	true	1.0
N986	opposes 1.0		opposes 0.5346936135039061 favors 0.41038561460706335 __DUMMY__ 0.054920771889030544	true	1.0
N1365	favors 1.0		opposes 0.523524245466483 favors 0.4207246830598581 __DUMMY__ 0.055751071473658896	true	0.5
N2212	favors 1.0	favors 1.0	favors 0.6633765859725292 opposes 0.31061493504728616 __DUMMY__ 0.02600847898018458	false	1.0
N503	favors 1.0		opposes 0.5046294155635597 favors 0.4399927242321815 __DUMMY__ 0.05537786020425889	true	0.5
N987	opposes 1.0		opposes 0.5084422329121987 favors 0.43542187990339537 __DUMMY__ 0.05613588718440593	true	1.0
N1362	favors 1.0		opposes 0.4763496668103156 favors 0.4685640188916607 __DUMMY__ 0.055086314298023575	true	0.5
N504	favors 1.0		opposes 0.47603186247133655 favors 0.4688892264295364 __DUMMY__ 0.05507891109912719	true	0.5
N988	opposes 1.0		opposes 0.5057937609968902 favors 0.43674078221562745 __DUMMY__ 0.057465456787482376	true	1.0
N1363	opposes 1.0		opposes 0.5332408749845637 favors 0.41022593923587414 __DUMMY__ 0.05653318577956227	true	1.0
N2210	favors 1.0		opposes 0.588590986527948 favors 0.3578199921458882 __DUMMY__ 0.053589021326163694	true	0.5
N1368	favors 1.0		opposes 0.5088128919416731 favors 0.43508596341166805 __DUMMY__ 0.05610114464665902	true	0.5
N2215	opposes 1.0		opposes 0.5376712880724905 favors 0.40515973192408367 __DUMMY__ 0.05716898000342595	true	1.0
N1369	favors 1.0		opposes 0.5061789621911911 favors 0.4364052446385837 __DUMMY__ 0.05741579317022525	true	0.5
N2216	opposes 1.0		opposes 0.5349056276959859 favors 0.4085713345794503 __DUMMY__ 0.056523037724563914	true	1.0
N1366	favors 1.0		opposes 0.48258018217318327 favors 0.46312136426552963 __DUMMY__ 0.054298453561286944	true	0.5
N2213	opposes 1.0		favors 0.5127715933762793 opposes 0.4313558026024158 __DUMMY__ 0.0558726040213049	true	0.5
N1367	opposes 1.0		opposes 0.5347223357244824 favors 0.4103749530736526 __DUMMY__ 0.05490271120186499	true	1.0
N2214	favors 1.0		opposes 0.4777085905185806 favors 0.46372817244521974 __DUMMY__ 0.05856323703619961	true	0.5
N509	opposes 1.0		opposes 0.4823085780626534 favors 0.4634066587842126 __DUMMY__ 0.05428476315313387	true	1.0
N2219	opposes 1.0		opposes 0.5331859441890532 favors 0.4102759381505241 __DUMMY__ 0.056538117660422646	true	1.0
N2217	favors 1.0		opposes 0.5045457186006805 favors 0.44007110238715375 __DUMMY__ 0.05538317901216569	true	0.5
N2218	favors 1.0		opposes 0.4794584659410135 favors 0.46362424664092067 __DUMMY__ 0.056917287418065836	true	0.5
N970	favors 1.0		opposes 0.5080964691923749 favors 0.43581989329816684 __DUMMY__ 0.05608363750945826	true	0.5
N971	favors 1.0	favors 1.0	favors 0.7011432699691117 opposes 0.27175539994760745 __DUMMY__ 0.027101330083280886	false	1.0
N972	opposes 1.0		opposes 0.5125946883172872 favors 0.43216128672095216 __DUMMY__ 0.05524402496176075	true	1.0
N973	favors 1.0		opposes 0.5124212783237047 favors 0.43051198449656486 __DUMMY__ 0.05706673717973047	true	0.5
N978	favors 1.0		opposes 0.5345505930623135 favors 0.40889237331921274 __DUMMY__ 0.05655703361847379	true	0.5
N979	favors 1.0		opposes 0.5163371594034104 favors 0.4265558293949589 __DUMMY__ 0.05710701120163068	true	0.5
N1350	favors 1.0		opposes 0.5348491097271599 favors 0.41031858398964416 __DUMMY__ 0.05483230628319587	true	0.5
N974	opposes 1.0		opposes 0.5880229510413101 favors 0.35834035780580853 __DUMMY__ 0.05363669115288143	true	1.0
N1353	favors 1.0		opposes 0.5128666201297652 favors 0.43010730387277546 __DUMMY__ 0.057026075997459284	true	0.5
N2200	favors 1.0		opposes 0.47679132905580296 favors 0.4680716213035412 __DUMMY__ 0.05513704964065583	true	0.5
N975	opposes 1.0		opposes 0.5064839051342469 favors 0.43746018996013286 __DUMMY__ 0.05605590490562019	true	1.0
N1354	opposes 1.0	opposes 1.0	opposes 0.7818177845217658 favors 0.19303545873969388 __DUMMY__ 0.025146756738540325	false	1.0
N2201	opposes 1.0		opposes 0.5333269408699841 favors 0.41009971740755113 __DUMMY__ 0.05657334172246479	true	1.0
N976	favors 1.0		favors 0.5127958921347916 opposes 0.4312848784061775 __DUMMY__ 0.055919229459030974	true	1.0
N1351	favors 1.0		opposes 0.5085630340006285 favors 0.43539390660495214 __DUMMY__ 0.05604305939441941	true	0.5
N977	favors 1.0		opposes 0.5372519674685143 favors 0.40554116294393117 __DUMMY__ 0.05720686958755446	true	0.5
N1352	opposes 1.0		opposes 0.513007442345622 favors 0.43178389456058974 __DUMMY__ 0.0552086630937881	true	1.0
N1357	favors 1.0	favors 1.0	favors 0.7398545370611693 opposes 0.23366071844568584 __DUMMY__ 0.026484744493144755	false	1.0
N2204	opposes 1.0		opposes 0.48298417833461016 favors 0.46266127101352206 __DUMMY__ 0.05435455065186776	true	1.0
N1358	favors 1.0		opposes 0.5377112633061475 favors 0.40512760247485163 __DUMMY__ 0.057161134219000875	true	0.5
N2205	opposes 1.0		opposes 0.5348021897192595 favors 0.410367963334879 __DUMMY__ 0.05482984694586132	true	1.0
N1355	opposes 1.0		opposes 0.5069699616978796 favors 0.43701608121567237 __DUMMY__ 0.0560139570864481	true	1.0
N2202	opposes 1.0		opposes 0.5378135026737355 favors 0.4059861108576859 __DUMMY__ 0.056200386468578584	true	1.0
N1356	opposes 1.0		opposes 0.5751008097501047 favors 0.36978817789227325 __DUMMY__ 0.05511101235762198	true	1.0
N2203	favors 1.0		opposes 0.5236863366388392 favors 0.42051178390969246 __DUMMY__ 0.05580187945146831	true	0.5
N2208	favors 1.0		opposes 0.5128724829423604 favors 0.43191941387112276 __DUMMY__ 0.055208103186516755	true	0.5
N2209	opposes 1.0		opposes 0.512720618712655 favors 0.43024624186179583 __DUMMY__ 0.05703313942554929	true	1.0
N1359	favors 1.0		opposes 0.5349526331214373 favors 0.40852922275041803 __DUMMY__ 0.05651814412814475	true	0.5
N2206	opposes 1.0		opposes 0.5083924548064768 favors 0.43556165376080214 __DUMMY__ 0.05604589143272111	true	1.0
N2207	opposes 1.0		opposes 0.5057304941377455 favors 0.43688146632136104 __DUMMY__ 0.057388039540893464	true	1.0
N520	opposes 1.0	opposes 1.0	opposes 0.7545053728851127 favors 0.2184376991876397 __DUMMY__ 0.027056927927247742	false	1.0
N521	opposes 1.0		opposes 0.535913514714133 favors 0.40771240423684657 __DUMMY__ 0.056374081049020426	true	1.0
N522	favors 1.0	favors 1.0	favors 0.6934040185769792 opposes 0.2796484735930738 __DUMMY__ 0.02694750782994703	false	1.0
N2270	opposes 1.0		opposes 0.5370174643186233 favors 0.40586025922425845 __DUMMY__ 0.057122276457118204	true	1.0
N527	favors 1.0		opposes 0.524694038553717 favors 0.4197144387086464 __DUMMY__ 0.05559152273763651	true	0.5
N2273	favors 1.0	favors 1.0	favors 0.7028952306552215 opposes 0.2711178597246414 __DUMMY__ 0.02598690962013711	false	1.0
N528	opposes 1.0	opposes 1.0	opposes 0.7259214693872815 favors 0.24868491937416834 __DUMMY__ 0.02539361123855011	false	1.0
N2274	favors 1.0	favors 1.0	favors 0.7182386256596676 opposes 0.25593899211551946 __DUMMY__ 0.025822382224812982	false	1.0
N529	opposes 1.0		opposes 0.5347174367151396 favors 0.4103858610881873 __DUMMY__ 0.054896702196673086	true	1.0
N2271	opposes 1.0		opposes 0.5343730190401922 favors 0.40913839809914715 __DUMMY__ 0.05648858286066067	true	1.0
N2272	favors 1.0		opposes 0.5163286788263799 favors 0.42665325930937525 __DUMMY__ 0.057018061864244934	true	0.5
N523	favors 1.0		opposes 0.47770673199410446 favors 0.4673507208030057 __DUMMY__ 0.05494254720288968	true	0.5
N2277	opposes 1.0		opposes 0.53713067380003 favors 0.40673969071307164 __DUMMY__ 0.05612963548689829	true	1.0
N524	opposes 1.0		opposes 0.4812995048127743 favors 0.46196331812637303 __DUMMY__ 0.05673717706085267	true	1.0
N2278	favors 1.0		opposes 0.5229666475632981 favors 0.4213087489147653 __DUMMY__ 0.05572460352193654	true	0.5
N525	opposes 1.0		opposes 0.5342218810351845 favors 0.409390525146554 __DUMMY__ 0.056387593818261555	true	1.0
