N1742	opposes 1.0		opposes 0.5225007357242362 favors 0.42025456179325754 __DUMMY__ 0.05724470248250635	true	1.0
N1743	favors 1.0		opposes 0.5193512918628905 favors 0.4235219850037051 __DUMMY__ 0.05712672313340432	true	0.5
N1740	opposes 1.0		opposes 0.5127794544397081 favors 0.42967327279025835 __DUMMY__ 0.057547272770033644	true	1.0
N1741	opposes 1.0		opposes 0.5232224666190414 favors 0.4193793450079852 __DUMMY__ 0.05739818837297343	true	1.0
N1746	opposes 1.0	opposes 1.0	opposes 0.7460972852285706 favors 0.22726642286279383 __DUMMY__ 0.026636291908635652	false	1.0
N1747	opposes 1.0		opposes 0.5192811936620679 favors 0.42369660383886537 __DUMMY__ 0.057022202499066615	true	1.0
N1744	opposes 1.0		opposes 0.5097811333017945 favors 0.4337022849778257 __DUMMY__ 0.0565165817203797	true	1.0
N1745	opposes 1.0		opposes 0.5256598916384146 favors 0.41807269395306995 __DUMMY__ 0.05626741440851531	true	1.0
N1748	favors 1.0		opposes 0.5208274653033191 favors 0.4228162387150385 __DUMMY__ 0.05635629598164235	true	0.5
N1749	opposes 1.0		opposes 0.5204353641106696 favors 0.4226493487512105 __DUMMY__ 0.05691528713811972	true	1.0
N1731	favors 1.0		opposes 0.5338680445945647 favors 0.4098291585870398 __DUMMY__ 0.05630279681839555	true	0.5
N1732	favors 1.0		opposes 0.5159110579540873 favors 0.4268763005641121 __DUMMY__ 0.05721264148180056	true	0.5
N1730	opposes 1.0		opposes 0.5167081665678694 favors 0.425696436035469 __DUMMY__ 0.05759539739666166	true	1.0
N1735	opposes 1.0		opposes 0.5197684162276162 favors 0.4225787341060817 __DUMMY__ 0.05765284966630224	true	1.0
N1736	opposes 1.0		opposes 0.5236076805905339 favors 0.41900948807055244 __DUMMY__ 0.05738283133891355	true	1.0
N1733	favors 1.0		opposes 0.5070274125577073 favors 0.4357066631108842 __DUMMY__ 0.057265924331408494	true	0.5
N1734	favors 1.0		opposes 0.5115926232105965 favors 0.43024982150584185 __DUMMY__ 0.05815755528356168	true	0.5
N1739	favors 1.0		opposes 0.5046389800814273 favors 0.43859114333314586 __DUMMY__ 0.056769876585426975	true	0.5
N1737	favors 1.0		opposes 0.5181640210517184 favors 0.42417042194797633 __DUMMY__ 0.057665557000305255	true	0.5
N1738	favors 1.0		opposes 0.5146936109639291 favors 0.4283799447559417 __DUMMY__ 0.05692644428012923	true	0.5
N1720	favors 1.0		opposes 0.4967201832203739 favors 0.44782389627363856 __DUMMY__ 0.055455920505987404	true	0.5
N1721	favors 1.0	favors 1.0	favors 0.7025230614014703 opposes 0.2710431695482109 __DUMMY__ 0.026433769050318974	false	1.0
N1724	favors 1.0		opposes 0.5075805914002657 favors 0.43674106206007346 __DUMMY__ 0.05567834653966074	true	0.5
N1725	favors 1.0		opposes 0.5006752804001632 favors 0.4440591686861792 __DUMMY__ 0.05526555091365776	true	0.5
N1722	opposes 1.0		opposes 0.5113723637198795 favors 0.43264764628084257 __DUMMY__ 0.0559799899992779	true	1.0
N1723	favors 1.0		opposes 0.5106621465017878 favors 0.4334913417055598 __DUMMY__ 0.05584651179265247	true	0.5
N1728	opposes 1.0		opposes 0.5150113966676012 favors 0.42723583119970815 __DUMMY__ 0.05775277213269064	true	1.0
N1729	favors 1.0		opposes 0.5174865125627878 favors 0.4257734089634963 __DUMMY__ 0.05674007847371583	true	0.5
N1726	opposes 1.0		opposes 0.5246626949092665 favors 0.418728213801392 __DUMMY__ 0.05660909128934142	true	1.0
N1727	favors 1.0		opposes 0.516250215580665 favors 0.42654237343134643 __DUMMY__ 0.057207410987988525	true	0.5
N1710	favors 1.0		opposes 0.5049895218642706 favors 0.438755780283853 __DUMMY__ 0.05625469785187638	true	0.5
N1713	opposes 1.0		opposes 0.518872233698349 favors 0.4260539975189101 __DUMMY__ 0.05507376878274081	true	1.0
N1714	opposes 1.0		opposes 0.5051738823254058 favors 0.43905113501299453 __DUMMY__ 0.05577498266159946	true	1.0
N1711	opposes 1.0		opposes 0.5072629485562725 favors 0.43723534741038544 __DUMMY__ 0.05550170403334207	true	1.0
N1712	favors 1.0		opposes 0.506199068089381 favors 0.4376807971721739 __DUMMY__ 0.056120134738445064	true	0.5
N1717	favors 1.0		opposes 0.5078330760056465 favors 0.43607880353011386 __DUMMY__ 0.056088120464239624	true	0.5
N1718	favors 1.0		opposes 0.5117494656000933 favors 0.4322771983378775 __DUMMY__ 0.05597333606202917	true	0.5
N1715	opposes 1.0		opposes 0.513945449464508 favors 0.4305401981286876 __DUMMY__ 0.05551435240680429	true	1.0
N1716	opposes 1.0		opposes 0.5020090490707968 favors 0.4414672336789951 __DUMMY__ 0.056523717250208064	true	1.0
N1719	favors 1.0	favors 1.0	favors 0.7003996647515851 opposes 0.27313543134488116 __DUMMY__ 0.02646490390353375	false	1.0
N1782	favors 1.0		opposes 0.5160415594244098 favors 0.4277748703297982 __DUMMY__ 0.05618357024579195	true	0.5
N1783	opposes 1.0		opposes 0.519523217479402 favors 0.4250100975935878 __DUMMY__ 0.05546668492701023	true	1.0
N1780	favors 1.0		opposes 0.5248947272725678 favors 0.4184069705966506 __DUMMY__ 0.056698302130781704	true	0.5
N1781	favors 1.0		opposes 0.5228547929148238 favors 0.4205546687728815 __DUMMY__ 0.05659053831229449	true	0.5
N1302	opposes 1.0		opposes 0.5092233215355138 favors 0.4335918404126957 __DUMMY__ 0.0571848380517907	true	1.0
N1786	favors 1.0	favors 1.0	favors 0.6974263012171111 opposes 0.2764762657338832 __DUMMY__ 0.026097433049005653	false	1.0
N1303	favors 1.0		opposes 0.5128689742094474 favors 0.42920045006565444 __DUMMY__ 0.057930575724898126	true	0.5
N1787	opposes 1.0		opposes 0.5135470376859351 favors 0.43027836827041593 __DUMMY__ 0.05617459404364884	true	1.0
N1300	favors 1.0		opposes 0.5315959147940138 favors 0.41203212575273185 __DUMMY__ 0.056371959453254454	true	0.5
N1784	opposes 1.0		opposes 0.5131552933077685 favors 0.4309790373139299 __DUMMY__ 0.05586566937830166	true	1.0
N1301	favors 1.0		opposes 0.5165190599637928 favors 0.4263472359933949 __DUMMY__ 0.0571337040428123	true	0.5
N1785	opposes 1.0		opposes 0.5123240486932937 favors 0.4313739630427792 __DUMMY__ 0.05630198826392719	true	1.0
N1306	opposes 1.0		opposes 0.5184249513409316 favors 0.4240648104501172 __DUMMY__ 0.057510238208951306	true	1.0
N1307	favors 1.0		opposes 0.5154899109771471 favors 0.42762509543872324 __DUMMY__ 0.05688499358412978	true	0.5
N1304	opposes 1.0		opposes 0.519753576079136 favors 0.4227341925306531 __DUMMY__ 0.05751223139021088	true	1.0
N1788	opposes 1.0		opposes 0.5258769245401701 favors 0.4189386200405588 __DUMMY__ 0.055184455419271104	true	1.0
N1305	opposes 1.0		opposes 0.5230283407667589 favors 0.4196982198245928 __DUMMY__ 0.05727343940864818	true	1.0
N1789	favors 1.0		opposes 0.5128465109111415 favors 0.4313043217077746 __DUMMY__ 0.05584916738108392	true	0.5
N1308	favors 1.0		opposes 0.5069902823873488 favors 0.43625679960942965 __DUMMY__ 0.05675291800322149	true	0.5
N1309	opposes 1.0		opposes 0.5139339311421052 favors 0.4286489864790463 __DUMMY__ 0.057417082378848565	true	1.0
N1771	favors 1.0		opposes 0.5204089774692642 favors 0.422929041653268 __DUMMY__ 0.05666198087746793	true	0.5
N1772	opposes 1.0		opposes 0.5288267948952667 favors 0.4147140027852403 __DUMMY__ 0.0564592023194929	true	1.0
N1770	favors 1.0		opposes 0.5328347232371083 favors 0.4111313617377893 __DUMMY__ 0.056033915025102445	true	0.5
N1775	favors 1.0		opposes 0.5231467992062457 favors 0.4198879767822935 __DUMMY__ 0.056965224011460695	true	0.5
N1776	favors 1.0		opposes 0.5256409688698664 favors 0.41756096070832566 __DUMMY__ 0.056798070421807886	true	0.5
N1773	opposes 1.0		opposes 0.5147646664942088 favors 0.4285624325444913 __DUMMY__ 0.056672900961299816	true	1.0
N2620	favors 1.0		opposes 0.519228335110135 favors 0.4249901328765023 __DUMMY__ 0.055781532013362854	true	0.5
N1774	opposes 1.0		opposes 0.5173400737961351 favors 0.4253333904266781 __DUMMY__ 0.05732653577718668	true	1.0
N1779	opposes 1.0	opposes 1.0	opposes 0.7487446382511705 favors 0.22451604380433635 __DUMMY__ 0.026739317944493076	false	1.0
N1777	favors 1.0		opposes 0.5221583501275218 favors 0.42089607975258336 __DUMMY__ 0.05694557011989501	true	0.5
N1778	favors 1.0		opposes 0.5184420703066398 favors 0.42468030577512955 __DUMMY__ 0.0568776239182306	true	0.5
N901	favors 1.0	favors 1.0	favors 0.6976229716786305 opposes 0.2759831381677791 __DUMMY__ 0.026393890153590505	false	1.0
N902	opposes 1.0		opposes 0.5178365143308926 favors 0.4273111283195403 __DUMMY__ 0.054852357349567	true	1.0
N903	opposes 1.0		opposes 0.5085941922238814 favors 0.43607764826205286 __DUMMY__ 0.05532815951406566	true	1.0
N904	opposes 1.0	opposes 1.0	opposes 0.7399753127536534 favors 0.23378993159667555 __DUMMY__ 0.026234755649671107	false	1.0
N1760	opposes 1.0		opposes 0.5181904739855588 favors 0.4249579564315708 __DUMMY__ 0.0568515695828702	true	1.0
N1761	opposes 1.0		opposes 0.5247152831781395 favors 0.4184956007152074 __DUMMY__ 0.056789116106653	true	1.0
N900	opposes 1.0		opposes 0.5098454425844106 favors 0.43497430901571066 __DUMMY__ 0.0551802483998786	true	1.0
N909	opposes 1.0		opposes 0.509448952667649 favors 0.4350695361585729 __DUMMY__ 0.055481511173777955	true	1.0
N1764	opposes 1.0		opposes 0.5159552977845139 favors 0.42784182244109864 __DUMMY__ 0.05620287977438741	true	1.0
N2611	favors 1.0		opposes 0.5266126011024463 favors 0.4168272822532492 __DUMMY__ 0.056560116644304576	true	0.5
N1765	favors 1.0		opposes 0.5263781408552036 favors 0.4173683694456127 __DUMMY__ 0.056253489699183735	true	0.5
N2612	favors 1.0		opposes 0.5289072018115508 favors 0.41467329713675716 __DUMMY__ 0.05641950105169204	true	0.5
N1762	opposes 1.0		opposes 0.5242543579489135 favors 0.419060604319732 __DUMMY__ 0.05668503773135441	true	1.0
N1763	opposes 1.0		opposes 0.5223176015836517 favors 0.42109869580921455 __DUMMY__ 0.05658370260713368	true	1.0
N2610	opposes 1.0		opposes 0.5205711064853166 favors 0.42248562069835954 __DUMMY__ 0.056943272816323706	true	1.0
N905	opposes 1.0		opposes 0.5038391467788053 favors 0.44090860945261384 __DUMMY__ 0.055252243768580754	true	1.0
N1768	opposes 1.0		opposes 0.521221422264157 favors 0.4224300613696879 __DUMMY__ 0.05634851636615517	true	1.0
N2615	opposes 1.0		opposes 0.5155593768538743 favors 0.4284849924237602 __DUMMY__ 0.05595563072236538	true	1.0
N906	opposes 1.0		opposes 0.5064116697688963 favors 0.43774616686316686 __DUMMY__ 0.05584216336793695	true	1.0
N1769	favors 1.0		opposes 0.5208193419950562 favors 0.42223675198418203 __DUMMY__ 0.05694390602076179	true	0.5
N2616	favors 1.0		opposes 0.5218667669568307 favors 0.42166849357695685 __DUMMY__ 0.05646473946621241	true	0.5
N907	favors 1.0	favors 1.0	favors 0.6961205156276288 opposes 0.277421783464367 __DUMMY__ 0.026457700908004252	false	1.0
N1766	favors 1.0		opposes 0.5205685071589456 favors 0.42276874262341246 __DUMMY__ 0.056662750217641784	true	0.5
N2613	opposes 1.0		opposes 0.5257005385551062 favors 0.4177702174241328 __DUMMY__ 0.0565292440207611	true	1.0
N908	favors 1.0		opposes 0.5129787070428712 favors 0.43152910255406896 __DUMMY__ 0.0554921904030599	true	0.5
N1767	favors 1.0		opposes 0.5195851463030091 favors 0.4233570478281745 __DUMMY__ 0.05705780586881636	true	0.5
N2614	opposes 1.0		opposes 0.5227980688387717 favors 0.42114340429666064 __DUMMY__ 0.05605852686456778	true	1.0
N2619	opposes 1.0		opposes 0.5262993606037828 favors 0.4175199354077885 __DUMMY__ 0.05618070398842873	true	1.0
N2617	favors 1.0		opposes 0.5286595786818162 favors 0.4149119373463097 __DUMMY__ 0.05642848397187407	true	0.5
N2618	favors 1.0		opposes 0.5282046376367426 favors 0.4154845352606945 __DUMMY__ 0.05631082710256281	true	0.5
N1750	favors 1.0		opposes 0.5316564580871461 favors 0.4122801554667298 __DUMMY__ 0.056063386446124075	true	0.5
N1753	favors 1.0		opposes 0.5147587303240314 favors 0.4285806875240445 __DUMMY__ 0.0566605821519242	true	0.5
N2600	opposes 1.0		opposes 0.5160974776440572 favors 0.42783466154029726 __DUMMY__ 0.05606786081564555	true	1.0
N1754	favors 1.0		opposes 0.5171705280356923 favors 0.425556584310769 __DUMMY__ 0.0572728876535388	true	0.5
N2601	favors 1.0		opposes 0.5296416987947552 favors 0.41449163757493224 __DUMMY__ 0.05586666363031243	true	0.5
N1751	favors 1.0		opposes 0.5200387987402445 favors 0.42331045231338177 __DUMMY__ 0.05665074894637372	true	0.5
N1752	favors 1.0		opposes 0.5278828127000229 favors 0.4156561031482107 __DUMMY__ 0.05646108415176645	true	0.5
N1757	favors 1.0		opposes 0.5216523151007494 favors 0.42143298401704 __DUMMY__ 0.05691470088221051	true	0.5
N2604	opposes 1.0		opposes 0.5243281850944084 favors 0.419700324160155 __DUMMY__ 0.055971490745436496	true	1.0
N1758	favors 1.0		opposes 0.5192087152425782 favors 0.4243313649454387 __DUMMY__ 0.056459919811983145	true	0.5
N2605	favors 1.0		opposes 0.5240463307865124 favors 0.4193916437033347 __DUMMY__ 0.05656202551015275	true	0.5
N1755	opposes 1.0		opposes 0.5225878566857227 favors 0.4204779034395555 __DUMMY__ 0.05693423987472178	true	1.0
N2602	favors 1.0		opposes 0.5238461303857622 favors 0.41988500092667697 __DUMMY__ 0.05626886868756084	true	0.5
N1756	opposes 1.0		opposes 0.5249648369305442 favors 0.4182565455012153 __DUMMY__ 0.05677861756824051	true	1.0
N2603	favors 1.0		opposes 0.5227586396151636 favors 0.42055962384463236 __DUMMY__ 0.056681736540204024	true	0.5
N2608	opposes 1.0		opposes 0.5324472964616149 favors 0.41151355049087046 __DUMMY__ 0.056039153047514556	true	1.0
N2609	opposes 1.0		opposes 0.5182263460354087 favors 0.42553123137594556 __DUMMY__ 0.056242422588645785	true	1.0
N1759	favors 1.0		opposes 0.5125863738760851 favors 0.43105205243571126 __DUMMY__ 0.05636157368820362	true	0.5
N2606	opposes 1.0	opposes 1.0	opposes 0.7542063941443469 favors 0.2196288599539202 __DUMMY__ 0.026164745901732983	false	1.0
N2607	opposes 1.0	opposes 1.0	opposes 0.7474304456667819 favors 0.2260660801505194 __DUMMY__ 0.026503474182698734	false	1.0
N923	favors 1.0		opposes 0.5254944688114557 favors 0.4184341649447346 __DUMMY__ 0.05607136624380979	true	0.5
N924	favors 1.0		opposes 0.5113040989391235 favors 0.43242404973112886 __DUMMY__ 0.05627185132974769	true	0.5
N925	favors 1.0		opposes 0.5141553915703005 favors 0.42888682299736697 __DUMMY__ 0.05695778543233248	true	0.5
N926	opposes 1.0		opposes 0.5198494805340281 favors 0.4235679542974473 __DUMMY__ 0.05658256516852451	true	1.0
N1342	opposes 1.0		opposes 0.5227208013474529 favors 0.4200936452171763 __DUMMY__ 0.057185553435370885	true	1.0
N920	opposes 1.0		opposes 0.5177029572281222 favors 0.4257144030721701 __DUMMY__ 0.05658263969970766	true	1.0
N1343	favors 1.0		opposes 0.5188474082278592 favors 0.4237746494419727 __DUMMY__ 0.05737794233016808	true	0.5
N921	favors 1.0		opposes 0.5296032542715939 favors 0.4147395115761357 __DUMMY__ 0.05565723415227026	true	0.5
N1340	favors 1.0		opposes 0.5141312485745712 favors 0.4281288792603815 __DUMMY__ 0.0577398721650472	true	0.5
N922	favors 1.0		opposes 0.517182440632919 favors 0.42652991969063614 __DUMMY__ 0.05628763967644499	true	0.5
N1341	opposes 1.0		opposes 0.5199482048075823 favors 0.42266571150095406 __DUMMY__ 0.057386083691463696	true	1.0
N1346	opposes 1.0		opposes 0.5224359922893874 favors 0.4203647497027824 __DUMMY__ 0.05719925800783029	true	1.0
N1347	opposes 1.0		opposes 0.5219073419165358 favors 0.42100220108105124 __DUMMY__ 0.05709045700241294	true	1.0
N1344	favors 1.0		opposes 0.5163477220952019 favors 0.42679798210641257 __DUMMY__ 0.05685429579838559	true	0.5
N1345	favors 1.0		opposes 0.515087409767063 favors 0.4276096853007202 __DUMMY__ 0.05730290493221686	true	0.5
N927	opposes 1.0		opposes 0.5225737409820573 favors 0.4209841859070773 __DUMMY__ 0.056442073110865305	true	1.0
N928	favors 1.0		opposes 0.5187701388830116 favors 0.4246773365094924 __DUMMY__ 0.056552524607495824	true	0.5
N929	favors 1.0		opposes 0.5163262824448038 favors 0.4275852853471687 __DUMMY__ 0.056088432208027526	true	0.5
N1348	favors 1.0		opposes 0.519663605264986 favors 0.4233351884237152 __DUMMY__ 0.05700120631129889	true	0.5
N1349	opposes 1.0		opposes 0.5128243993686525 favors 0.43060590937449117 __DUMMY__ 0.05656969125685625	true	1.0
N912	favors 1.0		opposes 0.5068121661628058 favors 0.4377458210442792 __DUMMY__ 0.05544201279291502	true	0.5
N913	favors 1.0		opposes 0.5122558377168172 favors 0.432351011825193 __DUMMY__ 0.05539315045798986	true	0.5
N914	opposes 1.0		opposes 0.5102539998506848 favors 0.4344880720984645 __DUMMY__ 0.05525792805085075	true	1.0
N915	favors 1.0		opposes 0.5054838449186116 favors 0.43952341855598304 __DUMMY__ 0.05499273652540539	true	0.5
N1331	favors 1.0		opposes 0.5119148095393338 favors 0.4315130693604291 __DUMMY__ 0.05657212110023713	true	0.5
N1332	opposes 1.0		opposes 0.5234879553865387 favors 0.4198845662551043 __DUMMY__ 0.056627478358357	true	1.0
N910	opposes 1.0	opposes 1.0	opposes 0.7370950965406688 favors 0.23672274214634426 __DUMMY__ 0.026182161312986896	false	1.0
N911	favors 1.0		opposes 0.5027872131006001 favors 0.4420855959035756 __DUMMY__ 0.05512719099582426	true	0.5
N1330	favors 1.0		opposes 0.5196542817757671 favors 0.4232825880829916 __DUMMY__ 0.05706313014124133	true	0.5
N1335	favors 1.0		opposes 0.5182837980109546 favors 0.42499922818340474 __DUMMY__ 0.056716973805640815	true	0.5
N1336	opposes 1.0		opposes 0.5177522104341622 favors 0.4249073916778234 __DUMMY__ 0.05734039788801434	true	1.0
N1333	favors 1.0		opposes 0.5174433294238696 favors 0.4254967467822967 __DUMMY__ 0.05705992379383361	true	0.5
N1334	favors 1.0		opposes 0.5165215200323066 favors 0.42602565559394034 __DUMMY__ 0.0574528243737531	true	0.5
N916	opposes 1.0	opposes 1.0	opposes 0.7476264928303178 favors 0.22612094681847858 __DUMMY__ 0.026252560351203585	false	1.0
N1339	favors 1.0		opposes 0.5112125644595606 favors 0.43167996779730755 __DUMMY__ 0.057107467743131676	true	0.5
N917	opposes 1.0		opposes 0.5173996208375833 favors 0.42630532049573217 __DUMMY__ 0.05629505866668462	true	1.0
N918	opposes 1.0		opposes 0.5164972065855131 favors 0.4268027498981018 __DUMMY__ 0.05670004351638501	true	1.0
N1337	favors 1.0		opposes 0.5299086603619254 favors 0.4136650217645867 __DUMMY__ 0.056426317873487924	true	0.5
N919	favors 1.0		opposes 0.5182260322521632 favors 0.42577308207639425 __DUMMY__ 0.056000885671442666	true	0.5
N1338	favors 1.0		opposes 0.5172223268598952 favors 0.4257111204880937 __DUMMY__ 0.05706655265201116	true	0.5
N940	opposes 1.0		opposes 0.5092030084710644 favors 0.4352146985236414 __DUMMY__ 0.055582293005294145	true	1.0
N945	favors 1.0		opposes 0.5064116697688963 favors 0.43774616686316675 __DUMMY__ 0.05584216336793695	true	0.5
N946	opposes 1.0		opposes 0.5104379594482238 favors 0.4340428186691068 __DUMMY__ 0.05551922188266933	true	1.0
N947	opposes 1.0	opposes 1.0	opposes 0.7399833417364116 favors 0.2336998339939127 __DUMMY__ 0.02631682426967574	false	1.0
N948	favors 1.0		opposes 0.5080195343535775 favors 0.43678488986362446 __DUMMY__ 0.0551955757827982	true	0.5
N941	favors 1.0		opposes 0.5178365143308925 favors 0.42731112831954043 __DUMMY__ 0.05485235734956702	true	0.5
N1320	favors 1.0		opposes 0.5265595315139793 favors 0.4165239206813283 __DUMMY__ 0.05691654780469236	true	0.5
N942	favors 1.0		opposes 0.5085941922238814 favors 0.436077648262053 __DUMMY__ 0.05532815951406569	true	0.5
N1321	favors 1.0		opposes 0.509971088684577 favors 0.43284410018414277 __DUMMY__ 0.057184811131280294	true	0.5
N943	favors 1.0		opposes 0.5145326612409966 favors 0.4303313767988265 __DUMMY__ 0.055135961960176984	true	0.5
N944	opposes 1.0		opposes 0.5038391467788053 favors 0.44090860945261384 __DUMMY__ 0.055252243768580775	true	1.0
N1324	opposes 1.0		opposes 0.5231000128085282 favors 0.41963139152592616 __DUMMY__ 0.05726859566554546	true	1.0
N1325	favors 1.0		opposes 0.5187219186084566 favors 0.42378339748230043 __DUMMY__ 0.057494683909242845	true	0.5
N1322	favors 1.0		opposes 0.5133888845428886 favors 0.428714077393904 __DUMMY__ 0.05789703806320744	true	0.5
N1323	opposes 1.0		opposes 0.5199803721640347 favors 0.4225221038802906 __DUMMY__ 0.057497523955674805	true	1.0
N949	favors 1.0		opposes 0.5027872131006001 favors 0.44208559590357566 __DUMMY__ 0.05512719099582425	true	0.5
N1328	opposes 1.0		opposes 0.5227818009676747 favors 0.4199346272583086 __DUMMY__ 0.05728357177401685	true	1.0
N1329	opposes 1.0		opposes 0.5221897173115495 favors 0.4206497140368261 __DUMMY__ 0.057160568651624465	true	1.0
N1326	favors 1.0		opposes 0.5158963656882041 favors 0.42720669841497294 __DUMMY__ 0.05689693589682297	true	0.5
N1327	favors 1.0		opposes 0.5144356874577385 favors 0.4281585097785054 __DUMMY__ 0.05740580276375627	true	0.5
N934	favors 1.0		opposes 0.5195712631007023 favors 0.4242193203297502 __DUMMY__ 0.056209416569547636	true	0.5
N935	opposes 1.0		opposes 0.5128750406953938 favors 0.43130868020777285 __DUMMY__ 0.05581627909683335	true	1.0
N1790	opposes 1.0		opposes 0.5214345168773735 favors 0.4229603512659674 __DUMMY__ 0.05560513185665902	true	1.0
N936	opposes 1.0		opposes 0.5135838800435433 favors 0.4313316991404607 __DUMMY__ 0.05508442081599591	true	1.0
N937	opposes 1.0		opposes 0.5088690173608466 favors 0.4357787954429028 __DUMMY__ 0.05535218719625054	true	1.0
N930	favors 1.0	favors 1.0	favors 0.6999396243090623 opposes 0.2737521193343331 __DUMMY__ 0.026308256356604647	false	1.0
N1793	opposes 1.0		opposes 0.5155488007264328 favors 0.4283033067503794 __DUMMY__ 0.05614789252318779	true	1.0
N931	opposes 1.0		opposes 0.5150923164680927 favors 0.4284184866141994 __DUMMY__ 0.05648919691770782	true	1.0
N1310	opposes 1.0		opposes 0.5226956589146085 favors 0.4200154142543941 __DUMMY__ 0.05728892683099754	true	1.0
N1794	opposes 1.0		opposes 0.5187149111386163 favors 0.42525109580781467 __DUMMY__ 0.05603399305356908	true	1.0
N932	opposes 1.0		opposes 0.5222938022812889 favors 0.42125505265594937 __DUMMY__ 0.056451145062761755	true	1.0
N1791	favors 1.0	favors 1.0	favors 0.7005033004592739 opposes 0.2731618673869375 __DUMMY__ 0.026334832153788654	false	1.0
N933	opposes 1.0		opposes 0.5217742299965277 favors 0.42188981652978774 __DUMMY__ 0.05633595347368446	true	1.0
N1792	favors 1.0		opposes 0.5097310831756506 favors 0.4337098666800602 __DUMMY__ 0.05655905014428922	true	0.5
N1313	opposes 1.0		opposes 0.5239624208964826 favors 0.41939862326411187 __DUMMY__ 0.0566389558394056	true	1.0
N1797	favors 1.0		opposes 0.5046476517068074 favors 0.4398081353104352 __DUMMY__ 0.05554421298275734	true	0.5
N1314	favors 1.0		opposes 0.5171410143334576 favors 0.425731258576521 __DUMMY__ 0.05712772709002129	true	0.5
N1798	opposes 1.0	opposes 1.0	opposes 0.7398378941767324 favors 0.2337169211140678 __DUMMY__ 0.02644518470919984	false	1.0
N1311	opposes 1.0		opposes 0.522075901973424 favors 0.420763720931836 __DUMMY__ 0.057160377094739846	true	1.0
N1795	opposes 1.0		opposes 0.5142879082111769 favors 0.4296074988976677 __DUMMY__ 0.05610459289115538	true	1.0
N1312	opposes 1.0		opposes 0.5113316088075119 favors 0.43212336634691434 __DUMMY__ 0.056545024845573756	true	1.0
N1796	favors 1.0		opposes 0.5119977122856025 favors 0.4323561739320682 __DUMMY__ 0.05564611378232931	true	0.5
N938	opposes 1.0		opposes 0.5083508588457809 favors 0.43596783688858703 __DUMMY__ 0.05568130426563203	true	1.0
N1317	opposes 1.0		opposes 0.5174956450160514 favors 0.42506116117466913 __DUMMY__ 0.05744319380927943	true	1.0
N939	favors 1.0		opposes 0.5098454425844106 favors 0.43497430901571066 __DUMMY__ 0.0551802483998786	true	0.5
N1318	favors 1.0		opposes 0.5312881293592354 favors 0.412304030303839 __DUMMY__ 0.05640784033692561	true	0.5
N1315	opposes 1.0		opposes 0.5161096055291821 favors 0.4263204862273378 __DUMMY__ 0.057569908243480024	true	1.0
N1799	opposes 1.0		opposes 0.5183982939828959 favors 0.42556093009182255 __DUMMY__ 0.056040775925281464	true	1.0
N1316	favors 1.0		opposes 0.5181027627999467 favors 0.425156175562972 __DUMMY__ 0.05674106163708132	true	0.5
N1319	opposes 1.0		opposes 0.5168846002559065 favors 0.42598003367215326 __DUMMY__ 0.05713536607194029	true	1.0
N960	favors 1.0		opposes 0.5141014003672612 favors 0.42817199655865956 __DUMMY__ 0.057726603074079154	true	0.5
N961	favors 1.0		opposes 0.5201708157813688 favors 0.42247248977215696 __DUMMY__ 0.05735669444647429	true	0.5
N962	opposes 1.0		opposes 0.5230389495857914 favors 0.4198106751258278 __DUMMY__ 0.05715037528838086	true	1.0
N967	opposes 1.0		opposes 0.5198727029414991 favors 0.42317175713656086 __DUMMY__ 0.05695553992194009	true	1.0
N1382	favors 1.0		opposes 0.5186272008443402 favors 0.42444628826512637 __DUMMY__ 0.05692651089053336	true	0.5
N968	favors 1.0		opposes 0.5127403301693687 favors 0.43075204295063446 __DUMMY__ 0.05650762687999684	true	0.5
N1383	opposes 1.0		opposes 0.5251195275168609 favors 0.41802227167514794 __DUMMY__ 0.05685820080799133	true	1.0
N2230	opposes 1.0	opposes 1.0	opposes 0.7460269346635467 favors 0.22779471717133595 __DUMMY__ 0.02617834816511733	false	1.0
N969	favors 1.0		opposes 0.5199886167827958 favors 0.4238248582392622 __DUMMY__ 0.05618652497794189	true	0.5
N1380	favors 1.0		opposes 0.5196262302455661 favors 0.42384245573223617 __DUMMY__ 0.056531314022197666	true	0.5
N1381	favors 1.0		opposes 0.5130010859136477 favors 0.4305666890819396 __DUMMY__ 0.0564322250044126	true	0.5
N963	opposes 1.0		opposes 0.5190270087863526 favors 0.42362543783816 __DUMMY__ 0.0573475533754874	true	1.0
N1386	opposes 1.0		opposes 0.5163699946355405 favors 0.42735634810216366 __DUMMY__ 0.05627365726229589	true	1.0
N2233	favors 1.0		opposes 0.5156704772681768 favors 0.42817384508829587 __DUMMY__ 0.056155677643527295	true	0.5
N964	favors 1.0		opposes 0.5150981934407318 favors 0.4276322024524586 __DUMMY__ 0.0572696041068095	true	0.5
N1387	opposes 1.0	opposes 1.0	opposes 0.7510538502532222 favors 0.22315836381953438 __DUMMY__ 0.025787785927243477	false	1.0
N2234	favors 1.0		opposes 0.5186840274408921 favors 0.42527077560695853 __DUMMY__ 0.05604519695214922	true	0.5
N965	favors 1.0		opposes 0.5227445473658343 favors 0.4200910913863118 __DUMMY__ 0.057164361247853915	true	0.5
N1384	favors 1.0		opposes 0.5246629215601325 favors 0.4185820964246237 __DUMMY__ 0.0567549820152438	true	0.5
N2231	favors 1.0		opposes 0.5069268129602342 favors 0.4372484487616323 __DUMMY__ 0.05582473827813334	true	0.5
N966	favors 1.0		opposes 0.5221979056690557 favors 0.42075146729491625 __DUMMY__ 0.05705062703602804	true	0.5
N1385	favors 1.0		opposes 0.5227462342282203 favors 0.4205967888118932 __DUMMY__ 0.05665697695988636	true	0.5
N2232	opposes 1.0		opposes 0.5101245590859913 favors 0.43332914149975615 __DUMMY__ 0.0565462994142526	true	1.0
N2237	opposes 1.0		opposes 0.5052777866245141 favors 0.43914359321049307 __DUMMY__ 0.05557862016499281	true	1.0
N2238	favors 1.0		opposes 0.5108515082963494 favors 0.43309246670469537 __DUMMY__ 0.056056024998955234	true	0.5
N1388	opposes 1.0		opposes 0.5243972339674066 favors 0.42029899595208414 __DUMMY__ 0.05530377008050924	true	1.0
N2235	favors 1.0		opposes 0.5144769554958211 favors 0.4294090005282744 __DUMMY__ 0.05611404397590463	true	0.5
N1389	opposes 1.0	opposes 1.0	opposes 0.7469698854608335 favors 0.22676318733575274 __DUMMY__ 0.02626692720341374	false	1.0
N2236	opposes 1.0		opposes 0.5122849472054187 favors 0.4320391208611983 __DUMMY__ 0.05567593193338299	true	1.0
N2239	favors 1.0		opposes 0.5183817109326683 favors 0.42556639918360545 __DUMMY__ 0.05605188988372645	true	0.5
N950	opposes 1.0		opposes 0.5127268018666151 favors 0.43178068539379855 __DUMMY__ 0.055492512739586414	true	1.0
N951	opposes 1.0		opposes 0.5122558377168172 favors 0.432351011825193 __DUMMY__ 0.05539315045798985	true	1.0
N956	favors 1.0		opposes 0.5178716268896509 favors 0.4248174856549416 __DUMMY__ 0.0573108874554075	true	0.5
N1371	opposes 1.0		opposes 0.5208436890440185 favors 0.4221713766406513 __DUMMY__ 0.05698493431533015	true	1.0
N957	opposes 1.0		opposes 0.5305530349430607 favors 0.41309043704072623 __DUMMY__ 0.056356528016213	true	1.0
N1372	favors 1.0		opposes 0.532078149732425 favors 0.41178588768743835 __DUMMY__ 0.0561359625801368	true	0.5
N958	opposes 1.0		opposes 0.517323585075055 favors 0.42565196839845104 __DUMMY__ 0.05702444652649402	true	1.0
N959	opposes 1.0		opposes 0.5261988715266354 favors 0.4169798529256983 __DUMMY__ 0.056821275547666326	true	1.0
N1370	favors 1.0		opposes 0.5212209320482679 favors 0.4223556721368324 __DUMMY__ 0.056423395814899684	true	0.5
N952	opposes 1.0		opposes 0.5054838449186115 favors 0.43952341855598304 __DUMMY__ 0.054992736525405386	true	1.0
N1375	favors 1.0		opposes 0.5152092832505323 favors 0.4280532532409544 __DUMMY__ 0.056737463508513206	true	0.5
N2222	opposes 1.0		opposes 0.5122307820191372 favors 0.43209177999614573 __DUMMY__ 0.05567743798471697	true	1.0
N953	favors 1.0		opposes 0.5238353263993403 favors 0.41959467918623866 __DUMMY__ 0.05656999441442112	true	0.5
N1376	favors 1.0		opposes 0.5175872795829537 favors 0.4250686199827352 __DUMMY__ 0.05734410043431099	true	0.5
N2223	favors 1.0	favors 1.0	favors 0.6947873342140372 opposes 0.2791698626295734 __DUMMY__ 0.02604280315638948	false	1.0
N954	favors 1.0		opposes 0.5175519037540555 favors 0.4254297732667722 __DUMMY__ 0.057018322979172247	true	0.5
N1373	favors 1.0		opposes 0.5204605611626594 favors 0.4228165583536747 __DUMMY__ 0.056722880483666	true	0.5
N2220	opposes 1.0	opposes 1.0	opposes 0.746334834108568 favors 0.22714828714103902 __DUMMY__ 0.02651687875039293	false	1.0
N955	favors 1.0		opposes 0.5165896849366368 favors 0.42598199393927677 __DUMMY__ 0.05742832112408644	true	0.5
N1374	opposes 1.0	opposes 1.0	opposes 0.7502459204553665 favors 0.22315103756061677 __DUMMY__ 0.026603041984016612	false	1.0
N2221	favors 1.0		opposes 0.519576316839126 favors 0.4243189898356433 __DUMMY__ 0.05610469332523059	true	0.5
N1379	favors 1.0		opposes 0.5220937380589148 favors 0.4209162001085911 __DUMMY__ 0.056990061832493985	true	0.5
N2226	opposes 1.0		opposes 0.5144313457929648 favors 0.4299549182812812 __DUMMY__ 0.05561373592575408	true	1.0
N2227	favors 1.0		opposes 0.5137553912459476 favors 0.430064858380734 __DUMMY__ 0.056179750373318446	true	0.5
N1377	opposes 1.0		opposes 0.5230180354983541 favors 0.41997397646203194 __DUMMY__ 0.057007988039614016	true	1.0
N2224	favors 1.0		opposes 0.5133857248292242 favors 0.4307289493485491 __DUMMY__ 0.055885325822226745	true	0.5
N1378	favors 1.0		opposes 0.5253669186291838 favors 0.41778583289923965 __DUMMY__ 0.056847248471576545	true	0.5
N2225	favors 1.0		opposes 0.5125867882596407 favors 0.4311122018319729 __DUMMY__ 0.05630100990838646	true	0.5
N2228	opposes 1.0		opposes 0.5254982325877984 favors 0.4192637667311403 __DUMMY__ 0.055238000681061446	true	1.0
N2229	opposes 1.0		opposes 0.5130957496893951 favors 0.4310338897123779 __DUMMY__ 0.05587036059822705	true	1.0
N981	favors 1.0		opposes 0.5108182646227161 favors 0.43233265539497084 __DUMMY__ 0.05684907998231307	true	0.5
N982	opposes 1.0		opposes 0.5188495570609332 favors 0.42437149680061814 __DUMMY__ 0.056778946138448784	true	1.0
N983	favors 1.0		opposes 0.5182534357895575 favors 0.42508670655972264 __DUMMY__ 0.0566598576507198	true	0.5
N500	favors 1.0		opposes 0.5130961414898907 favors 0.4299823620197602 __DUMMY__ 0.056921496490349166	true	0.5
N984	favors 1.0		opposes 0.5156995630888388 favors 0.4277577786700091 __DUMMY__ 0.05654265824115199	true	0.5
N980	opposes 1.0		opposes 0.5123514393421785 favors 0.43124527164198484 __DUMMY__ 0.05640328901583667	true	1.0
N505	favors 1.0		opposes 0.5140970065393728 favors 0.4295162267938798 __DUMMY__ 0.05638676666674736	true	0.5
N989	favors 1.0		opposes 0.5181742789575733 favors 0.4250247257201526 __DUMMY__ 0.056800995322274075	true	0.5
N1360	favors 1.0		opposes 0.5187410481743254 favors 0.4247718120395538 __DUMMY__ 0.056487139786120924	true	0.5
N506	opposes 1.0		opposes 0.522269226264471 favors 0.4213761979806264 __DUMMY__ 0.05635457575490266	true	1.0
N1361	opposes 1.0		opposes 0.5161644241882406 favors 0.42783332155612736 __DUMMY__ 0.05600225425563214	true	1.0
N507	opposes 1.0		opposes 0.5216849850394231 favors 0.4220917836177757 __DUMMY__ 0.056223231342801085	true	1.0
N508	opposes 1.0		opposes 0.5191863883749663 favors 0.42473985952301346 __DUMMY__ 0.05607375210202027	true	1.0
N501	opposes 1.0		opposes 0.5195008724939731 favors 0.42400592834271383 __DUMMY__ 0.056493199163313045	true	1.0
N985	favors 1.0		opposes 0.5087026972398013 favors 0.43518798298998446 __DUMMY__ 0.05610931977021432	true	0.5
N1364	favors 1.0		opposes 0.5219087806911122 favors 0.4218266586221845 __DUMMY__ 0.05626456068670325	true	0.5
N2211	favors 1.0		opposes 0.5169509110919001 favors 0.4268567597421668 __DUMMY__ 0.056192329165933114	true	0.5
N502	opposes 1.0		opposes 0.5225831971766375 favors 0.42107122696462407 __DUMMY__ 0.05634557585873845	true	1.0
N986	opposes 1.0		opposes 0.5234652832130212 favors 0.4198234968692939 __DUMMY__ 0.056711219917684894	true	1.0
N1365	favors 1.0		opposes 0.5195883279779155 favors 0.42428462259969624 __DUMMY__ 0.05612704942238837	true	0.5
N2212	favors 1.0	favors 1.0	favors 0.6898417057689396 opposes 0.2837529355270537 __DUMMY__ 0.026405358704006655	false	1.0
N503	favors 1.0		opposes 0.5155397467620648 favors 0.42851749250457066 __DUMMY__ 0.05594276073336468	true	0.5
N987	opposes 1.0		opposes 0.5173128660364866 favors 0.4255330342950024 __DUMMY__ 0.057154099668510844	true	1.0
N1362	favors 1.0		opposes 0.5087360931870946 favors 0.43536789450313385 __DUMMY__ 0.0558960123097716	true	0.5
N504	favors 1.0		opposes 0.5076131610488549 favors 0.43655666603333815 __DUMMY__ 0.05583017291780694	true	0.5
N988	opposes 1.0		opposes 0.5163784906568945 favors 0.426069969758012 __DUMMY__ 0.05755153958509357	true	1.0
N1363	opposes 1.0		opposes 0.5224543355672838 favors 0.42115894829660167 __DUMMY__ 0.05638671613611458	true	1.0
N2210	favors 1.0		opposes 0.5306077066398918 favors 0.4138939783400974 __DUMMY__ 0.055498315020010805	true	0.5
N1368	favors 1.0		opposes 0.5206092852646956 favors 0.422668516138541 __DUMMY__ 0.05672219859676335	true	0.5
N2215	opposes 1.0		opposes 0.519883633943759 favors 0.4236026574799 __DUMMY__ 0.05651370857634101	true	1.0
N1369	favors 1.0		opposes 0.5196860944915187 favors 0.42322270088302083 __DUMMY__ 0.057091204625460495	true	0.5
N2216	opposes 1.0		opposes 0.5228600014101792 favors 0.42077285982924845 __DUMMY__ 0.05636713876057249	true	1.0
N1366	favors 1.0		opposes 0.5125271421414253 favors 0.43175736542043414 __DUMMY__ 0.05571549243814058	true	0.5
N2213	opposes 1.0		opposes 0.5104264110466102 favors 0.4334070110295344 __DUMMY__ 0.056166577923855376	true	1.0
N1367	opposes 1.0		opposes 0.5260599521916114 favors 0.41760408760244305 __DUMMY__ 0.05633596020594555	true	1.0
N2214	favors 1.0		opposes 0.5136318888383163 favors 0.4294387643887934 __DUMMY__ 0.05692934677289035	true	0.5
N509	opposes 1.0		opposes 0.5116611786319251 favors 0.43270239983821884 __DUMMY__ 0.05563642152985605	true	1.0
N2219	opposes 1.0		opposes 0.522555600274183 favors 0.4210681231537312 __DUMMY__ 0.056376276572085826	true	1.0
N2217	favors 1.0		opposes 0.5160131778079204 favors 0.42801097544888245 __DUMMY__ 0.05597584674319721	true	0.5
N2218	favors 1.0		opposes 0.5146356940470502 favors 0.4289540979870604 __DUMMY__ 0.05641020796588929	true	0.5
N970	favors 1.0		opposes 0.5135267669979141 favors 0.4298518806803199 __DUMMY__ 0.05662135232176605	true	0.5
N971	favors 1.0	favors 1.0	favors 0.6973825055026035 opposes 0.2757229316006949 __DUMMY__ 0.026894562896701633	false	1.0
N972	opposes 1.0		opposes 0.5146312407526484 favors 0.42907932030739704 __DUMMY__ 0.05628943893995461	true	1.0
N973	favors 1.0		opposes 0.513918726837781 favors 0.42915897367058675 __DUMMY__ 0.05692229949163222	true	0.5
N978	favors 1.0		opposes 0.5191688885326177 favors 0.4240637213300196 __DUMMY__ 0.05676739013736267	true	0.5
N979	favors 1.0		opposes 0.5147079338507851 favors 0.4283696837284274 __DUMMY__ 0.056922382420787475	true	0.5
N1350	favors 1.0		opposes 0.5235392560436565 favors 0.42065451689976696 __DUMMY__ 0.05580622705657675	true	0.5
N974	opposes 1.0		opposes 0.5264865515313291 favors 0.41756671343616053 __DUMMY__ 0.0559467350325104	true	1.0
N1353	favors 1.0		opposes 0.517619043634131 favors 0.42585631620565967 __DUMMY__ 0.05652464016020942	true	0.5
N2200	favors 1.0		opposes 0.5123705408790066 favors 0.43130286263931317 __DUMMY__ 0.05632659648168035	true	0.5
N975	opposes 1.0		opposes 0.5132194347502296 favors 0.43016093962395735 __DUMMY__ 0.05661962562581306	true	1.0
N1354	opposes 1.0	opposes 1.0	opposes 0.750826399615621 favors 0.22304666509393226 __DUMMY__ 0.026126935290446716	false	1.0
N2201	opposes 1.0		opposes 0.525329854280897 favors 0.41788642420522765 __DUMMY__ 0.056783721513875264	true	1.0
N976	favors 1.0		opposes 0.506599393292087 favors 0.43677237842250066 __DUMMY__ 0.05662822828541237	true	0.5
N1351	favors 1.0		opposes 0.5172976519785679 favors 0.4264819429147919 __DUMMY__ 0.05622040510664022	true	0.5
N977	favors 1.0		opposes 0.5159800233635932 favors 0.4270767559320134 __DUMMY__ 0.05694322070439345	true	0.5
N1352	opposes 1.0		opposes 0.5181722516573115 favors 0.42591207859065355 __DUMMY__ 0.0559156697520349	true	1.0
N1357	favors 1.0	favors 1.0	favors 0.6981074080171559 opposes 0.27537632624159425 __DUMMY__ 0.026516265741249937	false	1.0
N2204	opposes 1.0		opposes 0.5159741706292261 favors 0.4278693398556782 __DUMMY__ 0.05615648951509559	true	1.0
N1358	favors 1.0		opposes 0.5198828262583332 favors 0.42359681780097713 __DUMMY__ 0.05652035594068969	true	0.5
N2205	opposes 1.0		opposes 0.523681616810352 favors 0.42054523417802475 __DUMMY__ 0.055773149011623266	true	1.0
N1355	opposes 1.0		opposes 0.5170664960628572 favors 0.42672244231291745 __DUMMY__ 0.05621106162422527	true	1.0
N2202	opposes 1.0		opposes 0.5248441711844446 favors 0.41848335396745145 __DUMMY__ 0.05667247484810404	true	1.0
N1356	opposes 1.0		opposes 0.5258533383644154 favors 0.41816737230195417 __DUMMY__ 0.055979289333630576	true	1.0
N2203	favors 1.0		opposes 0.5227975826487875 favors 0.42063895536618545 __DUMMY__ 0.056563461985027125	true	0.5
N2208	favors 1.0		opposes 0.5181072316392545 favors 0.4260047308282034 __DUMMY__ 0.05588803753254218	true	0.5
N2209	opposes 1.0		opposes 0.5175295305934091 favors 0.4259511222750774 __DUMMY__ 0.056519347131513305	true	1.0
N1359	favors 1.0		opposes 0.5227480075771016 favors 0.42087431634472716 __DUMMY__ 0.0563776760781711	true	0.5
N2206	opposes 1.0		opposes 0.5171934631499719 favors 0.42660374840574217 __DUMMY__ 0.05620278844428598	true	1.0
N2207	opposes 1.0		opposes 0.5162115727062521 favors 0.4271396322185433 __DUMMY__ 0.05664879507520472	true	1.0
N520	opposes 1.0	opposes 1.0	opposes 0.7521756312705137 favors 0.22202658576410297 __DUMMY__ 0.02579778296538333	false	1.0
N521	opposes 1.0		opposes 0.5345135216403688 favors 0.4105789810017095 __DUMMY__ 0.05490749735792167	true	1.0
N522	favors 1.0	favors 1.0	favors 0.6879197672296802 opposes 0.28633073011791693 __DUMMY__ 0.025749502652402927	false	1.0
N2270	opposes 1.0		opposes 0.5159685209227731 favors 0.4278750920368011 __DUMMY__ 0.05615638704042587	true	1.0
N527	favors 1.0		opposes 0.5323359483394092 favors 0.41309771086067043 __DUMMY__ 0.05456634079992026	true	0.5
N2273	favors 1.0	favors 1.0	favors 0.6983639026859468 opposes 0.2754976365289249 __DUMMY__ 0.02613846078512824	false	1.0
N528	opposes 1.0	opposes 1.0	opposes 0.7484406892639405 favors 0.22618088465272881 __DUMMY__ 0.02537842608333066	false	1.0
N2274	favors 1.0	favors 1.0	favors 0.7021540930816529 opposes 0.271762866578137 __DUMMY__ 0.02608304034021005	false	1.0
N529	opposes 1.0		opposes 0.5236863908643115 favors 0.4197961250242216 __DUMMY__ 0.05651748411146691	true	1.0
N2271	opposes 1.0		opposes 0.518911307237705 favors 0.4250416228636272 __DUMMY__ 0.05604706989866769	true	1.0
N2272	favors 1.0		opposes 0.5148052025276046 favors 0.42907932440255386 __DUMMY__ 0.056115473069841486	true	0.5
N523	favors 1.0		opposes 0.521510862038376 favors 0.4240827546735548 __DUMMY__ 0.054406383288069286	true	0.5
N2277	opposes 1.0		opposes 0.5180635036863087 favors 0.4260003499500742 __DUMMY__ 0.055936146363617024	true	1.0
N524	opposes 1.0		opposes 0.528083686651774 favors 0.41710049841739577 __DUMMY__ 0.05481581493083033	true	1.0
N2278	favors 1.0		opposes 0.5157117349682909 favors 0.4284967002582754 __DUMMY__ 0.05579156477343378	true	0.5
N525	opposes 1.0		opposes 0.5343015841549913 favors 0.41079064590433556 __DUMMY__ 0.05490776994067324	true	1.0
N2275	favors 1.0		opposes 0.5112424476917815 favors 0.4326991791992858 __DUMMY__ 0.056058373108932594	true	0.5
