N1742	opposes 1.0	opposes 1.0	opposes 0.715026922595842 favors 0.27386539857617404 __DUMMY__ 0.011107678827983872	false	1.0
N1743	favors 1.0		favors 0.5173447859386702 opposes 0.45586500121725226 __DUMMY__ 0.0267902128440776	true	1.0
N1740	opposes 1.0		favors 0.5464934270297732 opposes 0.4272158677042301 __DUMMY__ 0.02629070526599657	true	0.5
N1741	opposes 1.0		opposes 0.5029542556063413 favors 0.47051694240271014 __DUMMY__ 0.02652880199094857	true	1.0
N1746	opposes 1.0	opposes 1.0	opposes 0.7111618236356556 favors 0.278225192875907 __DUMMY__ 0.010612983488437366	false	1.0
N1747	opposes 1.0		favors 0.5076118312587253 opposes 0.4652167394239365 __DUMMY__ 0.027171429317338232	true	0.5
N1744	opposes 1.0		favors 0.5077824357293946 opposes 0.4661296150070079 __DUMMY__ 0.026087949263597456	true	0.5
N1745	opposes 1.0	opposes 1.0	opposes 0.727296764995704 favors 0.26219998412735923 __DUMMY__ 0.01050325087693683	false	1.0
N1748	favors 1.0	favors 1.0	favors 0.743609418527666 opposes 0.24582836774255887 __DUMMY__ 0.010562213729775135	false	1.0
N1749	opposes 1.0		favors 0.5072294109731131 opposes 0.46541415445321604 __DUMMY__ 0.027356434573670832	true	0.5
N1731	favors 1.0		favors 0.49106010621255886 opposes 0.48307948051959915 __DUMMY__ 0.025860413267842067	true	1.0
N1732	favors 1.0	favors 1.0	favors 0.7427900134027767 opposes 0.24682623072459944 __DUMMY__ 0.010383755872623846	false	1.0
N1730	opposes 1.0		favors 0.5086658352300046 opposes 0.4639441653856744 __DUMMY__ 0.027389999384321073	true	0.5
N1735	opposes 1.0	opposes 1.0	opposes 0.7191279547927603 favors 0.2694570055136651 __DUMMY__ 0.011415039693574682	false	1.0
N1736	opposes 1.0		favors 0.5023663157845228 opposes 0.47151535810360623 __DUMMY__ 0.026118326111870933	true	0.5
N1733	favors 1.0	favors 1.0	favors 0.7540873950302381 opposes 0.23494207826798644 __DUMMY__ 0.010970526701775533	false	1.0
N1734	favors 1.0	favors 1.0	favors 0.7427986088348949 opposes 0.2461429936193298 __DUMMY__ 0.011058397545775266	false	1.0
N1739	favors 1.0		favors 0.5315661633487716 opposes 0.44141380628196464 __DUMMY__ 0.027020030369263807	true	1.0
N1737	favors 1.0		favors 0.5259800253133852 opposes 0.4474534887351536 __DUMMY__ 0.026566485951461164	true	1.0
N1738	favors 1.0		favors 0.5159701881522893 opposes 0.4569135212018087 __DUMMY__ 0.02711629064590196	true	1.0
N1720	favors 1.0		favors 0.5358437220488594 opposes 0.43733816130459646 __DUMMY__ 0.026818116646544116	true	1.0
N1721	favors 1.0	favors 1.0	favors 0.7595694985906722 opposes 0.2300070694877071 __DUMMY__ 0.010423431921620681	false	1.0
N1724	favors 1.0	favors 1.0	favors 0.7478168138222552 opposes 0.24157887949608228 __DUMMY__ 0.010604306681662602	false	1.0
N1725	favors 1.0		favors 0.5174815256478363 opposes 0.4564129563530004 __DUMMY__ 0.026105517999163334	true	1.0
N1722	opposes 1.0	opposes 1.0	opposes 0.7266430688476334 favors 0.2628815020358869 __DUMMY__ 0.010475429116479699	false	1.0
N1723	favors 1.0		favors 0.5139657542911669 opposes 0.4590418941364906 __DUMMY__ 0.02699235157234258	true	1.0
N1728	opposes 1.0		favors 0.5092219093339582 opposes 0.46366316066385943 __DUMMY__ 0.027114930002182396	true	0.5
N1729	favors 1.0	favors 1.0	favors 0.7436254842896568 opposes 0.2457439934753084 __DUMMY__ 0.010630522235034728	false	1.0
N1726	opposes 1.0	opposes 1.0	opposes 0.7285728706309414 favors 0.26087846986304314 __DUMMY__ 0.010548659506015367	false	1.0
N1727	favors 1.0		favors 0.5252580982857297 opposes 0.4482144074405962 __DUMMY__ 0.0265274942736741	true	1.0
N1710	favors 1.0	favors 1.0	favors 0.7444560674097207 opposes 0.24482625960951318 __DUMMY__ 0.010717672980766176	false	1.0
N1713	opposes 1.0	opposes 1.0	opposes 0.7175493081601073 favors 0.2722227431082351 __DUMMY__ 0.010227948731657619	false	1.0
N1714	opposes 1.0		favors 0.5279898528727331 opposes 0.44608877723092305 __DUMMY__ 0.025921369896343843	true	0.5
N1711	opposes 1.0		favors 0.5266922455534928 opposes 0.44690642918676676 __DUMMY__ 0.02640132525974036	true	0.5
N1712	favors 1.0		favors 0.5180107763481032 opposes 0.4548764725761948 __DUMMY__ 0.027112751075701973	true	1.0
N1717	favors 1.0		favors 0.5066264467507456 opposes 0.4660841808571099 __DUMMY__ 0.027289372392144302	true	1.0
N1718	favors 1.0		favors 0.5129522687701197 opposes 0.46092676998858495 __DUMMY__ 0.026120961241295527	true	1.0
N1715	opposes 1.0		favors 0.5087652519097156 opposes 0.46434685498223854 __DUMMY__ 0.026887893108045888	true	0.5
N1716	opposes 1.0		favors 0.527668939681696 opposes 0.4454404451613715 __DUMMY__ 0.026890615156932484	true	0.5
N1719	favors 1.0	favors 1.0	favors 0.7512539489408522 opposes 0.2382144355753923 __DUMMY__ 0.01053161548375549	false	1.0
N1782	favors 1.0	favors 1.0	favors 0.740795971234599 opposes 0.24886459928664503 __DUMMY__ 0.010339429478755933	false	1.0
N1783	opposes 1.0		opposes 0.5007733688513283 favors 0.4725555839177273 __DUMMY__ 0.02667104723094461	true	1.0
N1780	favors 1.0		favors 0.5077437409851604 opposes 0.4652082724091428 __DUMMY__ 0.02704798660569692	true	1.0
N1781	favors 1.0	favors 1.0	favors 0.7442892490246338 opposes 0.2451010697422978 __DUMMY__ 0.010609681233068323	false	1.0
N1302	opposes 1.0	opposes 1.0	opposes 0.7131015384704679 favors 0.27610481876271725 __DUMMY__ 0.010793642766814888	false	1.0
N1786	favors 1.0	favors 1.0	favors 0.7363015180972791 opposes 0.2530543182840304 __DUMMY__ 0.010644163618690574	false	1.0
N1303	favors 1.0	favors 1.0	favors 0.7299960166985103 opposes 0.2591089000913088 __DUMMY__ 0.01089508321018094	false	1.0
N1787	opposes 1.0	opposes 1.0	opposes 0.7234795596996302 favors 0.2654778207442869 __DUMMY__ 0.011042619556082997	false	1.0
N1300	favors 1.0		opposes 0.5062680603092906 favors 0.4676793892513526 __DUMMY__ 0.02605255043935685	true	0.5
N1784	opposes 1.0	opposes 1.0	opposes 0.717365193010312 favors 0.2719273917279855 __DUMMY__ 0.010707415261702553	false	1.0
N1301	favors 1.0		favors 0.4931400947343585 opposes 0.4808256931983861 __DUMMY__ 0.02603421206725543	true	1.0
N1785	opposes 1.0	opposes 1.0	opposes 0.723391601128249 favors 0.2656851140579491 __DUMMY__ 0.010923284813801974	false	1.0
N1306	opposes 1.0		favors 0.49536443534921965 opposes 0.4779827699753578 __DUMMY__ 0.026652794675422545	true	0.5
N1307	favors 1.0		favors 0.48911340338363424 opposes 0.48379100023121807 __DUMMY__ 0.027095596385147767	true	1.0
N1304	opposes 1.0		opposes 0.5037432000503728 favors 0.4687201074085 __DUMMY__ 0.027536692541127363	true	1.0
N1788	opposes 1.0		opposes 0.4938339963931945 favors 0.4797558185253401 __DUMMY__ 0.02641018508146541	true	1.0
N1305	opposes 1.0		opposes 0.4949867872855096 favors 0.4787656115956825 __DUMMY__ 0.02624760111880782	true	1.0
N1789	favors 1.0		favors 0.5017498304557333 opposes 0.4718580924002328 __DUMMY__ 0.026392077144033917	true	1.0
N1308	favors 1.0		favors 0.5026044994001324 opposes 0.47038134851317576 __DUMMY__ 0.027014152086691858	true	1.0
N1309	opposes 1.0	opposes 1.0	opposes 0.7118414474306084 favors 0.2775922651697807 __DUMMY__ 0.010566287399610972	false	1.0
N1771	favors 1.0		favors 0.5201961473021444 opposes 0.4537203527425874 __DUMMY__ 0.026083499955268187	true	1.0
N1772	opposes 1.0	opposes 1.0	opposes 0.718775849236318 favors 0.2704830517297295 __DUMMY__ 0.010741099033952501	false	1.0
N1770	favors 1.0	favors 1.0	favors 0.7344850658484385 opposes 0.2552446649232966 __DUMMY__ 0.01027026922826482	false	1.0
N1775	favors 1.0		favors 0.5007855394760958 opposes 0.4718944023330617 __DUMMY__ 0.027320058190842506	true	1.0
N1776	favors 1.0	favors 1.0	favors 0.7388909560485437 opposes 0.25077923291910376 __DUMMY__ 0.01032981103235248	false	1.0
N1773	opposes 1.0		favors 0.5355316541504838 opposes 0.4377483203552246 __DUMMY__ 0.026720025494291633	true	0.5
N2620	favors 1.0	favors 1.0	favors 0.7382435236222705 opposes 0.25173179713976807 __DUMMY__ 0.010024679237961421	false	1.0
N1774	opposes 1.0	opposes 1.0	opposes 0.7096682328048887 favors 0.2796072375930662 __DUMMY__ 0.010724529602045254	false	1.0
N1779	opposes 1.0	opposes 1.0	opposes 0.7291698160994887 favors 0.2603373576990956 __DUMMY__ 0.010492826201415674	false	1.0
N1777	favors 1.0	favors 1.0	favors 0.7472642234525926 opposes 0.24219149430865633 __DUMMY__ 0.010544282238751135	false	1.0
N1778	favors 1.0		favors 0.5373681428636786 opposes 0.43622523095685456 __DUMMY__ 0.0264066261794669	true	1.0
N901	favors 1.0	favors 1.0	favors 0.7443161689580341 opposes 0.2449461011793307 __DUMMY__ 0.010737729862635128	false	1.0
N902	opposes 1.0		favors 0.5126731536379452 opposes 0.461463443535832 __DUMMY__ 0.025863402826222837	true	0.5
N903	opposes 1.0		favors 0.5282048679051556 opposes 0.4459406269597306 __DUMMY__ 0.025854505135113892	true	0.5
N904	opposes 1.0	opposes 1.0	opposes 0.7093176873421897 favors 0.2799998162902855 __DUMMY__ 0.010682496367524826	false	1.0
N1760	opposes 1.0	opposes 1.0	opposes 0.7038715455986195 favors 0.28556026679080154 __DUMMY__ 0.010568187610578827	false	1.0
N1761	opposes 1.0		opposes 0.4912147516589442 favors 0.48199977300013636 __DUMMY__ 0.02678547534091939	true	1.0
N900	opposes 1.0	opposes 1.0	opposes 0.7042874797369795 favors 0.2852644221913814 __DUMMY__ 0.010448098071639192	false	1.0
N909	opposes 1.0		favors 0.5308541050496419 opposes 0.4429318316820783 __DUMMY__ 0.02621406326827974	true	0.5
N1764	opposes 1.0		favors 0.5066302203773256 opposes 0.46686284823735236 __DUMMY__ 0.02650693138532189	true	0.5
N2611	favors 1.0		favors 0.4960563262638895 opposes 0.47724515418000774 __DUMMY__ 0.026698519556102644	true	1.0
N1765	favors 1.0		favors 0.4913774609632591 opposes 0.48225742393208304 __DUMMY__ 0.026365115104657805	true	1.0
N2612	favors 1.0		favors 0.5026450466823096 opposes 0.4716953084736781 __DUMMY__ 0.025659644844012314	true	1.0
N1762	opposes 1.0		favors 0.5037724751004775 opposes 0.4689725025457113 __DUMMY__ 0.027255022353811144	true	0.5
N1763	opposes 1.0		favors 0.512723025206095 opposes 0.46030348550042394 __DUMMY__ 0.026973489293480934	true	0.5
N2610	opposes 1.0		favors 0.5158160817786107 opposes 0.45783208852809476 __DUMMY__ 0.026351829693294627	true	0.5
N905	opposes 1.0		favors 0.5398964312864795 opposes 0.4338081919635144 __DUMMY__ 0.026295376750006146	true	0.5
N1768	opposes 1.0		favors 0.5195736254960552 opposes 0.45391953879071717 __DUMMY__ 0.026506835713227792	true	0.5
N2615	opposes 1.0	opposes 1.0	opposes 0.7081597009188026 favors 0.2814737692387891 __DUMMY__ 0.010366529842408245	false	1.0
N906	opposes 1.0		favors 0.5279840511724638 opposes 0.44550162319321884 __DUMMY__ 0.026514325634317444	true	0.5
N1769	favors 1.0		favors 0.511422312289098 opposes 0.4614210436685794 __DUMMY__ 0.027156644042322552	true	1.0
N2616	favors 1.0	favors 1.0	favors 0.7523498641242331 opposes 0.23753468352490467 __DUMMY__ 0.0101154523508623	false	1.0
N907	favors 1.0	favors 1.0	favors 0.7395236021347157 opposes 0.2496399823224036 __DUMMY__ 0.010836415542880685	false	1.0
N1766	favors 1.0		favors 0.5230463466373352 opposes 0.4504022410968721 __DUMMY__ 0.026551412265792745	true	1.0
N2613	opposes 1.0	opposes 1.0	opposes 0.7102493611290742 favors 0.2795399803650474 __DUMMY__ 0.010210658505878413	false	1.0
N908	favors 1.0		favors 0.5178639959691709 opposes 0.4561300981064143 __DUMMY__ 0.026005905924414766	true	1.0
N1767	favors 1.0		favors 0.5117904513617361 opposes 0.4612480859228824 __DUMMY__ 0.02696146271538155	true	1.0
N2614	opposes 1.0		favors 0.5122991770369022 opposes 0.46135142759067865 __DUMMY__ 0.02634939537241908	true	0.5
N2619	opposes 1.0		favors 0.5131458675173621 opposes 0.46074754551157 __DUMMY__ 0.026106586971067783	true	0.5
N2617	favors 1.0	favors 1.0	favors 0.7240087100113511 opposes 0.26580267332972174 __DUMMY__ 0.010188616658927058	false	1.0
N2618	favors 1.0	favors 1.0	favors 0.7366181874902819 opposes 0.25291703132529436 __DUMMY__ 0.010464781184423805	false	1.0
N1750	favors 1.0	favors 1.0	favors 0.7328375236673301 opposes 0.25676274674249466 __DUMMY__ 0.010399729590175197	false	1.0
N1753	favors 1.0		favors 0.5292522557122233 opposes 0.443777053656576 __DUMMY__ 0.026970690631200653	true	1.0
N2600	opposes 1.0	opposes 1.0	opposes 0.7229839177161435 favors 0.2665043221487029 __DUMMY__ 0.0105117601351536	false	1.0
N1754	favors 1.0		favors 0.515188881528779 opposes 0.45763734215995094 __DUMMY__ 0.027173776311270152	true	1.0
N2601	favors 1.0		opposes 0.4873932603815328 favors 0.4868330085342628 __DUMMY__ 0.025773731084204516	true	0.5
N1751	favors 1.0		favors 0.5152978539293719 opposes 0.45834277730730916 __DUMMY__ 0.02635936876331895	true	1.0
N1752	favors 1.0		favors 0.49875296409359116 opposes 0.47406200838237533 __DUMMY__ 0.027185027524033442	true	1.0
N1757	favors 1.0	favors 1.0	favors 0.7446709861153987 opposes 0.2446686272214552 __DUMMY__ 0.010660386663145973	false	1.0
N2604	opposes 1.0		favors 0.5156189817699749 opposes 0.45845083789464625 __DUMMY__ 0.025930180335378902	true	0.5
N1758	favors 1.0		favors 0.5119569494345074 opposes 0.46087058557941973 __DUMMY__ 0.02717246498607283	true	1.0
N2605	favors 1.0	favors 1.0	favors 0.7386719154948984 opposes 0.2508053978871983 __DUMMY__ 0.010522686617903194	false	1.0
N1755	opposes 1.0		favors 0.49706473347194896 opposes 0.4754146275581567 __DUMMY__ 0.02752063896989431	true	0.5
N2602	favors 1.0		favors 0.5189244248170573 opposes 0.4551344872802144 __DUMMY__ 0.025941087902728366	true	1.0
N1756	opposes 1.0		favors 0.5030720309648811 opposes 0.4704198784217601 __DUMMY__ 0.02650809061335882	true	0.5
N2603	favors 1.0	favors 1.0	favors 0.7389859439743743 opposes 0.2506018107556735 __DUMMY__ 0.010412245269952242	false	1.0
N2608	opposes 1.0	opposes 1.0	opposes 0.7214126160966546 favors 0.2681704906609232 __DUMMY__ 0.010416893242422147	false	1.0
N2609	opposes 1.0		favors 0.5312849881668266 opposes 0.44265864103223623 __DUMMY__ 0.0260563708009371	true	0.5
N1759	favors 1.0	favors 1.0	favors 0.7472647236939606 opposes 0.2419602048783929 __DUMMY__ 0.010775071427646539	false	1.0
N2606	opposes 1.0	opposes 1.0	opposes 0.7237377210417606 favors 0.26631590908747604 __DUMMY__ 0.009946369870763437	false	1.0
N2607	opposes 1.0	opposes 1.0	opposes 0.7123610694453775 favors 0.27770342141636906 __DUMMY__ 0.009935509138253584	false	1.0
N923	favors 1.0		opposes 0.488125677154927 favors 0.4846326791464373 __DUMMY__ 0.027241643698635812	true	0.5
N924	favors 1.0		favors 0.516922604875599 opposes 0.456064507665244 __DUMMY__ 0.027012887459156965	true	1.0
N925	favors 1.0		favors 0.5028650877214647 opposes 0.46990771432678974 __DUMMY__ 0.027227197951745677	true	1.0
N926	opposes 1.0	opposes 1.0	opposes 0.7288234617048036 favors 0.2600768067326028 __DUMMY__ 0.011099731562593515	false	1.0
N1342	opposes 1.0	opposes 1.0	opposes 0.7197735763844382 favors 0.2700482359976911 __DUMMY__ 0.010178187617870666	false	1.0
N920	opposes 1.0	opposes 1.0	opposes 0.7230905433059255 favors 0.2659367061481855 __DUMMY__ 0.010972750545888987	false	1.0
N1343	favors 1.0		favors 0.5189355758439383 opposes 0.4547863866901309 __DUMMY__ 0.02627803746593066	true	1.0
N921	favors 1.0		opposes 0.491742890288551 favors 0.48188336785092584 __DUMMY__ 0.026373741860523027	true	0.5
N1340	favors 1.0	favors 1.0	favors 0.7433404513443808 opposes 0.24608369932636906 __DUMMY__ 0.01057584932925013	false	1.0
N922	favors 1.0		favors 0.5028107187072528 opposes 0.4708327991445531 __DUMMY__ 0.026356482148194166	true	1.0
N1341	opposes 1.0		favors 0.49595718294196306 opposes 0.477010709865638 __DUMMY__ 0.027032107192398812	true	0.5
N1346	opposes 1.0	opposes 1.0	opposes 0.7318692735696933 favors 0.2577869423232702 __DUMMY__ 0.010343784107036444	false	1.0
N1347	opposes 1.0		favors 0.5033263056608321 opposes 0.46990391366174 __DUMMY__ 0.02676978067742782	true	0.5
N1344	favors 1.0		favors 0.5122505631645621 opposes 0.4610796255643271 __DUMMY__ 0.026669811271110847	true	1.0
N1345	favors 1.0	favors 1.0	favors 0.7525206241828895 opposes 0.2371959636796583 __DUMMY__ 0.010283412137452267	false	1.0
N927	opposes 1.0		favors 0.490373085007926 opposes 0.4831111354982027 __DUMMY__ 0.02651577949387133	true	0.5
N928	favors 1.0		favors 0.5051133123252883 opposes 0.4680087318582647 __DUMMY__ 0.026877955816446905	true	1.0
N929	favors 1.0		favors 0.4993772010029094 opposes 0.4733961173661884 __DUMMY__ 0.02722668163090217	true	1.0
N1348	favors 1.0	favors 1.0	favors 0.7418386497697399 opposes 0.24770803784819276 __DUMMY__ 0.0104533123820672	false	1.0
N1349	opposes 1.0	opposes 1.0	opposes 0.7174842712820931 favors 0.2723325000617316 __DUMMY__ 0.010183228656175294	false	1.0
N912	favors 1.0		favors 0.5411529991447087 opposes 0.43276839230158476 __DUMMY__ 0.026078608553706615	true	1.0
N913	favors 1.0		favors 0.5186230216890813 opposes 0.45478425247721493 __DUMMY__ 0.026592725833703847	true	1.0
N914	opposes 1.0		favors 0.5263279466199082 opposes 0.4473340063972013 __DUMMY__ 0.026338046982890564	true	0.5
N915	favors 1.0	favors 1.0	favors 0.7440111143220267 opposes 0.24561672624004474 __DUMMY__ 0.010372159437928527	false	1.0
N1331	favors 1.0		favors 0.511005427249046 opposes 0.46290085328358654 __DUMMY__ 0.026093719467367518	true	1.0
N1332	opposes 1.0		opposes 0.48720490358124746 favors 0.4867164678785284 __DUMMY__ 0.026078628540224063	true	1.0
N910	opposes 1.0	opposes 1.0	opposes 0.7045981248311505 favors 0.28475079523275476 __DUMMY__ 0.010651079936094687	false	1.0
N911	favors 1.0		favors 0.5335370065033584 opposes 0.43998865053100517 __DUMMY__ 0.026474342965636458	true	1.0
N1330	favors 1.0	favors 1.0	favors 0.7438851787550149 opposes 0.24546721700401256 __DUMMY__ 0.010647604240972537	false	1.0
N1335	favors 1.0	favors 1.0	favors 0.7436418110727882 opposes 0.24605041934380847 __DUMMY__ 0.010307769583403478	false	1.0
N1336	opposes 1.0	opposes 1.0	opposes 0.7167082899481806 favors 0.27261169081501363 __DUMMY__ 0.0106800192368058	false	1.0
N1333	favors 1.0		favors 0.5188949606293491 opposes 0.4548467144825869 __DUMMY__ 0.026258324888063993	true	1.0
N1334	favors 1.0		favors 0.507511073378174 opposes 0.46580421100083486 __DUMMY__ 0.026684715620991062	true	1.0
N916	opposes 1.0	opposes 1.0	opposes 0.7342706352768719 favors 0.2551955053338024 __DUMMY__ 0.010533859389325714	false	1.0
N1339	favors 1.0		favors 0.531290957106005 opposes 0.4423049440793194 __DUMMY__ 0.026404098814675547	true	1.0
N917	opposes 1.0		favors 0.5059730057541709 opposes 0.4672071477469522 __DUMMY__ 0.02681984649887688	true	0.5
N918	opposes 1.0		favors 0.49514923257220916 opposes 0.47762735131307615 __DUMMY__ 0.027223416114714686	true	0.5
N1337	favors 1.0	favors 1.0	favors 0.7318439695553398 opposes 0.25804744949800523 __DUMMY__ 0.010108580946654993	false	1.0
N919	favors 1.0		favors 0.503430553055869 opposes 0.4698087027092645 __DUMMY__ 0.026760744234866643	true	1.0
N1338	favors 1.0		favors 0.5159049402874663 opposes 0.4583203607805767 __DUMMY__ 0.025774698931957014	true	1.0
N940	opposes 1.0		favors 0.52137774226986 opposes 0.4519450557922509 __DUMMY__ 0.026677201937889056	true	0.5
N945	favors 1.0	favors 1.0	favors 0.7476838339127818 opposes 0.24165064351214013 __DUMMY__ 0.010665522575077996	false	1.0
N946	opposes 1.0		favors 0.5139137344473842 opposes 0.4593285825075601 __DUMMY__ 0.026757683045055717	true	0.5
N947	opposes 1.0	opposes 1.0	opposes 0.7091927694156178 favors 0.2804488585840391 __DUMMY__ 0.010358372000343046	false	1.0
N948	favors 1.0	favors 1.0	favors 0.7465190353351759 opposes 0.24282988472872938 __DUMMY__ 0.010651079936094687	false	1.0
N941	favors 1.0	favors 1.0	favors 0.7391996090141009 opposes 0.2504750426615223 __DUMMY__ 0.01032534832437675	false	1.0
N1320	favors 1.0		favors 0.5014461610022464 opposes 0.47164181322137777 __DUMMY__ 0.026912025776375987	true	1.0
N942	favors 1.0	favors 1.0	favors 0.7477113325515956 opposes 0.24197418298027973 __DUMMY__ 0.010314484468124593	false	1.0
N1321	favors 1.0	favors 1.0	favors 0.7548381024567968 opposes 0.23449067587164094 __DUMMY__ 0.010671221671562259	false	1.0
N943	favors 1.0	favors 1.0	favors 0.7404433481358887 opposes 0.24887415549658648 __DUMMY__ 0.01068249636752483	false	1.0
N944	opposes 1.0		favors 0.5398964312864795 opposes 0.43380819196351433 __DUMMY__ 0.026295376750006167	true	0.5
N1324	opposes 1.0	opposes 1.0	opposes 0.7166419003830677 favors 0.2730381581610387 __DUMMY__ 0.010319941455893628	false	1.0
N1325	favors 1.0		favors 0.5256695239621477 opposes 0.4478482311414077 __DUMMY__ 0.026482244896444393	true	1.0
N1322	favors 1.0	favors 1.0	favors 0.7455082820420957 opposes 0.24371154623915695 __DUMMY__ 0.010780171718747346	false	1.0
N1323	opposes 1.0		favors 0.49930637111610465 opposes 0.4733621801925862 __DUMMY__ 0.027331448691309098	true	0.5
N949	favors 1.0		favors 0.5335370065033584 opposes 0.4399886505310051 __DUMMY__ 0.02647434296563646	true	1.0
N1328	opposes 1.0	opposes 1.0	opposes 0.7302926385448766 favors 0.25919829614151624 __DUMMY__ 0.010509065313607147	false	1.0
N1329	opposes 1.0		favors 0.5074243355765313 opposes 0.4655549154995649 __DUMMY__ 0.027020748923903718	true	0.5
N1326	favors 1.0		favors 0.5176359586450968 opposes 0.4554480292747646 __DUMMY__ 0.026916012080138548	true	1.0
N1327	favors 1.0		favors 0.5419652592923884 opposes 0.43176762004973424 __DUMMY__ 0.026267120657877403	true	1.0
N934	favors 1.0	favors 1.0	favors 0.734667217190846 opposes 0.2545657961058603 __DUMMY__ 0.010766986703293697	false	1.0
N935	opposes 1.0		favors 0.4937939661557342 opposes 0.4796916933538621 __DUMMY__ 0.02651434049040382	true	0.5
N1790	opposes 1.0		opposes 0.49009401673191766 favors 0.4825813793684568 __DUMMY__ 0.027324603899625575	true	1.0
N936	opposes 1.0		favors 0.5060373391032535 opposes 0.46787288865739174 __DUMMY__ 0.026089772239354655	true	0.5
N937	opposes 1.0		favors 0.5302354964203608 opposes 0.4435497511218511 __DUMMY__ 0.02621475245778818	true	0.5
N930	favors 1.0	favors 1.0	favors 0.7406309545573602 opposes 0.24854348359447148 __DUMMY__ 0.010825561848168403	false	1.0
N1793	opposes 1.0		opposes 0.491418679320612 favors 0.4808815002824378 __DUMMY__ 0.027699820396950174	true	1.0
N931	opposes 1.0		favors 0.5193405984015079 opposes 0.45396935399725963 __DUMMY__ 0.026690047601232343	true	0.5
N1310	opposes 1.0	opposes 1.0	opposes 0.7456605144515398 favors 0.24373208837225505 __DUMMY__ 0.010607397176205109	false	1.0
N1794	opposes 1.0		favors 0.48876911819185603 opposes 0.4846728447217535 __DUMMY__ 0.026558037086390457	true	0.5
N932	opposes 1.0	opposes 1.0	opposes 0.7378926381930154 favors 0.25146688903120035 __DUMMY__ 0.010640472775784225	false	1.0
N1791	favors 1.0	favors 1.0	favors 0.742938521760239 opposes 0.2462013982318227 __DUMMY__ 0.010860080007938427	false	1.0
N933	opposes 1.0	opposes 1.0	opposes 0.7251165978931331 favors 0.26396649181990706 __DUMMY__ 0.010916910286959802	false	1.0
N1792	favors 1.0		favors 0.5018221182134192 opposes 0.4708722095291279 __DUMMY__ 0.027305672257452944	true	1.0
N1313	opposes 1.0		favors 0.48860902012857726 opposes 0.4851533168552937 __DUMMY__ 0.026237663016129016	true	0.5
N1797	favors 1.0		favors 0.5097868263471774 opposes 0.4629798670576362 __DUMMY__ 0.02723330659518655	true	1.0
N1314	favors 1.0		favors 0.5251160189487843 opposes 0.44843746102342397 __DUMMY__ 0.026446520027791603	true	1.0
N1798	opposes 1.0	opposes 1.0	opposes 0.7094625071586089 favors 0.2798739822676593 __DUMMY__ 0.010663510573731876	false	1.0
N1311	opposes 1.0	opposes 1.0	opposes 0.7302913397739065 favors 0.25876636238549894 __DUMMY__ 0.010942297840594565	false	1.0
N1795	opposes 1.0		favors 0.504118497225526 opposes 0.46893850728281566 __DUMMY__ 0.02694299549165837	true	0.5
N1312	opposes 1.0		opposes 0.49128873749254953 favors 0.4824777677732287 __DUMMY__ 0.02623349473422182	true	1.0
N1796	favors 1.0		favors 0.4981568242316455 opposes 0.4745368524336021 __DUMMY__ 0.027306323334752306	true	1.0
N938	opposes 1.0		favors 0.5215834048835976 opposes 0.45188018266953567 __DUMMY__ 0.026536412446866792	true	0.5
N1317	opposes 1.0	opposes 1.0	opposes 0.7130799848598148 favors 0.2760275915541378 __DUMMY__ 0.010892423586047393	false	1.0
N939	favors 1.0	favors 1.0	favors 0.7479891181851839 opposes 0.24156278374317694 __DUMMY__ 0.01044809807163919	false	1.0
N1318	favors 1.0	favors 1.0	favors 0.7324372022449173 opposes 0.2573102002935568 __DUMMY__ 0.010252597461526113	false	1.0
N1315	opposes 1.0		favors 0.5120890464326653 opposes 0.46098805595006126 __DUMMY__ 0.026922897617273348	true	0.5
N1799	opposes 1.0	opposes 1.0	opposes 0.7390124552385774 favors 0.25029442964449256 __DUMMY__ 0.010693115116929944	false	1.0
N1316	favors 1.0	favors 1.0	favors 0.7457685892147199 opposes 0.24377046285574028 __DUMMY__ 0.010460947929539933	false	1.0
N1319	opposes 1.0		favors 0.5218546711870835 opposes 0.45224504429448537 __DUMMY__ 0.02590028451843109	true	0.5
N960	favors 1.0		favors 0.5094631934302476 opposes 0.4631086707527588 __DUMMY__ 0.027428135816993573	true	1.0
N961	favors 1.0		favors 0.48853112768531726 opposes 0.4836351903324515 __DUMMY__ 0.02783368198223136	true	1.0
N962	opposes 1.0	opposes 1.0	opposes 0.7228692975656997 favors 0.2665713730580578 __DUMMY__ 0.01055932937624256	false	1.0
N967	opposes 1.0		favors 0.5064496733187664 opposes 0.4663417460818893 __DUMMY__ 0.02720858059934431	true	0.5
N1382	favors 1.0		favors 0.5439326894565718 opposes 0.42928306998785887 __DUMMY__ 0.026784240555569234	true	1.0
N968	favors 1.0	favors 1.0	favors 0.7346875978405888 opposes 0.25473528816867375 __DUMMY__ 0.010577113990737599	false	1.0
N1383	opposes 1.0		favors 0.49386265926435163 opposes 0.4792469244501089 __DUMMY__ 0.02689041628553946	true	0.5
N2230	opposes 1.0	opposes 1.0	opposes 0.7173457332107084 favors 0.2719988017781021 __DUMMY__ 0.010655465011189528	false	1.0
N969	favors 1.0		favors 0.4930701207172823 opposes 0.4809710490867962 __DUMMY__ 0.025958830195921472	true	1.0
N1380	favors 1.0		favors 0.5241815234660315 opposes 0.44853776192472206 __DUMMY__ 0.02728071460924649	true	1.0
N1381	favors 1.0	favors 1.0	favors 0.7537895959170132 opposes 0.2353797333990676 __DUMMY__ 0.01083067068391921	false	1.0
N963	opposes 1.0		favors 0.5123236683681359 opposes 0.46060694021868354 __DUMMY__ 0.027069391413180512	true	0.5
N1386	opposes 1.0		favors 0.5187571874089667 opposes 0.45462848458846183 __DUMMY__ 0.026614328002571432	true	0.5
N2233	favors 1.0		favors 0.5033261227050836 opposes 0.4695289038275954 __DUMMY__ 0.027144973467321108	true	1.0
N964	favors 1.0		favors 0.5274151434494064 opposes 0.4457185105285683 __DUMMY__ 0.02686634602202534	true	1.0
N1387	opposes 1.0	opposes 1.0	opposes 0.7279524268751124 favors 0.2615260362486191 __DUMMY__ 0.010521536876268445	false	1.0
N2234	favors 1.0		favors 0.5092987457819298 opposes 0.46460866046520466 __DUMMY__ 0.026092593752865465	true	1.0
N965	favors 1.0		opposes 0.5009765682301079 favors 0.47204307058373945 __DUMMY__ 0.0269803611861525	true	0.5
N1384	favors 1.0	favors 1.0	favors 0.7437432752070836 opposes 0.24534111512771373 __DUMMY__ 0.010915609665202651	false	1.0
N2231	favors 1.0		favors 0.5382217338170618 opposes 0.43524206651632136 __DUMMY__ 0.026536199666616744	true	1.0
N966	favors 1.0		favors 0.4966234853522567 opposes 0.47586126034170306 __DUMMY__ 0.027515254306040186	true	1.0
N1385	favors 1.0		favors 0.5252862721583712 opposes 0.44762903946761656 __DUMMY__ 0.027084688374012282	true	1.0
N2232	opposes 1.0	opposes 1.0	opposes 0.7083010157725476 favors 0.28105623176981814 __DUMMY__ 0.010642752457634307	false	1.0
N2237	opposes 1.0		favors 0.5299165827981867 opposes 0.44336089299691367 __DUMMY__ 0.02672252420489951	true	0.5
N2238	favors 1.0	favors 1.0	favors 0.7560593428074256 opposes 0.23358022204888976 __DUMMY__ 0.010360435143684666	false	1.0
N1388	opposes 1.0		favors 0.5205727041144669 opposes 0.4526868413787959 __DUMMY__ 0.026740454506737305	true	0.5
N2235	favors 1.0		favors 0.5260033792619733 opposes 0.4475861631387481 __DUMMY__ 0.026410457599278608	true	1.0
N1389	opposes 1.0	opposes 1.0	opposes 0.715406010711646 favors 0.27371151411820366 __DUMMY__ 0.010882475170150426	false	1.0
N2236	opposes 1.0		favors 0.5190408129841905 opposes 0.4541723216539472 __DUMMY__ 0.026786865361862217	true	0.5
N2239	favors 1.0		favors 0.4868517376198567 opposes 0.48676238578191794 __DUMMY__ 0.026385876598225503	true	1.0
N950	opposes 1.0		favors 0.5009476495668359 opposes 0.4728277162695541 __DUMMY__ 0.02622463416360994	true	0.5
N951	opposes 1.0	opposes 1.0	opposes 0.7081609784730178 favors 0.2811429485808708 __DUMMY__ 0.010696072946111333	false	1.0
N956	favors 1.0		favors 0.5005616548565008 opposes 0.4718087270175092 __DUMMY__ 0.0276296181259899	true	1.0
N1371	opposes 1.0		favors 0.5191891037561539 opposes 0.45334872198095316 __DUMMY__ 0.027462174262893022	true	0.5
N957	opposes 1.0	opposes 1.0	opposes 0.7272446106308171 favors 0.26224560333545627 __DUMMY__ 0.010509786033726671	false	1.0
N1372	favors 1.0	favors 1.0	favors 0.7395331162387944 opposes 0.2500101612645818 __DUMMY__ 0.01045672249662385	false	1.0
N958	opposes 1.0		favors 0.5095027763233011 opposes 0.46399317236964965 __DUMMY__ 0.026504051307049102	true	0.5
N959	opposes 1.0	opposes 1.0	opposes 0.7249289498926701 favors 0.26405025442303254 __DUMMY__ 0.011020795684297377	false	1.0
N1370	favors 1.0		favors 0.5265656206061584 opposes 0.4465945428975784 __DUMMY__ 0.02683983649626326	true	1.0
N952	opposes 1.0		favors 0.5210573713655647 opposes 0.4529578057589128 __DUMMY__ 0.025984822875522454	true	0.5
N1375	favors 1.0		favors 0.542419458146205 opposes 0.4304931995197438 __DUMMY__ 0.027087342334051294	true	1.0
N2222	opposes 1.0	opposes 1.0	opposes 0.7268367746628216 favors 0.2633883125379366 __DUMMY__ 0.009774912799241775	false	1.0
N953	favors 1.0		opposes 0.49372018811464224 favors 0.47950061307414615 __DUMMY__ 0.026779198811211512	true	0.5
N1376	favors 1.0	favors 1.0	favors 0.7499179658487924 opposes 0.2392037749720757 __DUMMY__ 0.010878259179131837	false	1.0
N2223	favors 1.0	favors 1.0	favors 0.7316927042151 opposes 0.2579983731947502 __DUMMY__ 0.010308922590149773	false	1.0
N954	favors 1.0		favors 0.5127390378641036 opposes 0.46026692941060465 __DUMMY__ 0.026994032725291876	true	1.0
N1373	favors 1.0		favors 0.5276503411959687 opposes 0.4458807581816088 __DUMMY__ 0.026468900622422537	true	1.0
N2220	opposes 1.0	opposes 1.0	opposes 0.7280804318086705 favors 0.26166686956201934 __DUMMY__ 0.010252698629310072	false	1.0
N955	favors 1.0	favors 1.0	favors 0.7355514127558849 opposes 0.25348142219028125 __DUMMY__ 0.010967165053833845	false	1.0
N1374	opposes 1.0	opposes 1.0	opposes 0.7141581315482896 favors 0.27494100717569286 __DUMMY__ 0.010900861276017578	false	1.0
N2221	favors 1.0		favors 0.49540530148734563 opposes 0.47897481685081544 __DUMMY__ 0.025619881661838977	true	1.0
N1379	favors 1.0	favors 1.0	favors 0.7516495149194151 opposes 0.23763061071325292 __DUMMY__ 0.010719874367331912	false	1.0
N2226	opposes 1.0		favors 0.5218936737682528 opposes 0.45175839653597444 __DUMMY__ 0.02634792969577277	true	0.5
N2227	favors 1.0	favors 1.0	favors 0.7423590211414475 opposes 0.24689767217942993 __DUMMY__ 0.010743306679122487	false	1.0
N1377	opposes 1.0		favors 0.5096807758440588 opposes 0.4626867843155668 __DUMMY__ 0.027632439840374456	true	0.5
N2224	favors 1.0	favors 1.0	favors 0.7485916061440345 opposes 0.24098908520895565 __DUMMY__ 0.0104193086470099	false	1.0
N1378	favors 1.0		favors 0.5148680678347513 opposes 0.45851950966575916 __DUMMY__ 0.026612422499489512	true	1.0
N2225	favors 1.0	favors 1.0	favors 0.7426315271166507 opposes 0.24673581670161918 __DUMMY__ 0.01063265618173012	false	1.0
N2228	opposes 1.0	opposes 1.0	opposes 0.7197483066823248 favors 0.27006515367495787 __DUMMY__ 0.010186539642717356	false	1.0
N2229	opposes 1.0		favors 0.5226955602275883 opposes 0.45139287357737956 __DUMMY__ 0.025911566195032074	true	0.5
N981	favors 1.0		favors 0.5425919998999826 opposes 0.4314466509523373 __DUMMY__ 0.02596134914768019	true	1.0
N982	opposes 1.0	opposes 1.0	opposes 0.7284496991888596 favors 0.2612536119589512 __DUMMY__ 0.010296688852189267	false	1.0
N983	favors 1.0		favors 0.5105858281796921 opposes 0.4627358662176228 __DUMMY__ 0.026678305602685165	true	1.0
N500	favors 1.0		favors 0.5090786426166566 opposes 0.4638380925420378 __DUMMY__ 0.02708326484130575	true	1.0
N984	favors 1.0	favors 1.0	favors 0.7460024152287262 opposes 0.24358925231409842 __DUMMY__ 0.010408332457175365	false	1.0
N980	opposes 1.0		favors 0.5200909579969255 opposes 0.45333698519725873 __DUMMY__ 0.026572056805815685	true	0.5
N505	favors 1.0	favors 1.0	favors 0.7490124866227758 opposes 0.24044935010520083 __DUMMY__ 0.01053816327202359	false	1.0
N989	favors 1.0		favors 0.5029388905156609 opposes 0.4706883415247752 __DUMMY__ 0.026372767959563743	true	1.0
N1360	favors 1.0	favors 1.0	favors 0.7492750196336252 opposes 0.2400912466273425 __DUMMY__ 0.010633733739032359	false	1.0
N506	opposes 1.0		opposes 0.5038602232172615 favors 0.4695175620207316 __DUMMY__ 0.026622214762006904	true	1.0
N1361	opposes 1.0		favors 0.5201590032646347 opposes 0.45274266404673663 __DUMMY__ 0.02709833268862856	true	0.5
N507	opposes 1.0		favors 0.4954983874825916 opposes 0.47731851627170097 __DUMMY__ 0.02718309624570759	true	0.5
N508	opposes 1.0		favors 0.5058648834149467 opposes 0.46729709608824305 __DUMMY__ 0.026838020496810312	true	0.5
N501	opposes 1.0		favors 0.4868339447158253 opposes 0.4856683496130985 __DUMMY__ 0.02749770567107602	true	0.5
N985	favors 1.0	favors 1.0	favors 0.7421926414910602 opposes 0.2476798857665899 __DUMMY__ 0.010127472742349838	false	1.0
N1364	favors 1.0		favors 0.5107705861940363 opposes 0.4620377076070707 __DUMMY__ 0.027191706198892992	true	1.0
N2211	favors 1.0	favors 1.0	favors 0.7336522713392697 opposes 0.2566747669707725 __DUMMY__ 0.009672961689957791	false	1.0
N502	opposes 1.0		favors 0.49481643977819767 opposes 0.47889149992855173 __DUMMY__ 0.02629206029325052	true	0.5
N986	opposes 1.0	opposes 1.0	opposes 0.7350986727124564 favors 0.2545665589272952 __DUMMY__ 0.010334768360248344	false	1.0
N1365	favors 1.0		favors 0.5212839487295083 opposes 0.4518462686019848 __DUMMY__ 0.026869782668506856	true	1.0
N2212	favors 1.0	favors 1.0	favors 0.7225340916851607 opposes 0.2672814291547977 __DUMMY__ 0.010184479160041776	false	1.0
N503	favors 1.0	favors 1.0	favors 0.7371639377988379 opposes 0.2520045800353595 __DUMMY__ 0.010831482165802422	false	1.0
N987	opposes 1.0	opposes 1.0	opposes 0.7174388812900307 favors 0.2721104197321595 __DUMMY__ 0.010450698977809756	false	1.0
N1362	favors 1.0		favors 0.5316141933130463 opposes 0.4413587973130723 __DUMMY__ 0.02702700937388139	true	1.0
N504	favors 1.0		favors 0.5175648736225517 opposes 0.45542689556166266 __DUMMY__ 0.027008230815785714	true	1.0
N988	opposes 1.0	opposes 1.0	opposes 0.7234018291502959 favors 0.2659267169835602 __DUMMY__ 0.01067145386614384	false	1.0
N1363	opposes 1.0		opposes 0.48711048433262877 favors 0.4862244391294622 __DUMMY__ 0.026665076537908942	true	1.0
N2210	favors 1.0		opposes 0.49932183430234706 favors 0.47574297908897745 __DUMMY__ 0.024935186608675445	true	0.5
N1368	favors 1.0		favors 0.5301948746109661 opposes 0.44290496349122804 __DUMMY__ 0.02690016189780596	true	1.0
N2215	opposes 1.0	opposes 1.0	opposes 0.7323362066489194 favors 0.25725073765978723 __DUMMY__ 0.010413055691293287	false	1.0
N1369	favors 1.0	favors 1.0	favors 0.7458313436319585 opposes 0.243306129350972 __DUMMY__ 0.01086252701706948	false	1.0
N2216	opposes 1.0	opposes 1.0	opposes 0.7290035887046157 favors 0.26121406493240534 __DUMMY__ 0.009782346362978896	false	1.0
N1366	favors 1.0		favors 0.5140835777977297 opposes 0.45956863411068016 __DUMMY__ 0.02634778809158999	true	1.0
N2213	opposes 1.0		favors 0.5140776792579749 opposes 0.4603857213097786 __DUMMY__ 0.025536599432246405	true	0.5
N1367	opposes 1.0		favors 0.5002370424653861 opposes 0.4730495068613718 __DUMMY__ 0.026713450673242056	true	0.5
N2214	favors 1.0	favors 1.0	favors 0.7337796575577692 opposes 0.25602520418521035 __DUMMY__ 0.01019513825702052	false	1.0
N509	opposes 1.0	opposes 1.0	opposes 0.7207081649413507 favors 0.2688817770528641 __DUMMY__ 0.010410058005785145	false	1.0
N2219	opposes 1.0	opposes 1.0	opposes 0.7420528075478939 favors 0.24798929923148338 __DUMMY__ 0.00995789322062267	false	1.0
N2217	favors 1.0		favors 0.49505356627358 opposes 0.47904876035082367 __DUMMY__ 0.02589767337559625	true	1.0
N2218	favors 1.0		favors 0.5168429845121548 opposes 0.45792561138833887 __DUMMY__ 0.0252314040995063	true	1.0
N970	favors 1.0	favors 1.0	favors 0.7492437816151009 opposes 0.2404562351970531 __DUMMY__ 0.010299983187846024	false	1.0
N971	favors 1.0	favors 1.0	favors 0.7428650001403803 opposes 0.24660397045597526 __DUMMY__ 0.010531029403644376	false	1.0
N972	opposes 1.0		favors 0.5230585467487977 opposes 0.4508228722210928 __DUMMY__ 0.02611858103010945	true	0.5
N973	favors 1.0	favors 1.0	favors 0.7425769556753663 opposes 0.24677498770381487 __DUMMY__ 0.010648056620818807	false	1.0
N978	favors 1.0		favors 0.5096663979670765 opposes 0.4644932775825777 __DUMMY__ 0.02584032445034595	true	1.0
N979	favors 1.0	favors 1.0	favors 0.7492605249101462 opposes 0.24040846247864725 __DUMMY__ 0.010331012611206591	false	1.0
N1350	favors 1.0	favors 1.0	favors 0.7314505693403931 opposes 0.2580903685842102 __DUMMY__ 0.01045906207539681	false	1.0
N974	opposes 1.0	opposes 1.0	opposes 0.71978782372372 favors 0.2701642770378472 __DUMMY__ 0.010047899238432946	false	1.0
N1353	favors 1.0		favors 0.5146417808937791 opposes 0.45805223769448533 __DUMMY__ 0.027305981411735573	true	1.0
N2200	favors 1.0	favors 1.0	favors 0.7480435951537419 opposes 0.24101707868294187 __DUMMY__ 0.010939326163316327	false	1.0
N975	opposes 1.0	opposes 1.0	opposes 0.7078579557985896 favors 0.2821060515353215 __DUMMY__ 0.010035992666089032	false	1.0
N1354	opposes 1.0	opposes 1.0	opposes 0.7193703445173502 favors 0.270289948692817 __DUMMY__ 0.010339706789832804	false	1.0
N2201	opposes 1.0		opposes 0.49211117027737306 favors 0.48083717343997695 __DUMMY__ 0.027051656282649907	true	1.0
N976	favors 1.0		favors 0.540797205003786 opposes 0.4329194103788892 __DUMMY__ 0.026283384617324882	true	1.0
N1351	favors 1.0		favors 0.5269660778574479 opposes 0.4463640916244043 __DUMMY__ 0.02666983051814783	true	1.0
N977	favors 1.0		favors 0.5032990425394448 opposes 0.4697537652873769 __DUMMY__ 0.026947192173178227	true	1.0
N1352	opposes 1.0		favors 0.5230868259787431 opposes 0.45029657039731263 __DUMMY__ 0.02661660362394442	true	0.5
N1357	favors 1.0	favors 1.0	favors 0.7561040244645675 opposes 0.23317407253480335 __DUMMY__ 0.010721903000629142	false	1.0
N2204	opposes 1.0		favors 0.5071562977166008 opposes 0.4660835321221673 __DUMMY__ 0.026760170161232107	true	0.5
N1358	favors 1.0	favors 1.0	favors 0.7362831288298275 opposes 0.2526651669560952 __DUMMY__ 0.011051704214077257	false	1.0
N2205	opposes 1.0	opposes 1.0	opposes 0.7380409944504288 favors 0.2521098722461964 __DUMMY__ 0.009849133303374774	false	1.0
N1355	opposes 1.0	opposes 1.0	opposes 0.7075964244627442 favors 0.28207701875606445 __DUMMY__ 0.01032655678119134	false	1.0
N2202	opposes 1.0		favors 0.5040952665803614 opposes 0.46834809137883776 __DUMMY__ 0.02755664204080087	true	0.5
N1356	opposes 1.0		favors 0.5055881737286435 opposes 0.4673046775897982 __DUMMY__ 0.02710714868155821	true	0.5
N2203	favors 1.0		favors 0.5137103541075584 opposes 0.45901897495590793 __DUMMY__ 0.027270670936533598	true	1.0
N2208	favors 1.0	favors 1.0	favors 0.7347582901044359 opposes 0.25531001907870554 __DUMMY__ 0.009931690816858591	false	1.0
N2209	opposes 1.0	opposes 1.0	opposes 0.7258520268842485 favors 0.26383233592603395 __DUMMY__ 0.010315637189717536	false	1.0
N1359	favors 1.0	favors 1.0	favors 0.7402527114887498 opposes 0.24934906879755767 __DUMMY__ 0.010398219713692484	false	1.0
N2206	opposes 1.0	opposes 1.0	opposes 0.7195025015233925 favors 0.27054599770667637 __DUMMY__ 0.009951500769931218	false	1.0
N2207	opposes 1.0		favors 0.4905799868960931 opposes 0.4834792558779125 __DUMMY__ 0.025940757225994378	true	0.5
N520	opposes 1.0	opposes 1.0	opposes 0.7257058521825209 favors 0.26371533506728534 __DUMMY__ 0.010578812750193725	false	1.0
N521	opposes 1.0		favors 0.4967754732298524 opposes 0.47760662521534364 __DUMMY__ 0.02561790155480396	true	0.5
N522	favors 1.0	favors 1.0	favors 0.7412237560850753 opposes 0.24860622331545476 __DUMMY__ 0.010170020599469982	false	1.0
