N1742	opposes 1.0	opposes 1.0	opposes 0.6945765047961481 favors 0.3047540628567029 __DUMMY__ 6.694323471490397E-4	false	1.0
N1743	opposes 1.0	opposes 1.0	opposes 0.7135424190708116 favors 0.2858746326235223 __DUMMY__ 5.829483056661109E-4	false	1.0
N1740	favors 1.0	favors 1.0	favors 0.7511446319985158 opposes 0.2480797330061504 __DUMMY__ 7.756349953338069E-4	false	1.0
N1741	opposes 1.0	opposes 1.0	opposes 0.7096543239809374 favors 0.28971080794288356 __DUMMY__ 6.348680761790544E-4	false	1.0
N1746	opposes 1.0	opposes 1.0	opposes 0.687094325907221 favors 0.3121716537380777 __DUMMY__ 7.34020354701284E-4	false	1.0
N1747	opposes 1.0		favors 0.5286817455379942 opposes 0.4628930708085572 __DUMMY__ 0.008425183653448706	true	0.5
N1744	favors 1.0		favors 0.5363174814444411 opposes 0.45534728982528266 __DUMMY__ 0.008335228730276043	true	1.0
N1745	favors 1.0	favors 1.0	favors 0.7604410857300765 opposes 0.23885248732072406 __DUMMY__ 7.064269491994135E-4	false	1.0
N1748	opposes 1.0	opposes 1.0	opposes 0.7121089629138767 favors 0.28728905972289004 __DUMMY__ 6.019773632332213E-4	false	1.0
N1749	favors 1.0	favors 1.0	favors 0.7758219947134577 opposes 0.22344803276629335 __DUMMY__ 7.299725202488573E-4	false	1.0
N1731	opposes 1.0	opposes 1.0	opposes 0.716113705133019 favors 0.2831601140376798 __DUMMY__ 7.261808293011506E-4	false	1.0
N1732	opposes 1.0	opposes 1.0	opposes 0.6966600484892994 favors 0.30266970700046997 __DUMMY__ 6.702445102306603E-4	false	1.0
N1730	favors 1.0		favors 0.5255095270891982 opposes 0.4663508303708123 __DUMMY__ 0.008139642539989514	true	1.0
N1735	opposes 1.0		favors 0.5442417895193836 opposes 0.4472697533674574 __DUMMY__ 0.008488457113159004	true	0.5
N1736	favors 1.0	favors 1.0	favors 0.7538137203934908 opposes 0.24557432146065689 __DUMMY__ 6.119581458522828E-4	false	1.0
N1733	opposes 1.0	opposes 1.0	opposes 0.7135326602792209 favors 0.2856428231548275 __DUMMY__ 8.245165659515668E-4	false	1.0
N1734	favors 1.0	favors 1.0	favors 0.7664979691264943 opposes 0.23282387243191474 __DUMMY__ 6.781584415909315E-4	false	1.0
N1739	favors 1.0	favors 1.0	favors 0.7693486571230086 opposes 0.22998476593435235 __DUMMY__ 6.665769426389938E-4	false	1.0
N1737	favors 1.0	favors 1.0	favors 0.7645003952870084 opposes 0.23489667992415642 __DUMMY__ 6.029247888350894E-4	false	1.0
N1738	opposes 1.0	opposes 1.0	opposes 0.7177889852764456 favors 0.2814355377987507 __DUMMY__ 7.754769248035925E-4	false	1.0
N1720	opposes 1.0	opposes 1.0	opposes 0.7149323375184183 favors 0.28430507902570584 __DUMMY__ 7.62583455875801E-4	false	1.0
N1721	opposes 1.0	opposes 1.0	opposes 0.7067824123845652 favors 0.2925926264886554 __DUMMY__ 6.249611267795035E-4	false	1.0
N1724	favors 1.0	favors 1.0	favors 0.7576449663476317 opposes 0.24173012021789897 __DUMMY__ 6.249134344692573E-4	false	1.0
N1725	favors 1.0	favors 1.0	favors 0.7623974411308396 opposes 0.23689282202506876 __DUMMY__ 7.097368440916671E-4	false	1.0
N1722	favors 1.0	favors 1.0	favors 0.7815366178140378 opposes 0.21776972248336998 __DUMMY__ 6.936597025921959E-4	false	1.0
N1723	favors 1.0	favors 1.0	favors 0.7579813867404875 opposes 0.24145685233384692 __DUMMY__ 5.617609256654921E-4	false	1.0
N1728	opposes 1.0	opposes 1.0	opposes 0.7077109372337426 favors 0.2916741911860669 __DUMMY__ 6.148715801904687E-4	false	1.0
N1729	favors 1.0	favors 1.0	favors 0.7831502141510416 opposes 0.2161101275530009 __DUMMY__ 7.396582959576432E-4	false	1.0
N1726	favors 1.0	favors 1.0	favors 0.7958606015699229 opposes 0.2034135938229012 __DUMMY__ 7.258046071758982E-4	false	1.0
N1727	opposes 1.0	opposes 1.0	opposes 0.7162049064507429 favors 0.283131329210004 __DUMMY__ 6.637643392531613E-4	false	1.0
N1710	favors 1.0	favors 1.0	favors 0.7501161802810441 opposes 0.2492948098050205 __DUMMY__ 5.890099139354011E-4	false	1.0
N1713	opposes 1.0	opposes 1.0	opposes 0.7125524974857423 favors 0.28661491490225194 __DUMMY__ 8.32587612005743E-4	false	1.0
N1714	favors 1.0	favors 1.0	favors 0.7697367276380828 opposes 0.22959041559635116 __DUMMY__ 6.728567655660626E-4	false	1.0
N1711	favors 1.0	favors 1.0	favors 0.7526333601288931 opposes 0.24665561133090605 __DUMMY__ 7.110285402008784E-4	false	1.0
N1712	favors 1.0	favors 1.0	favors 0.7808516402771482 opposes 0.21849526002320946 __DUMMY__ 6.530996996424306E-4	false	1.0
N1717	favors 1.0	favors 1.0	favors 0.7681554286726748 opposes 0.23126456463995193 __DUMMY__ 5.80006687373272E-4	false	1.0
N1718	opposes 1.0	opposes 1.0	opposes 0.719483708751213 favors 0.27974391536842025 __DUMMY__ 7.723758803667344E-4	false	1.0
N1715	favors 1.0	favors 1.0	favors 0.7631289307875284 opposes 0.23610733017084193 __DUMMY__ 7.637390416296561E-4	false	1.0
N1716	favors 1.0	favors 1.0	favors 0.7532800699548249 opposes 0.2461092604171227 __DUMMY__ 6.106696280524633E-4	false	1.0
N1719	favors 1.0	favors 1.0	favors 0.7750656548150066 opposes 0.22424265106070787 __DUMMY__ 6.916941242856078E-4	false	1.0
N1782	favors 1.0	favors 1.0	favors 0.7562642815647601 opposes 0.24317074898616883 __DUMMY__ 5.649694490710362E-4	false	1.0
N1783	favors 1.0	favors 1.0	favors 0.7570410365580741 opposes 0.2423333035943595 __DUMMY__ 6.256598475664536E-4	false	1.0
N1780	opposes 1.0	opposes 1.0	opposes 0.7098737722582686 favors 0.2895002951462034 __DUMMY__ 6.259325955279261E-4	false	1.0
N1781	opposes 1.0	opposes 1.0	opposes 0.692728907639258 favors 0.30658544961484197 __DUMMY__ 6.856427459000314E-4	false	1.0
N1786	opposes 1.0	opposes 1.0	opposes 0.7169933775267321 favors 0.28233711819358087 __DUMMY__ 6.695042796870509E-4	false	1.0
N1302	favors 1.0	favors 1.0	favors 0.7625395749665789 opposes 0.23675587603291465 __DUMMY__ 7.045490005064147E-4	false	1.0
N1303	favors 1.0	favors 1.0	favors 0.7885138334347506 opposes 0.2107453742512385 __DUMMY__ 7.407923140109416E-4	false	1.0
N1787	opposes 1.0	opposes 1.0	opposes 0.7133723603972949 favors 0.2860311650978524 __DUMMY__ 5.964745048526412E-4	false	1.0
N1300	favors 1.0	favors 1.0	favors 0.7579121254935279 opposes 0.2415163686439464 __DUMMY__ 5.71505862525756E-4	false	1.0
N1784	favors 1.0	favors 1.0	favors 0.760217240311399 opposes 0.23908503276419937 __DUMMY__ 6.977269244016795E-4	false	1.0
N1301	opposes 1.0		favors 0.5397560461413389 opposes 0.4519227357002223 __DUMMY__ 0.00832121815843892	true	0.5
N1785	opposes 1.0	opposes 1.0	opposes 0.6812762013991868 favors 0.3179863618290057 __DUMMY__ 7.374367718075745E-4	false	1.0
N1306	opposes 1.0	opposes 1.0	opposes 0.6891388641786741 favors 0.31012699181895065 __DUMMY__ 7.341440023752764E-4	false	1.0
N1307	favors 1.0	favors 1.0	favors 0.7510814130235732 opposes 0.24832631361255625 __DUMMY__ 5.922733638705163E-4	false	1.0
N1304	favors 1.0	favors 1.0	favors 0.7540975942171486 opposes 0.24523193525038112 __DUMMY__ 6.70470532470237E-4	false	1.0
N1788	favors 1.0	favors 1.0	favors 0.7771106106514514 opposes 0.2221499710118548 __DUMMY__ 7.394183366939088E-4	false	1.0
N1789	opposes 1.0	opposes 1.0	opposes 0.7195496653775134 favors 0.27987554284888816 __DUMMY__ 5.747917735984437E-4	false	1.0
N1305	favors 1.0	favors 1.0	favors 0.758562816527816 opposes 0.24082874702510343 __DUMMY__ 6.084364470805668E-4	false	1.0
N1308	opposes 1.0		favors 0.5309489403992836 opposes 0.46059524575675925 __DUMMY__ 0.00845581384395714	true	0.5
N1309	opposes 1.0	opposes 1.0	opposes 0.6934861354845507 favors 0.3058518489657532 __DUMMY__ 6.6201554969604E-4	false	1.0
N1771	favors 1.0	favors 1.0	favors 0.7762381881098956 opposes 0.22310838725845758 __DUMMY__ 6.534246316467763E-4	false	1.0
N1772	opposes 1.0	opposes 1.0	opposes 0.7138581403551529 favors 0.28529435578984963 __DUMMY__ 8.475038549975011E-4	false	1.0
N1770	opposes 1.0	opposes 1.0	opposes 0.7156221031164729 favors 0.28365063590042416 __DUMMY__ 7.272609831029043E-4	false	1.0
N1775	favors 1.0		favors 0.5298193012856632 opposes 0.4619449487425669 __DUMMY__ 0.008235749971769894	true	1.0
N1776	favors 1.0	favors 1.0	favors 0.7647405769936594 opposes 0.2346759546337533 __DUMMY__ 5.834683725872293E-4	false	1.0
N1773	favors 1.0	favors 1.0	favors 0.766856192524623 opposes 0.23248181600998655 __DUMMY__ 6.619914653904809E-4	false	1.0
N1774	opposes 1.0	opposes 1.0	opposes 0.7090181209911653 favors 0.2902258801221387 __DUMMY__ 7.559988866959387E-4	false	1.0
N1779	favors 1.0	favors 1.0	favors 0.7497263515186082 opposes 0.2494950054564772 __DUMMY__ 7.786430249144663E-4	false	1.0
N1777	favors 1.0	favors 1.0	favors 0.7450041238182966 opposes 0.2541951745208705 __DUMMY__ 8.007016608327904E-4	false	1.0
N1778	favors 1.0	favors 1.0	favors 0.7696855785280782 opposes 0.22963097753237616 __DUMMY__ 6.834439395457351E-4	false	1.0
N901	favors 1.0	favors 1.0	favors 0.7563166798543023 opposes 0.243055950629475 __DUMMY__ 6.273695162227995E-4	false	1.0
N902	favors 1.0	favors 1.0	favors 0.7601761775170177 opposes 0.23911998846633414 __DUMMY__ 7.038340166481788E-4	false	1.0
N903	opposes 1.0		favors 0.5886613494078515 opposes 0.40285569585991876 __DUMMY__ 0.008482954732229693	true	0.5
N904	opposes 1.0	opposes 1.0	opposes 0.7174940779601671 favors 0.2818267625996975 __DUMMY__ 6.791594401354653E-4	false	1.0
N1760	opposes 1.0	opposes 1.0	opposes 0.7090049811768354 favors 0.29036740349126705 __DUMMY__ 6.276153318975517E-4	false	1.0
N1761	opposes 1.0	opposes 1.0	opposes 0.6926913200122415 favors 0.30662291095167066 __DUMMY__ 6.857690360877473E-4	false	1.0
N900	favors 1.0	favors 1.0	favors 0.7564945062118996 opposes 0.2429337442730958 __DUMMY__ 5.717495150045765E-4	false	1.0
N909	favors 1.0	favors 1.0	favors 0.7737192465795257 opposes 0.22560188187777774 __DUMMY__ 6.788715426965867E-4	false	1.0
N1764	favors 1.0	favors 1.0	favors 0.7604767468767694 opposes 0.238818460809089 __DUMMY__ 7.047923141416839E-4	false	1.0
N1765	opposes 1.0	opposes 1.0	opposes 0.6808055910958013 favors 0.31844626381263746 __DUMMY__ 7.481450915611769E-4	false	1.0
N1762	favors 1.0	favors 1.0	favors 0.7565720088628558 opposes 0.24285712381803662 __DUMMY__ 5.708673191075535E-4	false	1.0
N1763	opposes 1.0	opposes 1.0	opposes 0.7127375716313267 favors 0.2866281223978108 __DUMMY__ 6.343059708625421E-4	false	1.0
N1768	favors 1.0	favors 1.0	favors 0.7777389000811081 opposes 0.2215246756354125 __DUMMY__ 7.364242834794219E-4	false	1.0
N905	opposes 1.0		favors 0.5361251030230181 opposes 0.45568182748081937 __DUMMY__ 0.008193069496162525	true	0.5
N906	favors 1.0	favors 1.0	favors 0.7760635153795373 opposes 0.2232075711738447 __DUMMY__ 7.289134466180452E-4	false	1.0
N1769	opposes 1.0	opposes 1.0	opposes 0.7194113072680118 favors 0.28000499125747774 __DUMMY__ 5.837014745103098E-4	false	1.0
N1766	opposes 1.0	opposes 1.0	opposes 0.716571559992119 favors 0.2827512543951654 __DUMMY__ 6.771856127155296E-4	false	1.0
N907	opposes 1.0	opposes 1.0	opposes 0.7194270205983839 favors 0.27998237901217665 __DUMMY__ 5.906003894393077E-4	false	1.0
N908	opposes 1.0	opposes 1.0	opposes 0.7173909747002036 favors 0.28188015188113985 __DUMMY__ 7.28873418656541E-4	false	1.0
N1767	opposes 1.0	opposes 1.0	opposes 0.7113889138854056 favors 0.28801742056239615 __DUMMY__ 5.936655521983379E-4	false	1.0
N1750	opposes 1.0	opposes 1.0	opposes 0.7189737637053454 favors 0.2804240415877286 __DUMMY__ 6.021947069259646E-4	false	1.0
N1753	favors 1.0	favors 1.0	favors 0.7666652603759692 opposes 0.23266160516492682 __DUMMY__ 6.731344591040314E-4	false	1.0
N1754	opposes 1.0	opposes 1.0	opposes 0.7091670999107279 favors 0.2900799124992436 __DUMMY__ 7.52987590028492E-4	false	1.0
N1751	opposes 1.0	opposes 1.0	opposes 0.715112214787578 favors 0.28416183875533146 __DUMMY__ 7.259464570904895E-4	false	1.0
N1752	opposes 1.0		favors 0.531839826372976 opposes 0.4595239503855029 __DUMMY__ 0.008636223241521048	true	0.5
N1757	favors 1.0	favors 1.0	favors 0.7454312730463876 opposes 0.25376747700214564 __DUMMY__ 8.012499514667963E-4	false	1.0
N1758	favors 1.0	favors 1.0	favors 0.7701116590884671 opposes 0.22920474657632764 __DUMMY__ 6.835943352052485E-4	false	1.0
N1755	favors 1.0	favors 1.0	favors 0.7532777057176355 opposes 0.24612017228112681 __DUMMY__ 6.02122001237597E-4	false	1.0
N1756	favors 1.0	favors 1.0	favors 0.7652581271825074 opposes 0.23414881480649416 __DUMMY__ 5.93058010998346E-4	false	1.0
N1759	favors 1.0	favors 1.0	favors 0.74975376663533 opposes 0.24947315120777128 __DUMMY__ 7.730821568986779E-4	false	1.0
N923	favors 1.0	favors 1.0	favors 0.7840145724266937 opposes 0.21525000508732817 __DUMMY__ 7.354224859781636E-4	false	1.0
N924	opposes 1.0	opposes 1.0	opposes 0.7181395226513828 favors 0.28118353809268454 __DUMMY__ 6.769392559325191E-4	false	1.0
N925	opposes 1.0	opposes 1.0	opposes 0.7120480191548607 favors 0.28736095227077746 __DUMMY__ 5.910285743617802E-4	false	1.0
N926	favors 1.0	favors 1.0	favors 0.7755900339109177 opposes 0.2236845064905701 __DUMMY__ 7.25459598512129E-4	false	1.0
N1342	favors 1.0	favors 1.0	favors 0.7629374126138772 opposes 0.23636467660501603 __DUMMY__ 6.979107811068736E-4	false	1.0
N1343	favors 1.0	favors 1.0	favors 0.7864158565626402 opposes 0.21285214342557454 __DUMMY__ 7.320000117852878E-4	false	1.0
N920	favors 1.0	favors 1.0	favors 0.756211439471768 opposes 0.243218249924058 __DUMMY__ 5.703106041739911E-4	false	1.0
N921	favors 1.0		favors 0.5362015929948694 opposes 0.4554798975929277 __DUMMY__ 0.008318509412202885	true	1.0
N1340	favors 1.0	favors 1.0	favors 0.7578956035127598 opposes 0.2415357572863491 __DUMMY__ 5.686392008910496E-4	false	1.0
N1341	favors 1.0	favors 1.0	favors 0.7574623217631302 opposes 0.24191136394152007 __DUMMY__ 6.26314295349752E-4	false	1.0
N922	favors 1.0	favors 1.0	favors 0.7596005505532893 opposes 0.23968772731988336 __DUMMY__ 7.117221268273474E-4	false	1.0
N1346	favors 1.0	favors 1.0	favors 0.7793664966474407 opposes 0.2199019475001136 __DUMMY__ 7.315558524457888E-4	false	1.0
N1347	opposes 1.0	opposes 1.0	opposes 0.7179394476654345 favors 0.2814782417881746 __DUMMY__ 5.823105463909236E-4	false	1.0
N1344	opposes 1.0		favors 0.5322548002291134 opposes 0.4593330286957293 __DUMMY__ 0.008412171075157284	true	0.5
N1345	opposes 1.0	opposes 1.0	opposes 0.7110423305530759 favors 0.2883576073233876 __DUMMY__ 6.000621235366013E-4	false	1.0
N927	opposes 1.0	opposes 1.0	opposes 0.7193688048733433 favors 0.28003744864224206 __DUMMY__ 5.937464844146904E-4	false	1.0
N928	favors 1.0	favors 1.0	favors 0.7530652531109857 opposes 0.24621459397010384 __DUMMY__ 7.201529189104868E-4	false	1.0
N929	favors 1.0	favors 1.0	favors 0.775154282989794 opposes 0.22418998345220748 __DUMMY__ 6.557335579985077E-4	false	1.0
N1348	favors 1.0	favors 1.0	favors 0.780306589924032 opposes 0.2190375261056425 __DUMMY__ 6.558839703253992E-4	false	1.0
N1349	favors 1.0	favors 1.0	favors 0.7537589027124855 opposes 0.2454121420216773 __DUMMY__ 8.28955265837328E-4	false	1.0
N912	opposes 1.0	opposes 1.0	opposes 0.7101764324486228 favors 0.28908990241390964 __DUMMY__ 7.336651374675585E-4	false	1.0
N913	favors 1.0	favors 1.0	favors 0.7527978918670363 opposes 0.24659484388776848 __DUMMY__ 6.07264245195262E-4	false	1.0
N914	favors 1.0	favors 1.0	favors 0.7635255112001674 opposes 0.23587743106682896 __DUMMY__ 5.970577330036516E-4	false	1.0
N915	favors 1.0	favors 1.0	favors 0.7466946041755385 opposes 0.2525358933584502 __DUMMY__ 7.69502466011371E-4	false	1.0
N1331	favors 1.0	favors 1.0	favors 0.768933112203168 opposes 0.2304096474965457 __DUMMY__ 6.572403002862517E-4	false	1.0
N1332	favors 1.0	favors 1.0	favors 0.7650124413233295 opposes 0.23425915307202375 __DUMMY__ 7.284056046467009E-4	false	1.0
N910	opposes 1.0	opposes 1.0	opposes 0.7153495114933811 favors 0.28382579340921427 __DUMMY__ 8.246950974046766E-4	false	1.0
N1330	opposes 1.0		favors 0.541262953198772 opposes 0.45010407537198677 __DUMMY__ 0.008632971429241257	true	0.5
N911	favors 1.0	favors 1.0	favors 0.7655629234695668 opposes 0.23375373565649638 __DUMMY__ 6.833408739368047E-4	false	1.0
N1335	opposes 1.0	opposes 1.0	opposes 0.7135749894136914 favors 0.2856416567878178 __DUMMY__ 7.833537984908097E-4	false	1.0
N1336	favors 1.0	favors 1.0	favors 0.7727143958315441 opposes 0.22661914627820165 __DUMMY__ 6.664578902542326E-4	false	1.0
N1333	favors 1.0	favors 1.0	favors 0.7557462296885604 opposes 0.24364666899668772 __DUMMY__ 6.071013147517519E-4	false	1.0
N1334	favors 1.0	favors 1.0	favors 0.7663285910188243 opposes 0.2330838213076145 __DUMMY__ 5.875876735611611E-4	false	1.0
N1339	opposes 1.0	opposes 1.0	opposes 0.6909413762163593 favors 0.3083917892578052 __DUMMY__ 6.668345258355639E-4	false	1.0
N916	favors 1.0	favors 1.0	favors 0.7686467947177187 opposes 0.23068397526993803 __DUMMY__ 6.692300123432889E-4	false	1.0
N917	favors 1.0	favors 1.0	favors 0.7494366050416883 opposes 0.2497953222851567 __DUMMY__ 7.680726731549629E-4	false	1.0
N1337	favors 1.0		favors 0.5332601655178439 opposes 0.4582090171744391 __DUMMY__ 0.008530817307716914	true	1.0
N918	opposes 1.0	opposes 1.0	opposes 0.7101161310828176 favors 0.28924820205368834 __DUMMY__ 6.356668634941103E-4	false	1.0
N1338	opposes 1.0	opposes 1.0	opposes 0.7083214882314297 favors 0.2910572107740593 __DUMMY__ 6.213009945109881E-4	false	1.0
N919	opposes 1.0	opposes 1.0	opposes 0.6940258510463742 favors 0.30529671226271515 __DUMMY__ 6.774366909106093E-4	false	1.0
N940	opposes 1.0	opposes 1.0	opposes 0.7133380989853445 favors 0.28610153184252984 __DUMMY__ 5.60369172125707E-4	false	1.0
N945	favors 1.0	favors 1.0	favors 0.7548180869411024 opposes 0.24458583340913226 __DUMMY__ 5.960796497653634E-4	false	1.0
N946	opposes 1.0		favors 0.5784716242766775 opposes 0.41302810827597103 __DUMMY__ 0.008500267447351544	true	0.5
N947	favors 1.0	favors 1.0	favors 0.7500142476636816 opposes 0.24941547326479385 __DUMMY__ 5.702790715244752E-4	false	1.0
N948	opposes 1.0	opposes 1.0	opposes 0.7172558523318833 favors 0.28202398986482013 __DUMMY__ 7.201578032966662E-4	false	1.0
N941	opposes 1.0	opposes 1.0	opposes 0.7132751008865326 favors 0.2861077307942265 __DUMMY__ 6.171683192409723E-4	false	1.0
N1320	opposes 1.0	opposes 1.0	opposes 0.7131741361571572 favors 0.28625832878824714 __DUMMY__ 5.675350545956173E-4	false	1.0
N1321	favors 1.0	favors 1.0	favors 0.7571097344058161 opposes 0.24226704095931267 __DUMMY__ 6.232246348712758E-4	false	1.0
N942	opposes 1.0	opposes 1.0	opposes 0.7080525221393787 favors 0.2912433201188522 __DUMMY__ 7.041577417690357E-4	false	1.0
N943	favors 1.0	favors 1.0	favors 0.7859442566632289 opposes 0.21331257192650618 __DUMMY__ 7.431714102650459E-4	false	1.0
N944	favors 1.0	favors 1.0	favors 0.7529703317784413 opposes 0.24635411612886005 __DUMMY__ 6.755520926986927E-4	false	1.0
N1324	opposes 1.0	opposes 1.0	opposes 0.7171608837087473 favors 0.2821695346563693 __DUMMY__ 6.695816348834011E-4	false	1.0
N1325	opposes 1.0	opposes 1.0	opposes 0.7119282093563682 favors 0.28746952277240523 __DUMMY__ 6.022678712264889E-4	false	1.0
N1322	favors 1.0	favors 1.0	favors 0.7608051066391972 opposes 0.23849283427642592 __DUMMY__ 7.020590843769311E-4	false	1.0
N1323	favors 1.0	favors 1.0	favors 0.7874449680958703 opposes 0.21182066185276818 __DUMMY__ 7.343700513615192E-4	false	1.0
N1328	opposes 1.0	opposes 1.0	opposes 0.7128252870776656 favors 0.28645360472989545 __DUMMY__ 7.211081924389923E-4	false	1.0
N949	favors 1.0		favors 0.5766647585996257 opposes 0.4149730949683221 __DUMMY__ 0.008362146432052218	true	1.0
N1329	favors 1.0	favors 1.0	favors 0.7763436909819632 opposes 0.22300406710037085 __DUMMY__ 6.522419176659618E-4	false	1.0
N1326	favors 1.0	favors 1.0	favors 0.7777706822277397 opposes 0.2214908996812039 __DUMMY__ 7.384180910564148E-4	false	1.0
N1327	opposes 1.0	opposes 1.0	opposes 0.7188944067818045 favors 0.28051804441657274 __DUMMY__ 5.875488016228137E-4	false	1.0
N934	opposes 1.0	opposes 1.0	opposes 0.7048846659771241 favors 0.2945389762157873 __DUMMY__ 5.763578070886672E-4	false	1.0
N935	opposes 1.0	opposes 1.0	opposes 0.7161175071547436 favors 0.2830832396854509 __DUMMY__ 7.992531598054232E-4	false	1.0
N1790	favors 1.0	favors 1.0	favors 0.7546044005621892 opposes 0.24466146000063277 __DUMMY__ 7.341394371778975E-4	false	1.0
N936	opposes 1.0	opposes 1.0	opposes 0.6987839809310847 favors 0.30055204053289 __DUMMY__ 6.63978536025314E-4	false	1.0
N937	opposes 1.0	opposes 1.0	opposes 0.7169495927477634 favors 0.28226610242276273 __DUMMY__ 7.84304829473936E-4	false	1.0
N930	favors 1.0	favors 1.0	favors 0.7559579962025923 opposes 0.2432048457892519 __DUMMY__ 8.371580081558349E-4	false	1.0
N1793	opposes 1.0	opposes 1.0	opposes 0.7024422531383467 favors 0.29688614409873454 __DUMMY__ 6.716027629187868E-4	false	1.0
N931	opposes 1.0	opposes 1.0	opposes 0.7017863859776193 favors 0.2975546042786054 __DUMMY__ 6.590097437752308E-4	false	1.0
N1310	opposes 1.0	opposes 1.0	opposes 0.7135269978171682 favors 0.28563629055187345 __DUMMY__ 8.367116309582623E-4	false	1.0
N1794	favors 1.0	favors 1.0	favors 0.7617431567805143 opposes 0.23751310718120186 __DUMMY__ 7.437360382838647E-4	false	1.0
N932	favors 1.0	favors 1.0	favors 0.7625110157425278 opposes 0.23675881948257288 __DUMMY__ 7.301647748993283E-4	false	1.0
N1791	favors 1.0	favors 1.0	favors 0.7769111452311859 opposes 0.22242546161081642 __DUMMY__ 6.63393157997709E-4	false	1.0
N1792	favors 1.0	favors 1.0	favors 0.7549535227168986 opposes 0.24420762081593406 __DUMMY__ 8.388564671672076E-4	false	1.0
N933	opposes 1.0	opposes 1.0	opposes 0.7149093830062514 favors 0.2845014806283159 __DUMMY__ 5.891363654328324E-4	false	1.0
N1797	opposes 1.0	opposes 1.0	opposes 0.7188140059940994 favors 0.280391303589067 __DUMMY__ 7.946904168336282E-4	false	1.0
N1313	favors 1.0	favors 1.0	favors 0.7534951870858374 opposes 0.2458977299050872 __DUMMY__ 6.070830090754324E-4	false	1.0
N1314	favors 1.0	favors 1.0	favors 0.7648165770256119 opposes 0.23460150659144205 __DUMMY__ 5.819163829461341E-4	false	1.0
N1798	favors 1.0	favors 1.0	favors 0.7713543951387638 opposes 0.2279688022262006 __DUMMY__ 6.768026350355834E-4	false	1.0
N1311	favors 1.0	favors 1.0	favors 0.767169741958546 opposes 0.23216698611820027 __DUMMY__ 6.63271923253579E-4	false	1.0
N1795	opposes 1.0	opposes 1.0	opposes 0.7144059492261353 favors 0.28498338375447474 __DUMMY__ 6.106670193898473E-4	false	1.0
N1312	opposes 1.0	opposes 1.0	opposes 0.7086973289968909 favors 0.29055485880275767 __DUMMY__ 7.478122003515474E-4	false	1.0
N1796	opposes 1.0	opposes 1.0	opposes 0.7042627141482821 favors 0.2951403016361731 __DUMMY__ 5.969842155447893E-4	false	1.0
N1317	favors 1.0	favors 1.0	favors 0.75020020821888 opposes 0.2490289137353277 __DUMMY__ 7.708780457924283E-4	false	1.0
N938	favors 1.0	favors 1.0	favors 0.7610927140227167 opposes 0.2382867980217618 __DUMMY__ 6.204879555214004E-4	false	1.0
N939	favors 1.0	favors 1.0	favors 0.7774676803812082 opposes 0.22186203257791268 __DUMMY__ 6.70287040879169E-4	false	1.0
N1318	opposes 1.0		favors 0.5444346448828988 opposes 0.4472223898992315 __DUMMY__ 0.008342965217869478	true	0.5
N1315	favors 1.0	favors 1.0	favors 0.7476317350693575 opposes 0.2515709050190568 __DUMMY__ 7.973599115856537E-4	false	1.0
N1799	opposes 1.0		favors 0.5270650529822903 opposes 0.4644214290203014 __DUMMY__ 0.008513517997408328	true	0.5
N1316	favors 1.0	favors 1.0	favors 0.7704818961250098 opposes 0.22884393710314196 __DUMMY__ 6.74166771848135E-4	false	1.0
N1319	favors 1.0	favors 1.0	favors 0.7769790543147599 opposes 0.22233992225300644 __DUMMY__ 6.810234322335521E-4	false	1.0
N960	opposes 1.0	opposes 1.0	opposes 0.7125706462966462 favors 0.2868060887315298 __DUMMY__ 6.232649718238918E-4	false	1.0
N961	opposes 1.0	opposes 1.0	opposes 0.7075198142917027 favors 0.29176974023147917 __DUMMY__ 7.104454768181357E-4	false	1.0
N962	favors 1.0		favors 0.6017318148169766 opposes 0.3897851226019081 __DUMMY__ 0.00848306258111538	true	1.0
N967	opposes 1.0	opposes 1.0	opposes 0.7151470943553594 favors 0.28413416022441135 __DUMMY__ 7.187454202292255E-4	false	1.0
N1382	opposes 1.0	opposes 1.0	opposes 0.7168400908484319 favors 0.2824944529913574 __DUMMY__ 6.654561602106342E-4	false	1.0
N968	favors 1.0	favors 1.0	favors 0.7750716213288926 opposes 0.2242584423502277 __DUMMY__ 6.699363208797909E-4	false	1.0
N1383	opposes 1.0	opposes 1.0	opposes 0.7118579220932102 favors 0.2875529129348412 __DUMMY__ 5.891649719486344E-4	false	1.0
N969	opposes 1.0	opposes 1.0	opposes 0.713905411524666 favors 0.28527443282691045 __DUMMY__ 8.201556484234227E-4	false	1.0
N1380	favors 1.0	favors 1.0	favors 0.7611013969777546 opposes 0.23819903798422004 __DUMMY__ 6.995650380253865E-4	false	1.0
N1381	favors 1.0	favors 1.0	favors 0.7875605223391479 opposes 0.21170337969337075 __DUMMY__ 7.360979674813746E-4	false	1.0
N963	favors 1.0	favors 1.0	favors 0.7519623366507064 opposes 0.24737116274282148 __DUMMY__ 6.665006064720468E-4	false	1.0
N1386	favors 1.0	favors 1.0	favors 0.7553249693611861 opposes 0.24396349126557074 __DUMMY__ 7.115393732430763E-4	false	1.0
N1387	favors 1.0		favors 0.573080861824246 opposes 0.4185679262504442 __DUMMY__ 0.00835121192530971	true	1.0
N964	favors 1.0	favors 1.0	favors 0.7557348789572313 opposes 0.2436554223291981 __DUMMY__ 6.096987135705389E-4	false	1.0
N1384	favors 1.0	favors 1.0	favors 0.7778536882565091 opposes 0.22142002278291176 __DUMMY__ 7.262889605790352E-4	false	1.0
N965	opposes 1.0	opposes 1.0	opposes 0.6880180107212482 favors 0.31123989626748033 __DUMMY__ 7.420930112714774E-4	false	1.0
N966	favors 1.0	favors 1.0	favors 0.7485740580344747 opposes 0.2508556018904932 __DUMMY__ 5.7034007503201E-4	false	1.0
N1385	opposes 1.0	opposes 1.0	opposes 0.7200061995897341 favors 0.27941419274415796 __DUMMY__ 5.796076661079097E-4	false	1.0
N1388	favors 1.0	favors 1.0	favors 0.7576931203364141 opposes 0.24148257032991496 __DUMMY__ 8.243093336708715E-4	false	1.0
N1389	opposes 1.0	opposes 1.0	opposes 0.7010333895327372 favors 0.2983189390594142 __DUMMY__ 6.476714078487061E-4	false	1.0
N950	favors 1.0	favors 1.0	favors 0.7518437314524047 opposes 0.24731892649861914 __DUMMY__ 8.373420489760811E-4	false	1.0
N951	opposes 1.0	opposes 1.0	opposes 0.7015579849668642 favors 0.29776993376560257 __DUMMY__ 6.720812675332544E-4	false	1.0
N956	opposes 1.0	opposes 1.0	opposes 0.7183100208384308 favors 0.2809254036563151 __DUMMY__ 7.645755052542386E-4	false	1.0
N1371	opposes 1.0	opposes 1.0	opposes 0.7163121562551402 favors 0.2830855866419104 __DUMMY__ 6.022571029494492E-4	false	1.0
N1372	favors 1.0	favors 1.0	favors 0.7648285751200566 opposes 0.2345881724818506 __DUMMY__ 5.832523980927772E-4	false	1.0
N957	favors 1.0	favors 1.0	favors 0.7615079556825094 opposes 0.23786392415261706 __DUMMY__ 6.281201648735637E-4	false	1.0
N958	favors 1.0	favors 1.0	favors 0.7780957002018924 opposes 0.22121132817603092 __DUMMY__ 6.929716220766075E-4	false	1.0
N1370	opposes 1.0		favors 0.5417843156459404 opposes 0.4497095952036635 __DUMMY__ 0.00850608915039603	true	0.5
N959	favors 1.0	favors 1.0	favors 0.7566558333859941 opposes 0.24278411203077005 __DUMMY__ 5.600545832359682E-4	false	1.0
N952	favors 1.0	favors 1.0	favors 0.759589335401529 opposes 0.2396544628142291 __DUMMY__ 7.56201784241943E-4	false	1.0
N1375	favors 1.0	favors 1.0	favors 0.7494090371607871 opposes 0.24982770473847352 __DUMMY__ 7.632581007394342E-4	false	1.0
N1376	opposes 1.0	opposes 1.0	opposes 0.709103826127022 favors 0.29027059115485904 __DUMMY__ 6.255827181189594E-4	false	1.0
N953	opposes 1.0	opposes 1.0	opposes 0.7161516496623778 favors 0.2832490460021444 __DUMMY__ 5.993043354778096E-4	false	1.0
N954	opposes 1.0	opposes 1.0	opposes 0.7216719951696887 favors 0.27754006640928275 __DUMMY__ 7.879384210286919E-4	false	1.0
N1373	favors 1.0	favors 1.0	favors 0.7453627696545675 opposes 0.2538440828196962 __DUMMY__ 7.931475257361643E-4	false	1.0
N955	opposes 1.0	opposes 1.0	opposes 0.6971936210504941 favors 0.30211662352066776 __DUMMY__ 6.897554288381989E-4	false	1.0
N1374	favors 1.0	favors 1.0	favors 0.7698616137879105 opposes 0.2294569666708626 __DUMMY__ 6.81419541226872E-4	false	1.0
N1379	favors 1.0	favors 1.0	favors 0.7568889906806919 opposes 0.24248601375845094 __DUMMY__ 6.249955608571278E-4	false	1.0
N1377	opposes 1.0	opposes 1.0	opposes 0.692373693255587 favors 0.30694507036892454 __DUMMY__ 6.812363754884411E-4	false	1.0
N1378	favors 1.0	favors 1.0	favors 0.7562011879944492 opposes 0.24323431445541563 __DUMMY__ 5.644975501352475E-4	false	1.0
N981	opposes 1.0	opposes 1.0	opposes 0.7168913609134477 favors 0.28243087074025836 __DUMMY__ 6.77768346293902E-4	false	1.0
N982	opposes 1.0	opposes 1.0	opposes 0.7113925428797202 favors 0.2880124647541972 __DUMMY__ 5.949923660826249E-4	false	1.0
N983	favors 1.0	favors 1.0	favors 0.7767386668378092 opposes 0.22252576732992568 __DUMMY__ 7.355658322651254E-4	false	1.0
N500	opposes 1.0	opposes 1.0	opposes 0.7065281765488759 favors 0.29288272801991244 __DUMMY__ 5.890954312116634E-4	false	1.0
N984	favors 1.0	favors 1.0	favors 0.7499591226825612 opposes 0.2494539438287254 __DUMMY__ 5.869334887133541E-4	false	1.0
N980	favors 1.0	favors 1.0	favors 0.7607502054280735 opposes 0.23854344576373443 __DUMMY__ 7.063488081920837E-4	false	1.0
N505	favors 1.0		favors 0.5715340289959204 opposes 0.4200805660946904 __DUMMY__ 0.008385404909389138	true	1.0
N989	opposes 1.0	opposes 1.0	opposes 0.7082394662616855 favors 0.2910213381266129 __DUMMY__ 7.391956117015218E-4	false	1.0
N1360	opposes 1.0	opposes 1.0	opposes 0.711635606937139 favors 0.2877434377577256 __DUMMY__ 6.209553051354368E-4	false	1.0
N506	opposes 1.0	opposes 1.0	opposes 0.7136802820466938 favors 0.2857492792441399 __DUMMY__ 5.704387091662195E-4	false	1.0
N1361	favors 1.0	favors 1.0	favors 0.7623393550705158 opposes 0.23695217088948234 __DUMMY__ 7.084740400018007E-4	false	1.0
N507	opposes 1.0	opposes 1.0	opposes 0.7136936893848497 favors 0.28568252922539694 __DUMMY__ 6.23781389753428E-4	false	1.0
N508	opposes 1.0	opposes 1.0	opposes 0.7081995627854796 favors 0.29109980818396525 __DUMMY__ 7.006290305551503E-4	false	1.0
N501	opposes 1.0	opposes 1.0	opposes 0.7152889456161581 favors 0.283936090886025 __DUMMY__ 7.749634978169265E-4	false	1.0
N985	opposes 1.0		favors 0.5321253760061014 opposes 0.4593879386354604 __DUMMY__ 0.008486685358438011	true	0.5
N1364	favors 1.0	favors 1.0	favors 0.7828437397104423 opposes 0.2164364449877821 __DUMMY__ 7.198153017756372E-4	false	1.0
N502	favors 1.0	favors 1.0	favors 0.7693428230867091 opposes 0.22999563227735795 __DUMMY__ 6.615446359330462E-4	false	1.0
N986	opposes 1.0	opposes 1.0	opposes 0.6943424606193727 favors 0.304979755714378 __DUMMY__ 6.777836662493918E-4	false	1.0
N1365	favors 1.0		favors 0.5253027344697325 opposes 0.4665492005229809 __DUMMY__ 0.008148065007286518	true	1.0
N503	opposes 1.0		favors 0.5304778536909898 opposes 0.4609798649544723 __DUMMY__ 0.008542281354537877	true	0.5
N987	opposes 1.0	opposes 1.0	opposes 0.7135402234324615 favors 0.285620449634248 __DUMMY__ 8.393269332905252E-4	false	1.0
N1362	favors 1.0	favors 1.0	favors 0.7945486268755872 opposes 0.2047355584977204 __DUMMY__ 7.158146266923516E-4	false	1.0
N1363	opposes 1.0	opposes 1.0	opposes 0.7164868629081727 favors 0.2828532166536781 __DUMMY__ 6.599204381492952E-4	false	1.0
N504	favors 1.0	favors 1.0	favors 0.7605999098130651 opposes 0.2387778947858633 __DUMMY__ 6.221954010715741E-4	false	1.0
N988	favors 1.0	favors 1.0	favors 0.7661625062260631 opposes 0.23315078405810824 __DUMMY__ 6.867097158287087E-4	false	1.0
N1368	opposes 1.0	opposes 1.0	opposes 0.7152769912795176 favors 0.28388905754011295 __DUMMY__ 8.339511803694001E-4	false	1.0
N1369	favors 1.0	favors 1.0	favors 0.7670349687919851 opposes 0.2322985951183898 __DUMMY__ 6.664360896250969E-4	false	1.0
N1366	opposes 1.0	opposes 1.0	opposes 0.7163088558670186 favors 0.28297571049656856 __DUMMY__ 7.154336364127953E-4	false	1.0
N1367	opposes 1.0	opposes 1.0	opposes 0.6925830358666845 favors 0.306759019766628 __DUMMY__ 6.579443666874989E-4	false	1.0
N509	favors 1.0	favors 1.0	favors 0.7826111950518435 opposes 0.21665468469281945 __DUMMY__ 7.341202553368822E-4	false	1.0
N970	favors 1.0		favors 0.5546981500841374 opposes 0.43688345401703726 __DUMMY__ 0.00841839589882539	true	1.0
N971	opposes 1.0	opposes 1.0	opposes 0.7091960207218686 favors 0.2900697823487233 __DUMMY__ 7.341969294080568E-4	false	1.0
N972	favors 1.0	favors 1.0	favors 0.7534127206480005 opposes 0.24599213486754834 __DUMMY__ 5.951444844512438E-4	false	1.0
N973	favors 1.0	favors 1.0	favors 0.7644912355419956 opposes 0.23491730890507365 __DUMMY__ 5.914555529307294E-4	false	1.0
N978	opposes 1.0	opposes 1.0	opposes 0.6939450836590056 favors 0.3053773595538118 __DUMMY__ 6.775567871825631E-4	false	1.0
N979	favors 1.0	favors 1.0	favors 0.7567841115809237 opposes 0.24264897803689758 __DUMMY__ 5.669103821785899E-4	false	1.0
N1350	opposes 1.0	opposes 1.0	opposes 0.6996550999661988 favors 0.2996793326806065 __DUMMY__ 6.655673531946976E-4	false	1.0
N974	favors 1.0	favors 1.0	favors 0.7498293608103064 opposes 0.24939126607485024 __DUMMY__ 7.793731148434125E-4	false	1.0
N1353	opposes 1.0	opposes 1.0	opposes 0.701925427964895 favors 0.2974997749757611 __DUMMY__ 5.747970593439221E-4	false	1.0
N975	favors 1.0	favors 1.0	favors 0.7696344250682426 opposes 0.22969489078737843 __DUMMY__ 6.706841443789081E-4	false	1.0
N1354	opposes 1.0	opposes 1.0	opposes 0.7195727043012543 favors 0.2796440956732807 __DUMMY__ 7.832000254650503E-4	false	1.0
N976	favors 1.0	favors 1.0	favors 0.7507679997948014 opposes 0.24846447308592368 __DUMMY__ 7.675271192749998E-4	false	1.0
N1351	favors 1.0	favors 1.0	favors 0.7634338917375717 opposes 0.235811672702307 __DUMMY__ 7.544355601212E-4	false	1.0
N977	opposes 1.0	opposes 1.0	opposes 0.7092503102987632 favors 0.29011921225799814 __DUMMY__ 6.304774432387633E-4	false	1.0
N1352	opposes 1.0	opposes 1.0	opposes 0.7144671746965883 favors 0.28492738058976036 __DUMMY__ 6.054447136513832E-4	false	1.0
N1357	favors 1.0	favors 1.0	favors 0.7627058747060678 opposes 0.2366683424608338 __DUMMY__ 6.257828330984231E-4	false	1.0
N1358	favors 1.0	favors 1.0	favors 0.7810175711714962 opposes 0.2183008570134493 __DUMMY__ 6.815718150544348E-4	false	1.0
N1355	favors 1.0	favors 1.0	favors 0.7744285082771636 opposes 0.22489268423178913 __DUMMY__ 6.788074910472558E-4	false	1.0
N1356	opposes 1.0	opposes 1.0	opposes 0.716633593837152 favors 0.28260591326182927 __DUMMY__ 7.604929010187447E-4	false	1.0
N1359	favors 1.0	favors 1.0	favors 0.7575682834925198 opposes 0.2418743924279068 __DUMMY__ 5.573240795735108E-4	false	1.0
N520	favors 1.0	favors 1.0	favors 0.765318982968111 opposes 0.23408986332396375 __DUMMY__ 5.911537079252664E-4	false	1.0
N521	favors 1.0	favors 1.0	favors 0.7539713988336805 opposes 0.24524839481004065 __DUMMY__ 7.802063562787502E-4	false	1.0
N522	favors 1.0	favors 1.0	favors 0.7703803984835185 opposes 0.2289480126874644 __DUMMY__ 6.715888290172137E-4	false	1.0
N527	favors 1.0	favors 1.0	favors 0.7621654711272454 opposes 0.23713096539678816 __DUMMY__ 7.035634759663276E-4	false	1.0
N528	favors 1.0	favors 1.0	favors 0.784856250663109 opposes 0.21439996959211674 __DUMMY__ 7.437797447742669E-4	false	1.0
N529	opposes 1.0	opposes 1.0	opposes 0.7162286548569814 favors 0.2830847497762491 __DUMMY__ 6.865953667695172E-4	false	1.0
N523	favors 1.0	favors 1.0	favors 0.7527724739635959 opposes 0.24644875327248036 __DUMMY__ 7.787727639236785E-4	false	1.0
N524	opposes 1.0		favors 0.5448712974936973 opposes 0.4467838542819759 __DUMMY__ 0.008344848224326818	true	0.5
N525	opposes 1.0	opposes 1.0	opposes 0.693278920667489 favors 0.3060464089685642 __DUMMY__ 6.74670363946719E-4	false	1.0
N526	favors 1.0	favors 1.0	favors 0.7573363438033918 opposes 0.24203633131392793 __DUMMY__ 6.273248826802912E-4	false	1.0
N992	favors 1.0	favors 1.0	favors 0.7491644047298595 opposes 0.2500469727642233 __DUMMY__ 7.886225059172466E-4	false	1.0
N993	favors 1.0	favors 1.0	favors 0.7695555152011707 opposes 0.22977236387786032 __DUMMY__ 6.721209209690368E-4	false	1.0
N510	favors 1.0	favors 1.0	favors 0.7530626332794548 opposes 0.24625828569492236 __DUMMY__ 6.790810256227619E-4	false	1.0
N994	favors 1.0	favors 1.0	favors 0.7513372113344088 opposes 0.24788461561308575 __DUMMY__ 7.781730525054281E-4	false	1.0
N511	favors 1.0	favors 1.0	favors 0.7555957273028178 opposes 0.24379706853586952 __DUMMY__ 6.072041613127294E-4	false	1.0
N995	opposes 1.0	opposes 1.0	opposes 0.7093873363334483 favors 0.289981948406143 __DUMMY__ 6.307152604086844E-4	false	1.0
N990	favors 1.0	favors 1.0	favors 0.7528233562031565 opposes 0.24657055384629106 __DUMMY__ 6.060899505523147E-4	false	1.0
N991	favors 1.0	favors 1.0	favors 0.7645217747462422 opposes 0.2348811280010333 __DUMMY__ 5.970972527245065E-4	false	1.0
N516	opposes 1.0		favors 0.5385626108222685 opposes 0.45279082640000967 __DUMMY__ 0.008646562777722	true	0.5
N517	favors 1.0	favors 1.0	favors 0.7678834232362692 opposes 0.2314549294495981 __DUMMY__ 6.616473141326802E-4	false	1.0
N518	opposes 1.0	opposes 1.0	opposes 0.7065557709590647 favors 0.2927103742458311 __DUMMY__ 7.33854795104206E-4	false	1.0
N519	favors 1.0	favors 1.0	favors 0.7546519399615379 opposes 0.24474197091913286 __DUMMY__ 6.060891193292357E-4	false	1.0
N512	opposes 1.0	opposes 1.0	opposes 0.693090063539365 favors 0.30617394214696736 __DUMMY__ 7.359943136676528E-4	false	1.0
N996	opposes 1.0	opposes 1.0	opposes 0.6937282443659772 favors 0.30559498890106884 __DUMMY__ 6.767667329540256E-4	false	1.0
N997	favors 1.0	favors 1.0	favors 0.7568653304272185 opposes 0.2425006524315426 __DUMMY__ 6.340171412390028E-4	false	1.0
N513	favors 1.0	favors 1.0	favors 0.7507109029266689 opposes 0.24870222337634065 __DUMMY__ 5.868736969904779E-4	false	1.0
N514	opposes 1.0	opposes 1.0	opposes 0.7145034368100559 favors 0.2847692942762954 __DUMMY__ 7.272689136486239E-4	false	1.0
N998	favors 1.0	favors 1.0	favors 0.7607214485874874 opposes 0.23856370003515606 __DUMMY__ 7.148513773565747E-4	false	1.0
N999	opposes 1.0	opposes 1.0	opposes 0.6840457590644308 favors 0.3152061600981883 __DUMMY__ 7.480808373809787E-4	false	1.0
N515	opposes 1.0	opposes 1.0	opposes 0.6952858331239015 favors 0.3040544816757289 __DUMMY__ 6.596852003696754E-4	false	1.0
N541	favors 1.0	favors 1.0	favors 0.77210999331402 opposes 0.22723258566778148 __DUMMY__ 6.574210181985686E-4	false	1.0
N542	opposes 1.0		favors 0.5299603486305863 opposes 0.461503761503293 __DUMMY__ 0.008535889866120841	true	0.5
N543	favors 1.0	favors 1.0	favors 0.7620453892023408 opposes 0.23733739297617817 __DUMMY__ 6.172178214810441E-4	false	1.0
N544	favors 1.0	favors 1.0	favors 0.7784314517249029 opposes 0.22090279290540116 __DUMMY__ 6.657553696959121E-4	false	1.0
N540	opposes 1.0	opposes 1.0	opposes 0.713670378521607 favors 0.28554856347744295 __DUMMY__ 7.810580009501436E-4	false	1.0
N549	favors 1.0	favors 1.0	favors 0.7536598490721231 opposes 0.24565628944123802 __DUMMY__ 6.838614866388955E-4	false	1.0
N545	favors 1.0	favors 1.0	favors 0.7579607883960557 opposes 0.24147584689038126 __DUMMY__ 5.633647135631228E-4	false	1.0
N546	opposes 1.0	opposes 1.0	opposes 0.7122953885084184 favors 0.2870827675950508 __DUMMY__ 6.218438965307603E-4	false	1.0
N547	opposes 1.0	opposes 1.0	opposes 0.7067992834289964 favors 0.29249337952896753 __DUMMY__ 7.073370420361118E-4	false	1.0
N548	favors 1.0	favors 1.0	favors 0.7872772016078897 opposes 0.21198187319987866 __DUMMY__ 7.409251922316629E-4	false	1.0
N530	opposes 1.0	opposes 1.0	opposes 0.7120636773236976 favors 0.28732277188842903 __DUMMY__ 6.135507878734285E-4	false	1.0
N531	opposes 1.0	opposes 1.0	opposes 0.691426715762913 favors 0.3078274093987358 __DUMMY__ 7.458748383512595E-4	false	1.0
N532	opposes 1.0	opposes 1.0	opposes 0.7184272402752334 favors 0.28098246915840375 __DUMMY__ 5.902905663628122E-4	false	1.0
N533	favors 1.0	favors 1.0	favors 0.7540461257551007 opposes 0.24523119315838976 __DUMMY__ 7.226810865094774E-4	false	1.0
N1390	favors 1.0	favors 1.0	favors 0.7650735173040993 opposes 0.23420824643910676 __DUMMY__ 7.182362567939076E-4	false	1.0
N1393	opposes 1.0		favors 0.5331147032599202 opposes 0.4583344491335677 __DUMMY__ 0.008550847606512152	true	0.5
N538	opposes 1.0	opposes 1.0	opposes 0.7135964888066357 favors 0.2858086681261148 __DUMMY__ 5.948430672495064E-4	false	1.0
N539	opposes 1.0	opposes 1.0	opposes 0.7036937645912965 favors 0.29572649131231044 __DUMMY__ 5.797440963931053E-4	false	1.0
